"","DIM","funcId","ID","runtime","run","f(x)","instance","dim"
"1",5,1,"conf_358",250,1,3.6788379419,1,5
"2",5,1,"conf_358",500,1,2.6116942458,1,5
"3",5,1,"conf_358",1500,1,0.2077282018,1,5
"4",5,1,"conf_358",2500,1,0.0685991743,1,5
"5",5,1,"conf_358",5000,1,0.0004344047,1,5
"6",5,1,"conf_358",7500,1,1.8204e-06,1,5
"7",5,1,"conf_358",250,2,2.4605709204,1,5
"8",5,1,"conf_358",500,2,2.3719868852,1,5
"9",5,1,"conf_358",1500,2,0.0988708982,1,5
"10",5,1,"conf_358",2500,2,0.0460840509,1,5
"11",5,1,"conf_358",5000,2,0.0002338099,1,5
"12",5,1,"conf_358",7500,2,2.618e-06,1,5
"13",5,1,"conf_358",250,3,4.0907292297,1,5
"14",5,1,"conf_358",500,3,4.0907292297,1,5
"15",5,1,"conf_358",1500,3,0.3358786759,1,5
"16",5,1,"conf_358",2500,3,0.113872217,1,5
"17",5,1,"conf_358",5000,3,0.0015111095,1,5
"18",5,1,"conf_358",7500,3,9.7264e-06,1,5
"19",5,1,"conf_358",250,4,3.0481710668,1,5
"20",5,1,"conf_358",500,4,2.8382566961,1,5
"21",5,1,"conf_358",1500,4,0.4328529449,1,5
"22",5,1,"conf_358",2500,4,0.0844513402,1,5
"23",5,1,"conf_358",5000,4,0.0008103727,1,5
"24",5,1,"conf_358",7500,4,1.5599e-06,1,5
"25",5,1,"conf_358",250,5,4.8050131351,1,5
"26",5,1,"conf_358",500,5,3.0692383937,1,5
"27",5,1,"conf_358",1500,5,0.2261051949,1,5
"28",5,1,"conf_358",2500,5,0.0796972804,1,5
"29",5,1,"conf_358",5000,5,0.0005989319,1,5
"30",5,1,"conf_358",7500,5,6.309e-06,1,5
"31",5,1,"conf_358",250,6,8.7936373562,1,5
"32",5,1,"conf_358",500,6,4.3620531431,1,5
"33",5,1,"conf_358",1500,6,0.2524941036,1,5
"34",5,1,"conf_358",2500,6,0.109592898,1,5
"35",5,1,"conf_358",5000,6,0.0008387313,1,5
"36",5,1,"conf_358",7500,6,8.4657e-06,1,5
"37",5,1,"conf_358",250,7,9.4572162951,1,5
"38",5,1,"conf_358",500,7,3.3660432388,1,5
"39",5,1,"conf_358",1500,7,0.4837308142,1,5
"40",5,1,"conf_358",2500,7,0.0710295195,1,5
"41",5,1,"conf_358",5000,7,0.0008800993,1,5
"42",5,1,"conf_358",7500,7,5.1876e-06,1,5
"43",5,1,"conf_358",250,8,4.1865010904,1,5
"44",5,1,"conf_358",500,8,2.6323096228,1,5
"45",5,1,"conf_358",1500,8,0.2962215865,1,5
"46",5,1,"conf_358",2500,8,0.071562188,1,5
"47",5,1,"conf_358",5000,8,0.0007826359,1,5
"48",5,1,"conf_358",7500,8,5.6602e-06,1,5
"49",5,1,"conf_358",250,9,5.8875960732,1,5
"50",5,1,"conf_358",500,9,4.5952534437,1,5
"51",5,1,"conf_358",1500,9,0.210075542,1,5
"52",5,1,"conf_358",2500,9,0.0354875024,1,5
"53",5,1,"conf_358",5000,9,0.0005846187,1,5
"54",5,1,"conf_358",7500,9,1.9862e-06,1,5
"55",5,1,"conf_358",250,10,4.9935384025,1,5
"56",5,1,"conf_358",500,10,2.2845754337,1,5
"57",5,1,"conf_358",1500,10,0.4404215067,1,5
"58",5,1,"conf_358",2500,10,0.0599948884,1,5
"59",5,1,"conf_358",5000,10,0.0007085737,1,5
"60",5,1,"conf_358",7500,10,1.2889e-06,1,5
"61",5,1,"conf_358",250,11,2.18869173,1,5
"62",5,1,"conf_358",500,11,0.6087896867,1,5
"63",5,1,"conf_358",1500,11,0.1528541456,1,5
"64",5,1,"conf_358",2500,11,0.0267777086,1,5
"65",5,1,"conf_358",5000,11,0.000309617,1,5
"66",5,1,"conf_358",7500,11,1.3089e-06,1,5
"67",5,1,"conf_358",250,12,1.5990689277,1,5
"68",5,1,"conf_358",500,12,1.5990689277,1,5
"69",5,1,"conf_358",1500,12,0.1177903632,1,5
"70",5,1,"conf_358",2500,12,0.0463178797,1,5
"71",5,1,"conf_358",5000,12,0.0004393031,1,5
"72",5,1,"conf_358",7500,12,2.9193e-06,1,5
"73",5,1,"conf_358",250,13,1.896868896,1,5
"74",5,1,"conf_358",500,13,1.7183425258,1,5
"75",5,1,"conf_358",1500,13,0.3843134719,1,5
"76",5,1,"conf_358",2500,13,0.0654135353,1,5
"77",5,1,"conf_358",5000,13,0.0004394494,1,5
"78",5,1,"conf_358",7500,13,6.628e-06,1,5
"79",5,1,"conf_358",250,14,3.6067406109,1,5
"80",5,1,"conf_358",500,14,2.6814157045,1,5
"81",5,1,"conf_358",1500,14,0.264034865,1,5
"82",5,1,"conf_358",2500,14,0.0132737045,1,5
"83",5,1,"conf_358",5000,14,0.000159494,1,5
"84",5,1,"conf_358",7500,14,5.57e-07,1,5
"85",5,1,"conf_358",250,15,4.5762590137,1,5
"86",5,1,"conf_358",500,15,3.5452924017,1,5
"87",5,1,"conf_358",1500,15,0.4041698993,1,5
"88",5,1,"conf_358",2500,15,0.0647096478,1,5
"89",5,1,"conf_358",5000,15,0.0009110388,1,5
"90",5,1,"conf_358",7500,15,1.80457e-05,1,5
"91",5,1,"conf_358",250,16,0.6341633038,1,5
"92",5,1,"conf_358",500,16,0.6341633038,1,5
"93",5,1,"conf_358",1500,16,0.6334591274,1,5
"94",5,1,"conf_358",2500,16,0.0674426096,1,5
"95",5,1,"conf_358",5000,16,0.0003499385,1,5
"96",5,1,"conf_358",7500,16,3.5151e-06,1,5
"97",5,1,"conf_358",250,17,2.5116344529,1,5
"98",5,1,"conf_358",500,17,1.6966436139,1,5
"99",5,1,"conf_358",1500,17,0.2127267472,1,5
"100",5,1,"conf_358",2500,17,0.0465674292,1,5
"101",5,1,"conf_358",5000,17,0.0005850646,1,5
"102",5,1,"conf_358",7500,17,3.0387e-06,1,5
"103",5,1,"conf_358",250,18,3.0206908594,1,5
"104",5,1,"conf_358",500,18,2.8957509913,1,5
"105",5,1,"conf_358",1500,18,0.3870953919,1,5
"106",5,1,"conf_358",2500,18,0.0751481891,1,5
"107",5,1,"conf_358",5000,18,0.0015999872,1,5
"108",5,1,"conf_358",7500,18,1.6212e-06,1,5
"109",5,1,"conf_358",250,19,4.5327362211,1,5
"110",5,1,"conf_358",500,19,1.1454778264,1,5
"111",5,1,"conf_358",1500,19,0.2078168597,1,5
"112",5,1,"conf_358",2500,19,0.0492255965,1,5
"113",5,1,"conf_358",5000,19,0.0003868978,1,5
"114",5,1,"conf_358",7500,19,1.8286e-06,1,5
"115",5,1,"conf_358",250,20,8.1545366294,1,5
"116",5,1,"conf_358",500,20,3.5718185512,1,5
"117",5,1,"conf_358",1500,20,0.4076731837,1,5
"118",5,1,"conf_358",2500,20,0.064052694,1,5
"119",5,1,"conf_358",5000,20,0.0005192222,1,5
"120",5,1,"conf_358",7500,20,2.6919e-06,1,5
"121",5,1,"conf_358",250,21,1.6192298244,1,5
"122",5,1,"conf_358",500,21,1.6192298244,1,5
"123",5,1,"conf_358",1500,21,0.0534329039,1,5
"124",5,1,"conf_358",2500,21,0.0344829671,1,5
"125",5,1,"conf_358",5000,21,0.0003722888,1,5
"126",5,1,"conf_358",7500,21,9.989e-07,1,5
"127",5,1,"conf_358",250,22,1.6256791659,1,5
"128",5,1,"conf_358",500,22,1.6256791659,1,5
"129",5,1,"conf_358",1500,22,0.4921984836,1,5
"130",5,1,"conf_358",2500,22,0.102723784,1,5
"131",5,1,"conf_358",5000,22,0.0003813626,1,5
"132",5,1,"conf_358",7500,22,2.1529e-06,1,5
"133",5,1,"conf_358",250,23,2.5286880155,1,5
"134",5,1,"conf_358",500,23,2.5286880155,1,5
"135",5,1,"conf_358",1500,23,0.9137201472,1,5
"136",5,1,"conf_358",2500,23,0.0131235114,1,5
"137",5,1,"conf_358",5000,23,0.0009062201,1,5
"138",5,1,"conf_358",7500,23,3.1783e-06,1,5
"139",5,1,"conf_358",250,24,3.312105426,1,5
"140",5,1,"conf_358",500,24,3.312105426,1,5
"141",5,1,"conf_358",1500,24,0.6356170285,1,5
"142",5,1,"conf_358",2500,24,0.157916237,1,5
"143",5,1,"conf_358",5000,24,0.0011235951,1,5
"144",5,1,"conf_358",7500,24,1.33972e-05,1,5
"145",5,1,"conf_358",250,25,1.1329673763,1,5
"146",5,1,"conf_358",500,25,1.1329673763,1,5
"147",5,1,"conf_358",1500,25,0.5164883086,1,5
"148",5,1,"conf_358",2500,25,0.0917049515,1,5
"149",5,1,"conf_358",5000,25,0.0005405252,1,5
"150",5,1,"conf_358",7500,25,1.4341e-06,1,5
"151",5,1,"conf_358",250,26,5.38617992,1,5
"152",5,1,"conf_358",500,26,5.38617992,1,5
"153",5,1,"conf_358",1500,26,0.0620324742,1,5
"154",5,1,"conf_358",2500,26,0.0278862958,1,5
"155",5,1,"conf_358",5000,26,0.0004276033,1,5
"156",5,1,"conf_358",7500,26,2.6263e-06,1,5
"157",5,1,"conf_358",250,27,7.3165816406,1,5
"158",5,1,"conf_358",500,27,4.4251596467,1,5
"159",5,1,"conf_358",1500,27,0.3189214845,1,5
"160",5,1,"conf_358",2500,27,0.0968284721,1,5
"161",5,1,"conf_358",5000,27,0.0006678024,1,5
"162",5,1,"conf_358",7500,27,4.1405e-06,1,5
"163",5,1,"conf_358",250,28,9.6825326946,1,5
"164",5,1,"conf_358",500,28,1.2888099862,1,5
"165",5,1,"conf_358",1500,28,0.0773878707,1,5
"166",5,1,"conf_358",2500,28,0.0213617062,1,5
"167",5,1,"conf_358",5000,28,0.0005719174,1,5
"168",5,1,"conf_358",7500,28,2.4024e-06,1,5
"169",5,1,"conf_358",250,29,4.5997007583,1,5
"170",5,1,"conf_358",500,29,2.3995618594,1,5
"171",5,1,"conf_358",1500,29,0.1774440662,1,5
"172",5,1,"conf_358",2500,29,0.0478920304,1,5
"173",5,1,"conf_358",5000,29,0.0001453139,1,5
"174",5,1,"conf_358",7500,29,2.2885e-06,1,5
"175",5,1,"conf_358",250,30,1.6961782969,1,5
"176",5,1,"conf_358",500,30,1.2944040847,1,5
"177",5,1,"conf_358",1500,30,0.2420370143,1,5
"178",5,1,"conf_358",2500,30,0.015688256,1,5
"179",5,1,"conf_358",5000,30,0.0002399222,1,5
"180",5,1,"conf_358",7500,30,4.2286e-06,1,5
"181",5,1,"conf_358",250,31,2.8366983449,1,5
"182",5,1,"conf_358",500,31,2.8366983449,1,5
"183",5,1,"conf_358",1500,31,0.126047382,1,5
"184",5,1,"conf_358",2500,31,0.0285145041,1,5
"185",5,1,"conf_358",5000,31,0.0002520387,1,5
"186",5,1,"conf_358",7500,31,2.0481e-06,1,5
"187",5,1,"conf_358",250,32,3.3775202388,1,5
"188",5,1,"conf_358",500,32,3.3775202388,1,5
"189",5,1,"conf_358",1500,32,0.4367763965,1,5
"190",5,1,"conf_358",2500,32,0.0282100812,1,5
"191",5,1,"conf_358",5000,32,0.0003855196,1,5
"192",5,1,"conf_358",7500,32,4.9505e-06,1,5
"193",5,1,"conf_358",250,33,5.1101360502,1,5
"194",5,1,"conf_358",500,33,1.3286180795,1,5
"195",5,1,"conf_358",1500,33,0.2250643324,1,5
"196",5,1,"conf_358",2500,33,0.0254371145,1,5
"197",5,1,"conf_358",5000,33,0.0001963543,1,5
"198",5,1,"conf_358",7500,33,3.4643e-06,1,5
"199",5,1,"conf_358",250,34,4.9039306437,1,5
"200",5,1,"conf_358",500,34,2.5594330837,1,5
"201",5,1,"conf_358",1500,34,0.1543254463,1,5
"202",5,1,"conf_358",2500,34,0.0813534714,1,5
"203",5,1,"conf_358",5000,34,0.0001312896,1,5
"204",5,1,"conf_358",7500,34,1.8214e-06,1,5
"205",5,1,"conf_358",250,35,1.9552806788,1,5
"206",5,1,"conf_358",500,35,1.5554820959,1,5
"207",5,1,"conf_358",1500,35,0.3378387362,1,5
"208",5,1,"conf_358",2500,35,0.1069046369,1,5
"209",5,1,"conf_358",5000,35,0.0010335048,1,5
"210",5,1,"conf_358",7500,35,5.8263e-06,1,5
"211",5,1,"conf_358",250,36,6.990379825,1,5
"212",5,1,"conf_358",500,36,4.252356153,1,5
"213",5,1,"conf_358",1500,36,0.6709862789,1,5
"214",5,1,"conf_358",2500,36,0.0593819584,1,5
"215",5,1,"conf_358",5000,36,0.0004150511,1,5
"216",5,1,"conf_358",7500,36,4.3289e-06,1,5
"217",5,1,"conf_358",250,37,2.3126449733,1,5
"218",5,1,"conf_358",500,37,2.3126449733,1,5
"219",5,1,"conf_358",1500,37,0.3275246846,1,5
"220",5,1,"conf_358",2500,37,0.0856059365,1,5
"221",5,1,"conf_358",5000,37,0.0009481877,1,5
"222",5,1,"conf_358",7500,37,7.9325e-06,1,5
"223",5,1,"conf_358",250,38,5.8140155352,1,5
"224",5,1,"conf_358",500,38,3.382537059,1,5
"225",5,1,"conf_358",1500,38,0.2986995847,1,5
"226",5,1,"conf_358",2500,38,0.0182754052,1,5
"227",5,1,"conf_358",5000,38,0.0004566579,1,5
"228",5,1,"conf_358",7500,38,6.0294e-06,1,5
"229",5,1,"conf_358",250,39,2.5654717809,1,5
"230",5,1,"conf_358",500,39,2.5654717809,1,5
"231",5,1,"conf_358",1500,39,0.1972904614,1,5
"232",5,1,"conf_358",2500,39,0.0524361694,1,5
"233",5,1,"conf_358",5000,39,0.0001927315,1,5
"234",5,1,"conf_358",7500,39,5.7739e-06,1,5
"235",5,1,"conf_358",250,40,4.7744191463,1,5
"236",5,1,"conf_358",500,40,1.0605209707,1,5
"237",5,1,"conf_358",1500,40,0.2766653697,1,5
"238",5,1,"conf_358",2500,40,0.0902049441,1,5
"239",5,1,"conf_358",5000,40,0.0005674449,1,5
"240",5,1,"conf_358",7500,40,1.2784e-06,1,5
"241",5,1,"conf_358",250,41,2.8770425847,1,5
"242",5,1,"conf_358",500,41,2.8770425847,1,5
"243",5,1,"conf_358",1500,41,0.5554043108,1,5
"244",5,1,"conf_358",2500,41,0.0623302952,1,5
"245",5,1,"conf_358",5000,41,0.0004283004,1,5
"246",5,1,"conf_358",7500,41,2.81e-06,1,5
"247",5,1,"conf_358",250,42,4.0385552589,1,5
"248",5,1,"conf_358",500,42,2.7658235613,1,5
"249",5,1,"conf_358",1500,42,0.2142125113,1,5
"250",5,1,"conf_358",2500,42,0.0204027811,1,5
"251",5,1,"conf_358",5000,42,0.0003699091,1,5
"252",5,1,"conf_358",7500,42,4.106e-07,1,5
"253",5,1,"conf_358",250,43,3.5555481997,1,5
"254",5,1,"conf_358",500,43,1.8094978557,1,5
"255",5,1,"conf_358",1500,43,0.4919890287,1,5
"256",5,1,"conf_358",2500,43,0.0609395842,1,5
"257",5,1,"conf_358",5000,43,0.0010592579,1,5
"258",5,1,"conf_358",7500,43,6.2697e-06,1,5
"259",5,1,"conf_358",250,44,6.098919558,1,5
"260",5,1,"conf_358",500,44,4.8735453352,1,5
"261",5,1,"conf_358",1500,44,0.2766636955,1,5
"262",5,1,"conf_358",2500,44,0.0989548205,1,5
"263",5,1,"conf_358",5000,44,0.0006535743,1,5
"264",5,1,"conf_358",7500,44,4.5767e-06,1,5
"265",5,1,"conf_358",250,45,4.2210316488,1,5
"266",5,1,"conf_358",500,45,2.6626866562,1,5
"267",5,1,"conf_358",1500,45,0.2206357724,1,5
"268",5,1,"conf_358",2500,45,0.0402471797,1,5
"269",5,1,"conf_358",5000,45,0.0006510943,1,5
"270",5,1,"conf_358",7500,45,5.2975e-06,1,5
"271",5,1,"conf_358",250,46,1.6119010647,1,5
"272",5,1,"conf_358",500,46,1.6119010647,1,5
"273",5,1,"conf_358",1500,46,0.1201881304,1,5
"274",5,1,"conf_358",2500,46,0.0399332907,1,5
"275",5,1,"conf_358",5000,46,0.000389188,1,5
"276",5,1,"conf_358",7500,46,3.9125e-06,1,5
"277",5,1,"conf_358",250,47,4.1400503811,1,5
"278",5,1,"conf_358",500,47,4.1400503811,1,5
"279",5,1,"conf_358",1500,47,0.3467746672,1,5
"280",5,1,"conf_358",2500,47,0.0630484201,1,5
"281",5,1,"conf_358",5000,47,0.0005337,1,5
"282",5,1,"conf_358",7500,47,8.0564e-06,1,5
"283",5,1,"conf_358",250,48,7.6162962678,1,5
"284",5,1,"conf_358",500,48,2.457058807,1,5
"285",5,1,"conf_358",1500,48,0.6205405202,1,5
"286",5,1,"conf_358",2500,48,0.0866806393,1,5
"287",5,1,"conf_358",5000,48,0.000240774,1,5
"288",5,1,"conf_358",7500,48,5.4143e-06,1,5
"289",5,1,"conf_358",250,49,0.2442474787,1,5
"290",5,1,"conf_358",500,49,0.2442474787,1,5
"291",5,1,"conf_358",1500,49,0.2274012684,1,5
"292",5,1,"conf_358",2500,49,0.0562645727,1,5
"293",5,1,"conf_358",5000,49,0.0015043354,1,5
"294",5,1,"conf_358",7500,49,9.0821e-06,1,5
"295",5,1,"conf_358",250,50,5.3958146254,1,5
"296",5,1,"conf_358",500,50,3.4535754389,1,5
"297",5,1,"conf_358",1500,50,0.2298165365,1,5
"298",5,1,"conf_358",2500,50,0.0396940728,1,5
"299",5,1,"conf_358",5000,50,0.0003005316,1,5
"300",5,1,"conf_358",7500,50,1.0574e-06,1,5
"301",5,1,"conf_358",250,51,4.3806937212,2,5
"302",5,1,"conf_358",500,51,2.4443866478,2,5
"303",5,1,"conf_358",1500,51,0.331580379,2,5
"304",5,1,"conf_358",2500,51,0.0549612612,2,5
"305",5,1,"conf_358",5000,51,0.0005101193,2,5
"306",5,1,"conf_358",7500,51,2.7671e-06,2,5
"307",5,1,"conf_358",250,52,4.9615632346,2,5
"308",5,1,"conf_358",500,52,2.7531430151,2,5
"309",5,1,"conf_358",1500,52,0.1622020139,2,5
"310",5,1,"conf_358",2500,52,0.0197592071,2,5
"311",5,1,"conf_358",5000,52,0.0001761842,2,5
"312",5,1,"conf_358",7500,52,1.6173e-06,2,5
"313",5,1,"conf_358",250,53,3.262688679,2,5
"314",5,1,"conf_358",500,53,2.6205854049,2,5
"315",5,1,"conf_358",1500,53,0.2784638171,2,5
"316",5,1,"conf_358",2500,53,0.0243704831,2,5
"317",5,1,"conf_358",5000,53,0.0004895019,2,5
"318",5,1,"conf_358",7500,53,1.4158e-06,2,5
"319",5,1,"conf_358",250,54,2.3106496507,2,5
"320",5,1,"conf_358",500,54,2.105078183,2,5
"321",5,1,"conf_358",1500,54,0.1089320849,2,5
"322",5,1,"conf_358",2500,54,0.0402927135,2,5
"323",5,1,"conf_358",5000,54,0.0006728497,2,5
"324",5,1,"conf_358",7500,54,5.455e-07,2,5
"325",5,1,"conf_358",250,55,5.5531211916,2,5
"326",5,1,"conf_358",500,55,1.7206968755,2,5
"327",5,1,"conf_358",1500,55,0.1270666894,2,5
"328",5,1,"conf_358",2500,55,0.0569399584,2,5
"329",5,1,"conf_358",5000,55,0.0002823062,2,5
"330",5,1,"conf_358",7500,55,1.2861e-06,2,5
"331",5,1,"conf_358",250,56,6.2612450355,2,5
"332",5,1,"conf_358",500,56,3.2979034859,2,5
"333",5,1,"conf_358",1500,56,0.3315112077,2,5
"334",5,1,"conf_358",2500,56,0.0382151381,2,5
"335",5,1,"conf_358",5000,56,0.0005867347,2,5
"336",5,1,"conf_358",7500,56,3.6797e-06,2,5
"337",5,1,"conf_358",250,57,2.3262802527,2,5
"338",5,1,"conf_358",500,57,2.3262802527,2,5
"339",5,1,"conf_358",1500,57,0.3611859646,2,5
"340",5,1,"conf_358",2500,57,0.0310135731,2,5
"341",5,1,"conf_358",5000,57,0.0005458702,2,5
"342",5,1,"conf_358",7500,57,7.233e-07,2,5
"343",5,1,"conf_358",250,58,3.1283660158,2,5
"344",5,1,"conf_358",500,58,1.5988605016,2,5
"345",5,1,"conf_358",1500,58,0.1371891043,2,5
"346",5,1,"conf_358",2500,58,0.0412140611,2,5
"347",5,1,"conf_358",5000,58,0.0010214551,2,5
"348",5,1,"conf_358",7500,58,1.2302e-06,2,5
"349",5,1,"conf_358",250,59,3.2846777271,2,5
"350",5,1,"conf_358",500,59,2.2403778569,2,5
"351",5,1,"conf_358",1500,59,0.1031439759,2,5
"352",5,1,"conf_358",2500,59,0.0230718507,2,5
"353",5,1,"conf_358",5000,59,0.0002611713,2,5
"354",5,1,"conf_358",7500,59,1.3086e-06,2,5
"355",5,1,"conf_358",250,60,3.2775780577,2,5
"356",5,1,"conf_358",500,60,2.1162933703,2,5
"357",5,1,"conf_358",1500,60,0.2011314787,2,5
"358",5,1,"conf_358",2500,60,0.0395432723,2,5
"359",5,1,"conf_358",5000,60,0.0002412165,2,5
"360",5,1,"conf_358",7500,60,1.3772e-06,2,5
"361",5,1,"conf_358",250,61,2.5322401114,2,5
"362",5,1,"conf_358",500,61,1.8617667666,2,5
"363",5,1,"conf_358",1500,61,0.1888203555,2,5
"364",5,1,"conf_358",2500,61,0.0411350982,2,5
"365",5,1,"conf_358",5000,61,0.0005991121,2,5
"366",5,1,"conf_358",7500,61,2.7913e-06,2,5
"367",5,1,"conf_358",250,62,2.5230633248,2,5
"368",5,1,"conf_358",500,62,1.9951823672,2,5
"369",5,1,"conf_358",1500,62,0.2657813802,2,5
"370",5,1,"conf_358",2500,62,0.0285142663,2,5
"371",5,1,"conf_358",5000,62,0.0001854115,2,5
"372",5,1,"conf_358",7500,62,1.8991e-06,2,5
"373",5,1,"conf_358",250,63,7.2268288438,2,5
"374",5,1,"conf_358",500,63,2.8012567587,2,5
"375",5,1,"conf_358",1500,63,0.1402515112,2,5
"376",5,1,"conf_358",2500,63,0.0260743341,2,5
"377",5,1,"conf_358",5000,63,0.0004059572,2,5
"378",5,1,"conf_358",7500,63,4.1004e-06,2,5
"379",5,1,"conf_358",250,64,6.3930505086,2,5
"380",5,1,"conf_358",500,64,1.5505735291,2,5
"381",5,1,"conf_358",1500,64,0.5553096298,2,5
"382",5,1,"conf_358",2500,64,0.0140707578,2,5
"383",5,1,"conf_358",5000,64,0.0005293149,2,5
"384",5,1,"conf_358",7500,64,1.3547e-06,2,5
"385",5,1,"conf_358",250,65,1.6810521602,2,5
"386",5,1,"conf_358",500,65,1.1973449281,2,5
"387",5,1,"conf_358",1500,65,0.2616562634,2,5
"388",5,1,"conf_358",2500,65,0.0386096157,2,5
"389",5,1,"conf_358",5000,65,0.0005254296,2,5
"390",5,1,"conf_358",7500,65,2.4042e-06,2,5
"391",5,1,"conf_358",250,66,4.795634178,2,5
"392",5,1,"conf_358",500,66,3.8415674265,2,5
"393",5,1,"conf_358",1500,66,0.2797393308,2,5
"394",5,1,"conf_358",2500,66,0.0656507512,2,5
"395",5,1,"conf_358",5000,66,0.0004855337,2,5
"396",5,1,"conf_358",7500,66,2.9763e-06,2,5
"397",5,1,"conf_358",250,67,6.4747836868,2,5
"398",5,1,"conf_358",500,67,0.6175394973,2,5
"399",5,1,"conf_358",1500,67,0.1324417925,2,5
"400",5,1,"conf_358",2500,67,0.0450409897,2,5
"401",5,1,"conf_358",5000,67,0.0002297548,2,5
"402",5,1,"conf_358",7500,67,2.1432e-06,2,5
"403",5,1,"conf_358",250,68,3.620947607,2,5
"404",5,1,"conf_358",500,68,2.8647202036,2,5
"405",5,1,"conf_358",1500,68,0.2095262781,2,5
"406",5,1,"conf_358",2500,68,0.0388781292,2,5
"407",5,1,"conf_358",5000,68,0.0001598816,2,5
"408",5,1,"conf_358",7500,68,1.9438e-06,2,5
"409",5,1,"conf_358",250,69,4.9448053955,2,5
"410",5,1,"conf_358",500,69,2.3731614321,2,5
"411",5,1,"conf_358",1500,69,0.606681305,2,5
"412",5,1,"conf_358",2500,69,0.0308907345,2,5
"413",5,1,"conf_358",5000,69,0.0004304883,2,5
"414",5,1,"conf_358",7500,69,1.3371e-06,2,5
"415",5,1,"conf_358",250,70,4.106379254,2,5
"416",5,1,"conf_358",500,70,1.5997536828,2,5
"417",5,1,"conf_358",1500,70,0.1602881761,2,5
"418",5,1,"conf_358",2500,70,0.0144874953,2,5
"419",5,1,"conf_358",5000,70,0.0005054455,2,5
"420",5,1,"conf_358",7500,70,1.759e-06,2,5
"421",5,1,"conf_358",250,71,3.6706464673,2,5
"422",5,1,"conf_358",500,71,2.1824759736,2,5
"423",5,1,"conf_358",1500,71,0.2316155223,2,5
"424",5,1,"conf_358",2500,71,0.0196321773,2,5
"425",5,1,"conf_358",5000,71,0.0002200176,2,5
"426",5,1,"conf_358",7500,71,1.2123e-06,2,5
"427",5,1,"conf_358",250,72,6.1089873965,2,5
"428",5,1,"conf_358",500,72,1.7355527236,2,5
"429",5,1,"conf_358",1500,72,0.1520098979,2,5
"430",5,1,"conf_358",2500,72,0.025833695,2,5
"431",5,1,"conf_358",5000,72,0.0005553395,2,5
"432",5,1,"conf_358",7500,72,1.7396e-06,2,5
"433",5,1,"conf_358",250,73,4.7724521744,2,5
"434",5,1,"conf_358",500,73,0.726713787,2,5
"435",5,1,"conf_358",1500,73,0.1658854324,2,5
"436",5,1,"conf_358",2500,73,0.0165688142,2,5
"437",5,1,"conf_358",5000,73,0.0003573064,2,5
"438",5,1,"conf_358",7500,73,5.1503e-06,2,5
"439",5,1,"conf_358",250,74,2.9866856001,2,5
"440",5,1,"conf_358",500,74,2.6545188691,2,5
"441",5,1,"conf_358",1500,74,0.1980051565,2,5
"442",5,1,"conf_358",2500,74,0.0566058329,2,5
"443",5,1,"conf_358",5000,74,0.0002900563,2,5
"444",5,1,"conf_358",7500,74,5.821e-07,2,5
"445",5,1,"conf_358",250,75,1.4585573248,2,5
"446",5,1,"conf_358",500,75,1.4585573248,2,5
"447",5,1,"conf_358",1500,75,0.1703579419,2,5
"448",5,1,"conf_358",2500,75,0.0447904566,2,5
"449",5,1,"conf_358",5000,75,0.0004666358,2,5
"450",5,1,"conf_358",7500,75,1.5238e-06,2,5
"451",5,1,"conf_358",250,76,2.3468808923,2,5
"452",5,1,"conf_358",500,76,2.3468808923,2,5
"453",5,1,"conf_358",1500,76,0.4275077764,2,5
"454",5,1,"conf_358",2500,76,0.0942155561,2,5
"455",5,1,"conf_358",5000,76,0.0002376876,2,5
"456",5,1,"conf_358",7500,76,1.8522e-06,2,5
"457",5,1,"conf_358",250,77,2.7007290314,2,5
"458",5,1,"conf_358",500,77,2.0759773122,2,5
"459",5,1,"conf_358",1500,77,0.5538900673,2,5
"460",5,1,"conf_358",2500,77,0.055483094,2,5
"461",5,1,"conf_358",5000,77,9.50645e-05,2,5
"462",5,1,"conf_358",7500,77,6.302e-07,2,5
"463",5,1,"conf_358",250,78,1.7044140908,2,5
"464",5,1,"conf_358",500,78,1.7044140908,2,5
"465",5,1,"conf_358",1500,78,0.1435742402,2,5
"466",5,1,"conf_358",2500,78,0.0339314865,2,5
"467",5,1,"conf_358",5000,78,0.0002771818,2,5
"468",5,1,"conf_358",7500,78,3.271e-06,2,5
"469",5,1,"conf_358",250,79,4.9232688951,2,5
"470",5,1,"conf_358",500,79,1.5203413855,2,5
"471",5,1,"conf_358",1500,79,0.244477362,2,5
"472",5,1,"conf_358",2500,79,0.0192671189,2,5
"473",5,1,"conf_358",5000,79,0.0002763085,2,5
"474",5,1,"conf_358",7500,79,6.139e-07,2,5
"475",5,1,"conf_358",250,80,3.8655783996,2,5
"476",5,1,"conf_358",500,80,2.5752058582,2,5
"477",5,1,"conf_358",1500,80,0.1533908683,2,5
"478",5,1,"conf_358",2500,80,0.0197977839,2,5
"479",5,1,"conf_358",5000,80,0.000340293,2,5
"480",5,1,"conf_358",7500,80,1.9265e-06,2,5
"481",5,1,"conf_358",250,81,3.699276771,2,5
"482",5,1,"conf_358",500,81,1.8483314068,2,5
"483",5,1,"conf_358",1500,81,0.3798994628,2,5
"484",5,1,"conf_358",2500,81,0.0242725705,2,5
"485",5,1,"conf_358",5000,81,4.99429e-05,2,5
"486",5,1,"conf_358",7500,81,1.5089e-06,2,5
"487",5,1,"conf_358",250,82,4.7007831376,2,5
"488",5,1,"conf_358",500,82,2.2502369381,2,5
"489",5,1,"conf_358",1500,82,0.0973373608,2,5
"490",5,1,"conf_358",2500,82,0.032538668,2,5
"491",5,1,"conf_358",5000,82,0.000326819,2,5
"492",5,1,"conf_358",7500,82,2.606e-07,2,5
"493",5,1,"conf_358",250,83,2.1067596925,2,5
"494",5,1,"conf_358",500,83,2.1067596925,2,5
"495",5,1,"conf_358",1500,83,0.2977004189,2,5
"496",5,1,"conf_358",2500,83,0.0500471253,2,5
"497",5,1,"conf_358",5000,83,0.0004051261,2,5
"498",5,1,"conf_358",7500,83,1.801e-06,2,5
"499",5,1,"conf_358",250,84,2.7417490774,2,5
"500",5,1,"conf_358",500,84,1.3015115,2,5
"501",5,1,"conf_358",1500,84,0.1138808867,2,5
"502",5,1,"conf_358",2500,84,0.0126286148,2,5
"503",5,1,"conf_358",5000,84,0.0003767501,2,5
"504",5,1,"conf_358",7500,84,1.1656e-06,2,5
"505",5,1,"conf_358",250,85,3.2595148998,2,5
"506",5,1,"conf_358",500,85,3.2595148998,2,5
"507",5,1,"conf_358",1500,85,0.330260898,2,5
"508",5,1,"conf_358",2500,85,0.0136511587,2,5
"509",5,1,"conf_358",5000,85,0.0001142469,2,5
"510",5,1,"conf_358",7500,85,2.6098e-06,2,5
"511",5,1,"conf_358",250,86,4.8524179982,2,5
"512",5,1,"conf_358",500,86,0.9286372626,2,5
"513",5,1,"conf_358",1500,86,0.462554877,2,5
"514",5,1,"conf_358",2500,86,0.0366826444,2,5
"515",5,1,"conf_358",5000,86,0.0001237274,2,5
"516",5,1,"conf_358",7500,86,2.1618e-06,2,5
"517",5,1,"conf_358",250,87,4.3379065665,2,5
"518",5,1,"conf_358",500,87,2.5774119617,2,5
"519",5,1,"conf_358",1500,87,0.2736361801,2,5
"520",5,1,"conf_358",2500,87,0.0328817622,2,5
"521",5,1,"conf_358",5000,87,0.0003624691,2,5
"522",5,1,"conf_358",7500,87,2.607e-07,2,5
"523",5,1,"conf_358",250,88,3.7705360608,2,5
"524",5,1,"conf_358",500,88,2.3509542574,2,5
"525",5,1,"conf_358",1500,88,0.2739234719,2,5
"526",5,1,"conf_358",2500,88,0.0295334791,2,5
"527",5,1,"conf_358",5000,88,0.0005057794,2,5
"528",5,1,"conf_358",7500,88,2.3648e-06,2,5
"529",5,1,"conf_358",250,89,3.9118832151,2,5
"530",5,1,"conf_358",500,89,3.1316508929,2,5
"531",5,1,"conf_358",1500,89,0.2536302961,2,5
"532",5,1,"conf_358",2500,89,0.0353590448,2,5
"533",5,1,"conf_358",5000,89,0.0002922184,2,5
"534",5,1,"conf_358",7500,89,2.4006e-06,2,5
"535",5,1,"conf_358",250,90,2.5535060193,2,5
"536",5,1,"conf_358",500,90,2.0799875183,2,5
"537",5,1,"conf_358",1500,90,0.2565323474,2,5
"538",5,1,"conf_358",2500,90,0.012499882,2,5
"539",5,1,"conf_358",5000,90,0.000296638,2,5
"540",5,1,"conf_358",7500,90,1.2241e-06,2,5
"541",5,1,"conf_358",250,91,2.6050844455,2,5
"542",5,1,"conf_358",500,91,0.4488384687,2,5
"543",5,1,"conf_358",1500,91,0.1061350653,2,5
"544",5,1,"conf_358",2500,91,0.0120366071,2,5
"545",5,1,"conf_358",5000,91,0.0002059431,2,5
"546",5,1,"conf_358",7500,91,1.7262e-06,2,5
"547",5,1,"conf_358",250,92,5.4487177574,2,5
"548",5,1,"conf_358",500,92,1.3391036003,2,5
"549",5,1,"conf_358",1500,92,0.2376743762,2,5
"550",5,1,"conf_358",2500,92,0.0195820193,2,5
"551",5,1,"conf_358",5000,92,0.0005165832,2,5
"552",5,1,"conf_358",7500,92,2.1177e-06,2,5
"553",5,1,"conf_358",250,93,3.5663959111,2,5
"554",5,1,"conf_358",500,93,1.6694570743,2,5
"555",5,1,"conf_358",1500,93,0.2586119592,2,5
"556",5,1,"conf_358",2500,93,0.0161572831,2,5
"557",5,1,"conf_358",5000,93,0.0001036959,2,5
"558",5,1,"conf_358",7500,93,1.7773e-06,2,5
"559",5,1,"conf_358",250,94,4.0437798206,2,5
"560",5,1,"conf_358",500,94,2.8689455149,2,5
"561",5,1,"conf_358",1500,94,0.2492218489,2,5
"562",5,1,"conf_358",2500,94,0.033124274,2,5
"563",5,1,"conf_358",5000,94,0.0003529903,2,5
"564",5,1,"conf_358",7500,94,1.3321e-06,2,5
"565",5,1,"conf_358",250,95,6.0882019418,2,5
"566",5,1,"conf_358",500,95,3.0057179967,2,5
"567",5,1,"conf_358",1500,95,0.1460861106,2,5
"568",5,1,"conf_358",2500,95,0.0475005582,2,5
"569",5,1,"conf_358",5000,95,0.0004306374,2,5
"570",5,1,"conf_358",7500,95,2.0213e-06,2,5
"571",5,1,"conf_358",250,96,3.1647341418,2,5
"572",5,1,"conf_358",500,96,0.9537214809,2,5
"573",5,1,"conf_358",1500,96,0.1589550323,2,5
"574",5,1,"conf_358",2500,96,0.0197482797,2,5
"575",5,1,"conf_358",5000,96,0.0002045126,2,5
"576",5,1,"conf_358",7500,96,1.2847e-06,2,5
"577",5,1,"conf_358",250,97,2.4545810031,2,5
"578",5,1,"conf_358",500,97,1.0076402925,2,5
"579",5,1,"conf_358",1500,97,0.1528707835,2,5
"580",5,1,"conf_358",2500,97,0.0348781644,2,5
"581",5,1,"conf_358",5000,97,0.0001777118,2,5
"582",5,1,"conf_358",7500,97,2.3214e-06,2,5
"583",5,1,"conf_358",250,98,3.3410078163,2,5
"584",5,1,"conf_358",500,98,1.855988493,2,5
"585",5,1,"conf_358",1500,98,0.0604051837,2,5
"586",5,1,"conf_358",2500,98,0.0169890198,2,5
"587",5,1,"conf_358",5000,98,0.0001576418,2,5
"588",5,1,"conf_358",7500,98,2.2868e-06,2,5
"589",5,1,"conf_358",250,99,8.9256368763,2,5
"590",5,1,"conf_358",500,99,2.8004846517,2,5
"591",5,1,"conf_358",1500,99,0.1999480734,2,5
"592",5,1,"conf_358",2500,99,0.0639209208,2,5
"593",5,1,"conf_358",5000,99,0.000923433,2,5
"594",5,1,"conf_358",7500,99,1.8955e-06,2,5
"595",5,1,"conf_358",250,100,2.3692719952,2,5
"596",5,1,"conf_358",500,100,0.7423173837,2,5
"597",5,1,"conf_358",1500,100,0.2078455003,2,5
"598",5,1,"conf_358",2500,100,0.0118509632,2,5
"599",5,1,"conf_358",5000,100,0.0003579307,2,5
"600",5,1,"conf_358",7500,100,1.5418e-06,2,5
"601",5,1,"conf_358",250,101,1.0812987072,3,5
"602",5,1,"conf_358",500,101,1.0812987072,3,5
"603",5,1,"conf_358",1500,101,0.04386222,3,5
"604",5,1,"conf_358",2500,101,0.0340752001,3,5
"605",5,1,"conf_358",5000,101,0.0009129429,3,5
"606",5,1,"conf_358",7500,101,7.1247e-06,3,5
"607",5,1,"conf_358",250,102,2.575376995,3,5
"608",5,1,"conf_358",500,102,2.5258170945,3,5
"609",5,1,"conf_358",1500,102,0.3172706105,3,5
"610",5,1,"conf_358",2500,102,0.0547122298,3,5
"611",5,1,"conf_358",5000,102,0.0003024235,3,5
"612",5,1,"conf_358",7500,102,2.5362e-06,3,5
"613",5,1,"conf_358",250,103,2.8223758564,3,5
"614",5,1,"conf_358",500,103,2.8223758564,3,5
"615",5,1,"conf_358",1500,103,0.223620267,3,5
"616",5,1,"conf_358",2500,103,0.026151387,3,5
"617",5,1,"conf_358",5000,103,0.0004468056,3,5
"618",5,1,"conf_358",7500,103,2.8116e-06,3,5
"619",5,1,"conf_358",250,104,5.0698570775,3,5
"620",5,1,"conf_358",500,104,2.7591160517,3,5
"621",5,1,"conf_358",1500,104,0.2629014337,3,5
"622",5,1,"conf_358",2500,104,0.053102858,3,5
"623",5,1,"conf_358",5000,104,0.0004100395,3,5
"624",5,1,"conf_358",7500,104,1.432e-06,3,5
"625",5,1,"conf_358",250,105,3.545148157,3,5
"626",5,1,"conf_358",500,105,1.4760784754,3,5
"627",5,1,"conf_358",1500,105,0.247001642,3,5
"628",5,1,"conf_358",2500,105,0.0569982861,3,5
"629",5,1,"conf_358",5000,105,0.0002195355,3,5
"630",5,1,"conf_358",7500,105,2.5266e-06,3,5
"631",5,1,"conf_358",250,106,3.5933654014,3,5
"632",5,1,"conf_358",500,106,2.5398524204,3,5
"633",5,1,"conf_358",1500,106,0.4632753599,3,5
"634",5,1,"conf_358",2500,106,0.0178016048,3,5
"635",5,1,"conf_358",5000,106,0.0001835941,3,5
"636",5,1,"conf_358",7500,106,3.9578e-06,3,5
"637",5,1,"conf_358",250,107,0.8603599183,3,5
"638",5,1,"conf_358",500,107,0.8603599183,3,5
"639",5,1,"conf_358",1500,107,0.5949913984,3,5
"640",5,1,"conf_358",2500,107,0.0153213512,3,5
"641",5,1,"conf_358",5000,107,0.0003099794,3,5
"642",5,1,"conf_358",7500,107,2.5031e-06,3,5
"643",5,1,"conf_358",250,108,5.1079634693,3,5
"644",5,1,"conf_358",500,108,2.6001463173,3,5
"645",5,1,"conf_358",1500,108,0.5111632284,3,5
"646",5,1,"conf_358",2500,108,0.0524956352,3,5
"647",5,1,"conf_358",5000,108,0.0011574924,3,5
"648",5,1,"conf_358",7500,108,5.1225e-06,3,5
"649",5,1,"conf_358",250,109,1.7524540184,3,5
"650",5,1,"conf_358",500,109,1.7524540184,3,5
"651",5,1,"conf_358",1500,109,0.5675875119,3,5
"652",5,1,"conf_358",2500,109,0.0736076215,3,5
"653",5,1,"conf_358",5000,109,0.0002354768,3,5
"654",5,1,"conf_358",7500,109,1.1847e-06,3,5
"655",5,1,"conf_358",250,110,8.9198485726,3,5
"656",5,1,"conf_358",500,110,2.3514519483,3,5
"657",5,1,"conf_358",1500,110,0.3838953296,3,5
"658",5,1,"conf_358",2500,110,0.0172740027,3,5
"659",5,1,"conf_358",5000,110,0.000439334,3,5
"660",5,1,"conf_358",7500,110,3.3089e-06,3,5
"661",5,1,"conf_358",250,111,8.7736358116,3,5
"662",5,1,"conf_358",500,111,3.1258078612,3,5
"663",5,1,"conf_358",1500,111,0.2794287918,3,5
"664",5,1,"conf_358",2500,111,0.028085252,3,5
"665",5,1,"conf_358",5000,111,0.0003934677,3,5
"666",5,1,"conf_358",7500,111,1.9967e-06,3,5
"667",5,1,"conf_358",250,112,5.6887454781,3,5
"668",5,1,"conf_358",500,112,2.1125627063,3,5
"669",5,1,"conf_358",1500,112,0.2356571227,3,5
"670",5,1,"conf_358",2500,112,0.0720244893,3,5
"671",5,1,"conf_358",5000,112,0.0002401773,3,5
"672",5,1,"conf_358",7500,112,2.3753e-06,3,5
"673",5,1,"conf_358",250,113,4.2330358022,3,5
"674",5,1,"conf_358",500,113,3.3066150348,3,5
"675",5,1,"conf_358",1500,113,0.1444052363,3,5
"676",5,1,"conf_358",2500,113,0.0597096999,3,5
"677",5,1,"conf_358",5000,113,0.0001954159,3,5
"678",5,1,"conf_358",7500,113,1.4888e-06,3,5
"679",5,1,"conf_358",250,114,4.0710292554,3,5
"680",5,1,"conf_358",500,114,2.5918982331,3,5
"681",5,1,"conf_358",1500,114,0.5325124086,3,5
"682",5,1,"conf_358",2500,114,0.0459793948,3,5
"683",5,1,"conf_358",5000,114,0.0001764347,3,5
"684",5,1,"conf_358",7500,114,9.314e-07,3,5
"685",5,1,"conf_358",250,115,6.105937425,3,5
"686",5,1,"conf_358",500,115,3.6356736763,3,5
"687",5,1,"conf_358",1500,115,0.2104535284,3,5
"688",5,1,"conf_358",2500,115,0.0253793258,3,5
"689",5,1,"conf_358",5000,115,0.0002736743,3,5
"690",5,1,"conf_358",7500,115,7.233e-07,3,5
"691",5,1,"conf_358",250,116,3.7203635256,3,5
"692",5,1,"conf_358",500,116,2.4312950346,3,5
"693",5,1,"conf_358",1500,116,0.1195168145,3,5
"694",5,1,"conf_358",2500,116,0.0055035886,3,5
"695",5,1,"conf_358",5000,116,0.0003199093,3,5
"696",5,1,"conf_358",7500,116,1.0779e-06,3,5
"697",5,1,"conf_358",250,117,3.5474122994,3,5
"698",5,1,"conf_358",500,117,2.3250580127,3,5
"699",5,1,"conf_358",1500,117,0.3851221601,3,5
"700",5,1,"conf_358",2500,117,0.0239639955,3,5
"701",5,1,"conf_358",5000,117,0.0011772159,3,5
"702",5,1,"conf_358",7500,117,9.262e-06,3,5
"703",5,1,"conf_358",250,118,3.7967523259,3,5
"704",5,1,"conf_358",500,118,3.2765821374,3,5
"705",5,1,"conf_358",1500,118,0.1429753371,3,5
"706",5,1,"conf_358",2500,118,0.0633782421,3,5
"707",5,1,"conf_358",5000,118,0.0012333647,3,5
"708",5,1,"conf_358",7500,118,4.715e-07,3,5
"709",5,1,"conf_358",250,119,3.7145904446,3,5
"710",5,1,"conf_358",500,119,2.512611454,3,5
"711",5,1,"conf_358",1500,119,0.3205853328,3,5
"712",5,1,"conf_358",2500,119,0.0322271722,3,5
"713",5,1,"conf_358",5000,119,0.0003222603,3,5
"714",5,1,"conf_358",7500,119,3.0811e-06,3,5
"715",5,1,"conf_358",250,120,2.7785313729,3,5
"716",5,1,"conf_358",500,120,2.1439129926,3,5
"717",5,1,"conf_358",1500,120,0.0963893197,3,5
"718",5,1,"conf_358",2500,120,0.0341199002,3,5
"719",5,1,"conf_358",5000,120,0.0004564139,3,5
"720",5,1,"conf_358",7500,120,2.2731e-06,3,5
"721",5,1,"conf_358",250,121,2.4539268523,3,5
"722",5,1,"conf_358",500,121,2.4539268523,3,5
"723",5,1,"conf_358",1500,121,0.2672142304,3,5
"724",5,1,"conf_358",2500,121,0.0616161648,3,5
"725",5,1,"conf_358",5000,121,0.0002469032,3,5
"726",5,1,"conf_358",7500,121,2.7575e-06,3,5
"727",5,1,"conf_358",250,122,3.9792687581,3,5
"728",5,1,"conf_358",500,122,2.0306629491,3,5
"729",5,1,"conf_358",1500,122,0.3051235142,3,5
"730",5,1,"conf_358",2500,122,0.0344595349,3,5
"731",5,1,"conf_358",5000,122,0.0004649254,3,5
"732",5,1,"conf_358",7500,122,2.7628e-06,3,5
"733",5,1,"conf_358",250,123,1.3203024387,3,5
"734",5,1,"conf_358",500,123,1.3203024387,3,5
"735",5,1,"conf_358",1500,123,0.1680360938,3,5
"736",5,1,"conf_358",2500,123,0.0156700214,3,5
"737",5,1,"conf_358",5000,123,0.0001753577,3,5
"738",5,1,"conf_358",7500,123,9.628e-07,3,5
"739",5,1,"conf_358",250,124,3.7698693259,3,5
"740",5,1,"conf_358",500,124,2.9593670373,3,5
"741",5,1,"conf_358",1500,124,0.0966512775,3,5
"742",5,1,"conf_358",2500,124,0.0192783224,3,5
"743",5,1,"conf_358",5000,124,0.0002849492,3,5
"744",5,1,"conf_358",7500,124,4.3522e-06,3,5
"745",5,1,"conf_358",250,125,7.2875904031,3,5
"746",5,1,"conf_358",500,125,2.5887330842,3,5
"747",5,1,"conf_358",1500,125,0.1283744342,3,5
"748",5,1,"conf_358",2500,125,0.039446814,3,5
"749",5,1,"conf_358",5000,125,0.000361669,3,5
"750",5,1,"conf_358",7500,125,2.8969e-06,3,5
"751",5,1,"conf_358",250,126,2.4138369207,3,5
"752",5,1,"conf_358",500,126,2.1447857725,3,5
"753",5,1,"conf_358",1500,126,0.3675185487,3,5
"754",5,1,"conf_358",2500,126,0.0219206825,3,5
"755",5,1,"conf_358",5000,126,0.0002240764,3,5
"756",5,1,"conf_358",7500,126,5.5542e-06,3,5
"757",5,1,"conf_358",250,127,2.7111026898,3,5
"758",5,1,"conf_358",500,127,2.7111026898,3,5
"759",5,1,"conf_358",1500,127,0.1576311043,3,5
"760",5,1,"conf_358",2500,127,0.0273292156,3,5
"761",5,1,"conf_358",5000,127,0.0005929623,3,5
"762",5,1,"conf_358",7500,127,2.766e-06,3,5
"763",5,1,"conf_358",250,128,5.2496516963,3,5
"764",5,1,"conf_358",500,128,3.968522093,3,5
"765",5,1,"conf_358",1500,128,0.2970869299,3,5
"766",5,1,"conf_358",2500,128,0.0398265124,3,5
"767",5,1,"conf_358",5000,128,0.0005774022,3,5
"768",5,1,"conf_358",7500,128,1.9076e-06,3,5
"769",5,1,"conf_358",250,129,1.86523322,3,5
"770",5,1,"conf_358",500,129,1.86523322,3,5
"771",5,1,"conf_358",1500,129,0.1669232572,3,5
"772",5,1,"conf_358",2500,129,0.032719507,3,5
"773",5,1,"conf_358",5000,129,0.000222047,3,5
"774",5,1,"conf_358",7500,129,7.2256e-06,3,5
"775",5,1,"conf_358",250,130,4.9163446737,3,5
"776",5,1,"conf_358",500,130,3.2410891943,3,5
"777",5,1,"conf_358",1500,130,0.2327549089,3,5
"778",5,1,"conf_358",2500,130,0.0522769714,3,5
"779",5,1,"conf_358",5000,130,0.0009927422,3,5
"780",5,1,"conf_358",7500,130,2.2923e-06,3,5
"781",5,1,"conf_358",250,131,0.5707896615,3,5
"782",5,1,"conf_358",500,131,0.5707896615,3,5
"783",5,1,"conf_358",1500,131,0.3627042377,3,5
"784",5,1,"conf_358",2500,131,0.0547200029,3,5
"785",5,1,"conf_358",5000,131,0.0002649289,3,5
"786",5,1,"conf_358",7500,131,1.3736e-06,3,5
"787",5,1,"conf_358",250,132,3.941545437,3,5
"788",5,1,"conf_358",500,132,3.941545437,3,5
"789",5,1,"conf_358",1500,132,0.5518584259,3,5
"790",5,1,"conf_358",2500,132,0.098565868,3,5
"791",5,1,"conf_358",5000,132,0.0003267168,3,5
"792",5,1,"conf_358",7500,132,1.6459e-06,3,5
"793",5,1,"conf_358",250,133,1.6756975185,3,5
"794",5,1,"conf_358",500,133,1.6756975185,3,5
"795",5,1,"conf_358",1500,133,0.1721165989,3,5
"796",5,1,"conf_358",2500,133,0.0590801494,3,5
"797",5,1,"conf_358",5000,133,0.0001291174,3,5
"798",5,1,"conf_358",7500,133,1.5967e-06,3,5
"799",5,1,"conf_358",250,134,6.8999383371,3,5
"800",5,1,"conf_358",500,134,4.1159272803,3,5
"801",5,1,"conf_358",1500,134,0.1880167615,3,5
"802",5,1,"conf_358",2500,134,0.0203986143,3,5
"803",5,1,"conf_358",5000,134,0.0004419594,3,5
"804",5,1,"conf_358",7500,134,2.7937e-06,3,5
"805",5,1,"conf_358",250,135,0.8644727233,3,5
"806",5,1,"conf_358",500,135,0.8644727233,3,5
"807",5,1,"conf_358",1500,135,0.3637375648,3,5
"808",5,1,"conf_358",2500,135,0.0039253964,3,5
"809",5,1,"conf_358",5000,135,0.0003849321,3,5
"810",5,1,"conf_358",7500,135,4.796e-06,3,5
"811",5,1,"conf_358",250,136,3.6733669575,3,5
"812",5,1,"conf_358",500,136,1.067973689,3,5
"813",5,1,"conf_358",1500,136,0.3389622223,3,5
"814",5,1,"conf_358",2500,136,0.0366434685,3,5
"815",5,1,"conf_358",5000,136,0.0001078115,3,5
"816",5,1,"conf_358",7500,136,1.1073e-06,3,5
"817",5,1,"conf_358",250,137,4.4818101463,3,5
"818",5,1,"conf_358",500,137,3.0411513543,3,5
"819",5,1,"conf_358",1500,137,0.1044234849,3,5
"820",5,1,"conf_358",2500,137,0.0639485425,3,5
"821",5,1,"conf_358",5000,137,0.0005041972,3,5
"822",5,1,"conf_358",7500,137,2.6829e-06,3,5
"823",5,1,"conf_358",250,138,3.9919603962,3,5
"824",5,1,"conf_358",500,138,2.0865765554,3,5
"825",5,1,"conf_358",1500,138,0.3800738013,3,5
"826",5,1,"conf_358",2500,138,0.0569034166,3,5
"827",5,1,"conf_358",5000,138,0.0007994152,3,5
"828",5,1,"conf_358",7500,138,6.822e-06,3,5
"829",5,1,"conf_358",250,139,3.9878840563,3,5
"830",5,1,"conf_358",500,139,2.9193617796,3,5
"831",5,1,"conf_358",1500,139,0.4537599353,3,5
"832",5,1,"conf_358",2500,139,0.0174375893,3,5
"833",5,1,"conf_358",5000,139,0.0002175201,3,5
"834",5,1,"conf_358",7500,139,1.0056e-06,3,5
"835",5,1,"conf_358",250,140,2.0965910492,3,5
"836",5,1,"conf_358",500,140,1.8081612864,3,5
"837",5,1,"conf_358",1500,140,0.3188795839,3,5
"838",5,1,"conf_358",2500,140,0.0585205882,3,5
"839",5,1,"conf_358",5000,140,0.0005902299,3,5
"840",5,1,"conf_358",7500,140,3.6618e-06,3,5
"841",5,1,"conf_358",250,141,3.292275761,3,5
"842",5,1,"conf_358",500,141,2.4855832374,3,5
"843",5,1,"conf_358",1500,141,0.2783395404,3,5
"844",5,1,"conf_358",2500,141,0.0402867217,3,5
"845",5,1,"conf_358",5000,141,0.0001343795,3,5
"846",5,1,"conf_358",7500,141,1.9725e-06,3,5
"847",5,1,"conf_358",250,142,0.8753527159,3,5
"848",5,1,"conf_358",500,142,0.8753527159,3,5
"849",5,1,"conf_358",1500,142,0.1385890337,3,5
"850",5,1,"conf_358",2500,142,0.0404281743,3,5
"851",5,1,"conf_358",5000,142,0.000638869,3,5
"852",5,1,"conf_358",7500,142,1.9914e-06,3,5
"853",5,1,"conf_358",250,143,4.5682467719,3,5
"854",5,1,"conf_358",500,143,4.5682467719,3,5
"855",5,1,"conf_358",1500,143,0.1894245122,3,5
"856",5,1,"conf_358",2500,143,0.0243785841,3,5
"857",5,1,"conf_358",5000,143,0.0004580205,3,5
"858",5,1,"conf_358",7500,143,1.7698e-06,3,5
"859",5,1,"conf_358",250,144,2.5194533233,3,5
"860",5,1,"conf_358",500,144,2.3748971733,3,5
"861",5,1,"conf_358",1500,144,0.1204062018,3,5
"862",5,1,"conf_358",2500,144,0.0254971209,3,5
"863",5,1,"conf_358",5000,144,0.0004502642,3,5
"864",5,1,"conf_358",7500,144,2.4416e-06,3,5
"865",5,1,"conf_358",250,145,3.1983715402,3,5
"866",5,1,"conf_358",500,145,2.4127410628,3,5
"867",5,1,"conf_358",1500,145,0.2970009612,3,5
"868",5,1,"conf_358",2500,145,0.0486667117,3,5
"869",5,1,"conf_358",5000,145,0.0004818407,3,5
"870",5,1,"conf_358",7500,145,2.6575e-06,3,5
"871",5,1,"conf_358",250,146,2.7786107716,3,5
"872",5,1,"conf_358",500,146,2.7786107716,3,5
"873",5,1,"conf_358",1500,146,0.3510403135,3,5
"874",5,1,"conf_358",2500,146,0.0451061736,3,5
"875",5,1,"conf_358",5000,146,0.0005307755,3,5
"876",5,1,"conf_358",7500,146,7.747e-07,3,5
"877",5,1,"conf_358",250,147,2.2058355575,3,5
"878",5,1,"conf_358",500,147,1.3807356782,3,5
"879",5,1,"conf_358",1500,147,0.1721068757,3,5
"880",5,1,"conf_358",2500,147,0.0368053224,3,5
"881",5,1,"conf_358",5000,147,0.000621957,3,5
"882",5,1,"conf_358",7500,147,8.015e-07,3,5
"883",5,1,"conf_358",250,148,5.2688178259,3,5
"884",5,1,"conf_358",500,148,2.9739017603,3,5
"885",5,1,"conf_358",1500,148,0.302966719,3,5
"886",5,1,"conf_358",2500,148,0.0605124938,3,5
"887",5,1,"conf_358",5000,148,0.000573872,3,5
"888",5,1,"conf_358",7500,148,1.1846e-06,3,5
"889",5,1,"conf_358",250,149,7.821310681,3,5
"890",5,1,"conf_358",500,149,3.9736807469,3,5
"891",5,1,"conf_358",1500,149,0.3255027239,3,5
"892",5,1,"conf_358",2500,149,0.0583322588,3,5
"893",5,1,"conf_358",5000,149,0.0002289127,3,5
"894",5,1,"conf_358",7500,149,3.0832e-06,3,5
"895",5,1,"conf_358",250,150,1.1877364118,3,5
"896",5,1,"conf_358",500,150,1.1877364118,3,5
"897",5,1,"conf_358",1500,150,0.1050133441,3,5
"898",5,1,"conf_358",2500,150,0.0091072233,3,5
"899",5,1,"conf_358",5000,150,0.0002628429,3,5
"900",5,1,"conf_358",7500,150,1.4466e-06,3,5
"901",5,1,"conf_358",250,151,2.8690505709,4,5
"902",5,1,"conf_358",500,151,1.7724687548,4,5
"903",5,1,"conf_358",1500,151,0.2071099288,4,5
"904",5,1,"conf_358",2500,151,0.0647412646,4,5
"905",5,1,"conf_358",5000,151,0.0004015306,4,5
"906",5,1,"conf_358",7500,151,2.054e-06,4,5
"907",5,1,"conf_358",250,152,7.6304813853,4,5
"908",5,1,"conf_358",500,152,3.9549941972,4,5
"909",5,1,"conf_358",1500,152,0.1631929301,4,5
"910",5,1,"conf_358",2500,152,0.0427219705,4,5
"911",5,1,"conf_358",5000,152,0.0007781127,4,5
"912",5,1,"conf_358",7500,152,8.626e-07,4,5
"913",5,1,"conf_358",250,153,4.1712000327,4,5
"914",5,1,"conf_358",500,153,3.3481893864,4,5
"915",5,1,"conf_358",1500,153,0.4660937818,4,5
"916",5,1,"conf_358",2500,153,0.0584679168,4,5
"917",5,1,"conf_358",5000,153,0.0002127084,4,5
"918",5,1,"conf_358",7500,153,4.3183e-06,4,5
"919",5,1,"conf_358",250,154,5.4091256858,4,5
"920",5,1,"conf_358",500,154,3.8447592453,4,5
"921",5,1,"conf_358",1500,154,0.2328402913,4,5
"922",5,1,"conf_358",2500,154,0.0249879887,4,5
"923",5,1,"conf_358",5000,154,0.0001057818,4,5
"924",5,1,"conf_358",7500,154,5.359e-07,4,5
"925",5,1,"conf_358",250,155,5.5388041146,4,5
"926",5,1,"conf_358",500,155,2.158535423,4,5
"927",5,1,"conf_358",1500,155,0.218011546,4,5
"928",5,1,"conf_358",2500,155,0.0157794391,4,5
"929",5,1,"conf_358",5000,155,0.0004911832,4,5
"930",5,1,"conf_358",7500,155,8.931e-07,4,5
"931",5,1,"conf_358",250,156,4.3114732399,4,5
"932",5,1,"conf_358",500,156,1.9242441162,4,5
"933",5,1,"conf_358",1500,156,0.5896335991,4,5
"934",5,1,"conf_358",2500,156,0.0395476497,4,5
"935",5,1,"conf_358",5000,156,0.0004894683,4,5
"936",5,1,"conf_358",7500,156,8.428e-07,4,5
"937",5,1,"conf_358",250,157,2.1673113327,4,5
"938",5,1,"conf_358",500,157,1.7402147227,4,5
"939",5,1,"conf_358",1500,157,0.1957360913,4,5
"940",5,1,"conf_358",2500,157,0.0591875352,4,5
"941",5,1,"conf_358",5000,157,0.0006657522,4,5
"942",5,1,"conf_358",7500,157,4.213e-06,4,5
"943",5,1,"conf_358",250,158,5.1999032435,4,5
"944",5,1,"conf_358",500,158,1.8068511425,4,5
"945",5,1,"conf_358",1500,158,0.1919604395,4,5
"946",5,1,"conf_358",2500,158,0.0437201304,4,5
"947",5,1,"conf_358",5000,158,0.0004225329,4,5
"948",5,1,"conf_358",7500,158,5.678e-07,4,5
"949",5,1,"conf_358",250,159,3.0271512917,4,5
"950",5,1,"conf_358",500,159,2.9757035981,4,5
"951",5,1,"conf_358",1500,159,0.0409281349,4,5
"952",5,1,"conf_358",2500,159,0.0409281349,4,5
"953",5,1,"conf_358",5000,159,0.0003311257,4,5
"954",5,1,"conf_358",7500,159,1.4248e-06,4,5
"955",5,1,"conf_358",250,160,1.7082339755,4,5
"956",5,1,"conf_358",500,160,1.5429509537,4,5
"957",5,1,"conf_358",1500,160,0.0501805344,4,5
"958",5,1,"conf_358",2500,160,0.0501805344,4,5
"959",5,1,"conf_358",5000,160,0.0003470558,4,5
"960",5,1,"conf_358",7500,160,1.8194e-06,4,5
"961",5,1,"conf_358",250,161,0.9585842363,4,5
"962",5,1,"conf_358",500,161,0.9585842363,4,5
"963",5,1,"conf_358",1500,161,0.4452337273,4,5
"964",5,1,"conf_358",2500,161,0.0241668732,4,5
"965",5,1,"conf_358",5000,161,0.0003311033,4,5
"966",5,1,"conf_358",7500,161,1.0011e-06,4,5
"967",5,1,"conf_358",250,162,6.5587863289,4,5
"968",5,1,"conf_358",500,162,2.3689316944,4,5
"969",5,1,"conf_358",1500,162,0.1351081826,4,5
"970",5,1,"conf_358",2500,162,0.0654733858,4,5
"971",5,1,"conf_358",5000,162,0.0010268673,4,5
"972",5,1,"conf_358",7500,162,4.3861e-06,4,5
"973",5,1,"conf_358",250,163,5.1110327527,4,5
"974",5,1,"conf_358",500,163,2.2839790909,4,5
"975",5,1,"conf_358",1500,163,0.2725351867,4,5
"976",5,1,"conf_358",2500,163,0.0549615972,4,5
"977",5,1,"conf_358",5000,163,9.30301e-05,4,5
"978",5,1,"conf_358",7500,163,3.4738e-06,4,5
"979",5,1,"conf_358",250,164,1.510348965,4,5
"980",5,1,"conf_358",500,164,1.510348965,4,5
"981",5,1,"conf_358",1500,164,0.2554717274,4,5
"982",5,1,"conf_358",2500,164,0.0026392331,4,5
"983",5,1,"conf_358",5000,164,0.0004737783,4,5
"984",5,1,"conf_358",7500,164,3.0011e-06,4,5
"985",5,1,"conf_358",250,165,6.0622983138,4,5
"986",5,1,"conf_358",500,165,1.8821643594,4,5
"987",5,1,"conf_358",1500,165,0.2591356102,4,5
"988",5,1,"conf_358",2500,165,0.0270695935,4,5
"989",5,1,"conf_358",5000,165,0.000919847,4,5
"990",5,1,"conf_358",7500,165,2.4487e-06,4,5
"991",5,1,"conf_358",250,166,5.9537484806,4,5
"992",5,1,"conf_358",500,166,3.5311692442,4,5
"993",5,1,"conf_358",1500,166,0.1730739748,4,5
"994",5,1,"conf_358",2500,166,0.0181534734,4,5
"995",5,1,"conf_358",5000,166,0.0006134675,4,5
"996",5,1,"conf_358",7500,166,1.3634e-06,4,5
"997",5,1,"conf_358",250,167,3.2686674995,4,5
"998",5,1,"conf_358",500,167,3.2686674995,4,5
"999",5,1,"conf_358",1500,167,0.1830602278,4,5
"1000",5,1,"conf_358",2500,167,0.0425955534,4,5
"1001",5,1,"conf_358",5000,167,0.0001112651,4,5
"1002",5,1,"conf_358",7500,167,7.977e-07,4,5
"1003",5,1,"conf_358",250,168,2.05296762,4,5
"1004",5,1,"conf_358",500,168,1.1188282799,4,5
"1005",5,1,"conf_358",1500,168,0.0809489685,4,5
"1006",5,1,"conf_358",2500,168,0.0211591017,4,5
"1007",5,1,"conf_358",5000,168,0.0007205422,4,5
"1008",5,1,"conf_358",7500,168,1.715e-06,4,5
"1009",5,1,"conf_358",250,169,5.8238407311,4,5
"1010",5,1,"conf_358",500,169,3.020101842,4,5
"1011",5,1,"conf_358",1500,169,0.3253933464,4,5
"1012",5,1,"conf_358",2500,169,0.0199665554,4,5
"1013",5,1,"conf_358",5000,169,8.53826e-05,4,5
"1014",5,1,"conf_358",7500,169,8.734e-07,4,5
"1015",5,1,"conf_358",250,170,2.7941188532,4,5
"1016",5,1,"conf_358",500,170,2.7632613902,4,5
"1017",5,1,"conf_358",1500,170,0.191725925,4,5
"1018",5,1,"conf_358",2500,170,0.0326601829,4,5
"1019",5,1,"conf_358",5000,170,0.0003473941,4,5
"1020",5,1,"conf_358",7500,170,2.0685e-06,4,5
"1021",5,1,"conf_358",250,171,4.9215353998,4,5
"1022",5,1,"conf_358",500,171,1.8959316274,4,5
"1023",5,1,"conf_358",1500,171,0.7449957798,4,5
"1024",5,1,"conf_358",2500,171,0.025954967,4,5
"1025",5,1,"conf_358",5000,171,0.000626003,4,5
"1026",5,1,"conf_358",7500,171,2.4855e-06,4,5
"1027",5,1,"conf_358",250,172,6.2058421725,4,5
"1028",5,1,"conf_358",500,172,2.3470007322,4,5
"1029",5,1,"conf_358",1500,172,0.4137443939,4,5
"1030",5,1,"conf_358",2500,172,0.0632188785,4,5
"1031",5,1,"conf_358",5000,172,0.0005090098,4,5
"1032",5,1,"conf_358",7500,172,4.3131e-06,4,5
"1033",5,1,"conf_358",250,173,6.3623659093,4,5
"1034",5,1,"conf_358",500,173,1.801566629,4,5
"1035",5,1,"conf_358",1500,173,0.1738924547,4,5
"1036",5,1,"conf_358",2500,173,0.035237269,4,5
"1037",5,1,"conf_358",5000,173,0.0003980278,4,5
"1038",5,1,"conf_358",7500,173,5.077e-06,4,5
"1039",5,1,"conf_358",250,174,5.1500739004,4,5
"1040",5,1,"conf_358",500,174,2.3911571095,4,5
"1041",5,1,"conf_358",1500,174,0.3530919424,4,5
"1042",5,1,"conf_358",2500,174,0.0528983238,4,5
"1043",5,1,"conf_358",5000,174,0.0004721956,4,5
"1044",5,1,"conf_358",7500,174,3.6495e-06,4,5
"1045",5,1,"conf_358",250,175,1.869248991,4,5
"1046",5,1,"conf_358",500,175,1.869248991,4,5
"1047",5,1,"conf_358",1500,175,0.5345858999,4,5
"1048",5,1,"conf_358",2500,175,0.0330603623,4,5
"1049",5,1,"conf_358",5000,175,0.0002378803,4,5
"1050",5,1,"conf_358",7500,175,2.0747e-06,4,5
"1051",5,1,"conf_358",250,176,1.9234169341,4,5
"1052",5,1,"conf_358",500,176,1.1376138238,4,5
"1053",5,1,"conf_358",1500,176,0.116270771,4,5
"1054",5,1,"conf_358",2500,176,0.0390381004,4,5
"1055",5,1,"conf_358",5000,176,0.000230029,4,5
"1056",5,1,"conf_358",7500,176,9.765e-07,4,5
"1057",5,1,"conf_358",250,177,3.5646995855,4,5
"1058",5,1,"conf_358",500,177,1.2300797989,4,5
"1059",5,1,"conf_358",1500,177,0.3601772252,4,5
"1060",5,1,"conf_358",2500,177,0.0401942151,4,5
"1061",5,1,"conf_358",5000,177,0.0010936464,4,5
"1062",5,1,"conf_358",7500,177,7.0876e-06,4,5
"1063",5,1,"conf_358",250,178,3.8761006009,4,5
"1064",5,1,"conf_358",500,178,3.6019891607,4,5
"1065",5,1,"conf_358",1500,178,0.0858164559,4,5
"1066",5,1,"conf_358",2500,178,0.0596252275,4,5
"1067",5,1,"conf_358",5000,178,0.0004481497,4,5
"1068",5,1,"conf_358",7500,178,2.9129e-06,4,5
"1069",5,1,"conf_358",250,179,4.3687842949,4,5
"1070",5,1,"conf_358",500,179,3.4189898609,4,5
"1071",5,1,"conf_358",1500,179,0.3648631487,4,5
"1072",5,1,"conf_358",2500,179,0.0714625215,4,5
"1073",5,1,"conf_358",5000,179,0.000519904,4,5
"1074",5,1,"conf_358",7500,179,8.936e-07,4,5
"1075",5,1,"conf_358",250,180,3.4841231709,4,5
"1076",5,1,"conf_358",500,180,1.4076062708,4,5
"1077",5,1,"conf_358",1500,180,0.2344754534,4,5
"1078",5,1,"conf_358",2500,180,0.0826214506,4,5
"1079",5,1,"conf_358",5000,180,0.0001407427,4,5
"1080",5,1,"conf_358",7500,180,4.5139e-06,4,5
"1081",5,1,"conf_358",250,181,3.0285165063,4,5
"1082",5,1,"conf_358",500,181,2.1797776555,4,5
"1083",5,1,"conf_358",1500,181,0.2450242615,4,5
"1084",5,1,"conf_358",2500,181,0.0348484075,4,5
"1085",5,1,"conf_358",5000,181,9.32956e-05,4,5
"1086",5,1,"conf_358",7500,181,3.1256e-06,4,5
"1087",5,1,"conf_358",250,182,3.899665135,4,5
"1088",5,1,"conf_358",500,182,3.899665135,4,5
"1089",5,1,"conf_358",1500,182,0.1743534756,4,5
"1090",5,1,"conf_358",2500,182,0.0278445339,4,5
"1091",5,1,"conf_358",5000,182,0.0001795856,4,5
"1092",5,1,"conf_358",7500,182,2.1501e-06,4,5
"1093",5,1,"conf_358",250,183,2.4555565682,4,5
"1094",5,1,"conf_358",500,183,0.8394327297,4,5
"1095",5,1,"conf_358",1500,183,0.175091404,4,5
"1096",5,1,"conf_358",2500,183,0.0185413559,4,5
"1097",5,1,"conf_358",5000,183,0.0001570915,4,5
"1098",5,1,"conf_358",7500,183,3.8165e-06,4,5
"1099",5,1,"conf_358",250,184,4.1413111005,4,5
"1100",5,1,"conf_358",500,184,1.3406385319,4,5
"1101",5,1,"conf_358",1500,184,0.5052420197,4,5
"1102",5,1,"conf_358",2500,184,0.0812521123,4,5
"1103",5,1,"conf_358",5000,184,0.0008327648,4,5
"1104",5,1,"conf_358",7500,184,1.1461e-06,4,5
"1105",5,1,"conf_358",250,185,3.182809256,4,5
"1106",5,1,"conf_358",500,185,3.074216298,4,5
"1107",5,1,"conf_358",1500,185,0.6727023064,4,5
"1108",5,1,"conf_358",2500,185,0.0853742416,4,5
"1109",5,1,"conf_358",5000,185,0.0004687523,4,5
"1110",5,1,"conf_358",7500,185,1.0564e-06,4,5
"1111",5,1,"conf_358",250,186,4.2585468729,4,5
"1112",5,1,"conf_358",500,186,2.2842737475,4,5
"1113",5,1,"conf_358",1500,186,0.3888763002,4,5
"1114",5,1,"conf_358",2500,186,0.0494195731,4,5
"1115",5,1,"conf_358",5000,186,0.0002683961,4,5
"1116",5,1,"conf_358",7500,186,1.2494e-06,4,5
"1117",5,1,"conf_358",250,187,1.2978708063,4,5
"1118",5,1,"conf_358",500,187,1.2978708063,4,5
"1119",5,1,"conf_358",1500,187,0.1034552438,4,5
"1120",5,1,"conf_358",2500,187,0.0386311643,4,5
"1121",5,1,"conf_358",5000,187,0.0002499164,4,5
"1122",5,1,"conf_358",7500,187,1.8555e-06,4,5
"1123",5,1,"conf_358",250,188,7.5631488365,4,5
"1124",5,1,"conf_358",500,188,3.1981226794,4,5
"1125",5,1,"conf_358",1500,188,0.2432178517,4,5
"1126",5,1,"conf_358",2500,188,0.0329057451,4,5
"1127",5,1,"conf_358",5000,188,0.0001300179,4,5
"1128",5,1,"conf_358",7500,188,1.472e-06,4,5
"1129",5,1,"conf_358",250,189,3.2953445894,4,5
"1130",5,1,"conf_358",500,189,1.0265243374,4,5
"1131",5,1,"conf_358",1500,189,0.2175187314,4,5
"1132",5,1,"conf_358",2500,189,0.0642030465,4,5
"1133",5,1,"conf_358",5000,189,0.0002820094,4,5
"1134",5,1,"conf_358",7500,189,2.8709e-06,4,5
"1135",5,1,"conf_358",250,190,3.9474417461,4,5
"1136",5,1,"conf_358",500,190,3.3523251049,4,5
"1137",5,1,"conf_358",1500,190,0.497667894,4,5
"1138",5,1,"conf_358",2500,190,0.1132817795,4,5
"1139",5,1,"conf_358",5000,190,0.0001365067,4,5
"1140",5,1,"conf_358",7500,190,3.4935e-06,4,5
"1141",5,1,"conf_358",250,191,5.1440148288,4,5
"1142",5,1,"conf_358",500,191,3.8425311575,4,5
"1143",5,1,"conf_358",1500,191,0.324473666,4,5
"1144",5,1,"conf_358",2500,191,0.0457770236,4,5
"1145",5,1,"conf_358",5000,191,0.0005697604,4,5
"1146",5,1,"conf_358",7500,191,3.7012e-06,4,5
"1147",5,1,"conf_358",250,192,4.3494433881,4,5
"1148",5,1,"conf_358",500,192,3.4237421791,4,5
"1149",5,1,"conf_358",1500,192,0.2284307565,4,5
"1150",5,1,"conf_358",2500,192,0.0408003393,4,5
"1151",5,1,"conf_358",5000,192,0.0005649071,4,5
"1152",5,1,"conf_358",7500,192,1.5425e-06,4,5
"1153",5,1,"conf_358",250,193,2.9491401081,4,5
"1154",5,1,"conf_358",500,193,2.012901744,4,5
"1155",5,1,"conf_358",1500,193,0.2409665447,4,5
"1156",5,1,"conf_358",2500,193,0.0316957035,4,5
"1157",5,1,"conf_358",5000,193,0.0003015346,4,5
"1158",5,1,"conf_358",7500,193,2.2214e-06,4,5
"1159",5,1,"conf_358",250,194,3.8007211111,4,5
"1160",5,1,"conf_358",500,194,2.4501733651,4,5
"1161",5,1,"conf_358",1500,194,0.1850404695,4,5
"1162",5,1,"conf_358",2500,194,0.0438588725,4,5
"1163",5,1,"conf_358",5000,194,0.0002819684,4,5
"1164",5,1,"conf_358",7500,194,5.808e-06,4,5
"1165",5,1,"conf_358",250,195,2.2248006718,4,5
"1166",5,1,"conf_358",500,195,1.0450939932,4,5
"1167",5,1,"conf_358",1500,195,0.1593808813,4,5
"1168",5,1,"conf_358",2500,195,0.0574322734,4,5
"1169",5,1,"conf_358",5000,195,0.0003841545,4,5
"1170",5,1,"conf_358",7500,195,3.7274e-06,4,5
"1171",5,1,"conf_358",250,196,5.0944385211,4,5
"1172",5,1,"conf_358",500,196,2.5569053263,4,5
"1173",5,1,"conf_358",1500,196,0.3036858248,4,5
"1174",5,1,"conf_358",2500,196,0.0253917277,4,5
"1175",5,1,"conf_358",5000,196,0.0002828853,4,5
"1176",5,1,"conf_358",7500,196,4.2229e-06,4,5
"1177",5,1,"conf_358",250,197,3.1054928139,4,5
"1178",5,1,"conf_358",500,197,2.9906194305,4,5
"1179",5,1,"conf_358",1500,197,0.2893219091,4,5
"1180",5,1,"conf_358",2500,197,0.0355038502,4,5
"1181",5,1,"conf_358",5000,197,0.0002906187,4,5
"1182",5,1,"conf_358",7500,197,3.4083e-06,4,5
"1183",5,1,"conf_358",250,198,1.1253715543,4,5
"1184",5,1,"conf_358",500,198,1.1253715543,4,5
"1185",5,1,"conf_358",1500,198,0.5864290455,4,5
"1186",5,1,"conf_358",2500,198,0.0325478547,4,5
"1187",5,1,"conf_358",5000,198,0.0003909445,4,5
"1188",5,1,"conf_358",7500,198,4.2226e-06,4,5
"1189",5,1,"conf_358",250,199,3.4950676856,4,5
"1190",5,1,"conf_358",500,199,2.2877567742,4,5
"1191",5,1,"conf_358",1500,199,0.2194896984,4,5
"1192",5,1,"conf_358",2500,199,0.0331552498,4,5
"1193",5,1,"conf_358",5000,199,0.0004460106,4,5
"1194",5,1,"conf_358",7500,199,9.435e-07,4,5
"1195",5,1,"conf_358",250,200,2.8971288818,4,5
"1196",5,1,"conf_358",500,200,2.5159949717,4,5
"1197",5,1,"conf_358",1500,200,0.2381673851,4,5
"1198",5,1,"conf_358",2500,200,0.0175910008,4,5
"1199",5,1,"conf_358",5000,200,0.0004275964,4,5
"1200",5,1,"conf_358",7500,200,1.1094e-06,4,5
"1201",5,10,"conf_358",250,1,14847.6723297119,1,5
"1202",5,10,"conf_358",500,1,14847.6723297119,1,5
"1203",5,10,"conf_358",1500,1,2810.209982401,1,5
"1204",5,10,"conf_358",2500,1,2136.3270165325,1,5
"1205",5,10,"conf_358",5000,1,378.6635462489,1,5
"1206",5,10,"conf_358",7500,1,29.3294326151,1,5
"1207",5,10,"conf_358",250,2,28499.0465648482,1,5
"1208",5,10,"conf_358",500,2,25692.0036613173,1,5
"1209",5,10,"conf_358",1500,2,8737.3798450856,1,5
"1210",5,10,"conf_358",2500,2,2959.7558613298,1,5
"1211",5,10,"conf_358",5000,2,484.5339798442,1,5
"1212",5,10,"conf_358",7500,2,96.9704644254,1,5
"1213",5,10,"conf_358",250,3,22326.6790602441,1,5
"1214",5,10,"conf_358",500,3,13976.1521078469,1,5
"1215",5,10,"conf_358",1500,3,1955.9525469938,1,5
"1216",5,10,"conf_358",2500,3,276.1172294179,1,5
"1217",5,10,"conf_358",5000,3,186.9476010935,1,5
"1218",5,10,"conf_358",7500,3,32.4871555827,1,5
"1219",5,10,"conf_358",250,4,59707.829310173,1,5
"1220",5,10,"conf_358",500,4,28313.9062574712,1,5
"1221",5,10,"conf_358",1500,4,10131.3845464882,1,5
"1222",5,10,"conf_358",2500,4,977.1990040191,1,5
"1223",5,10,"conf_358",5000,4,213.698113569,1,5
"1224",5,10,"conf_358",7500,4,56.3964413413,1,5
"1225",5,10,"conf_358",250,5,22204.0371021318,1,5
"1226",5,10,"conf_358",500,5,20418.7331827905,1,5
"1227",5,10,"conf_358",1500,5,4616.5012992275,1,5
"1228",5,10,"conf_358",2500,5,412.8609656467,1,5
"1229",5,10,"conf_358",5000,5,412.8609656467,1,5
"1230",5,10,"conf_358",7500,5,90.5836830794,1,5
"1231",5,10,"conf_358",250,6,47533.5200161603,1,5
"1232",5,10,"conf_358",500,6,5442.831821233,1,5
"1233",5,10,"conf_358",1500,6,2196.3287209755,1,5
"1234",5,10,"conf_358",2500,6,2196.3287209755,1,5
"1235",5,10,"conf_358",5000,6,144.9950139531,1,5
"1236",5,10,"conf_358",7500,6,25.3843792512,1,5
"1237",5,10,"conf_358",250,7,3751.3427221436,1,5
"1238",5,10,"conf_358",500,7,3751.3427221436,1,5
"1239",5,10,"conf_358",1500,7,1928.4600909928,1,5
"1240",5,10,"conf_358",2500,7,1256.3583203044,1,5
"1241",5,10,"conf_358",5000,7,546.5994352421,1,5
"1242",5,10,"conf_358",7500,7,150.6648235344,1,5
"1243",5,10,"conf_358",250,8,28503.4911737825,1,5
"1244",5,10,"conf_358",500,8,13930.4840772708,1,5
"1245",5,10,"conf_358",1500,8,13930.4840772708,1,5
"1246",5,10,"conf_358",2500,8,634.8011370702,1,5
"1247",5,10,"conf_358",5000,8,251.2359246543,1,5
"1248",5,10,"conf_358",7500,8,85.7645309693,1,5
"1249",5,10,"conf_358",250,9,13654.8424844693,1,5
"1250",5,10,"conf_358",500,9,6465.1656676696,1,5
"1251",5,10,"conf_358",1500,9,2372.9773340243,1,5
"1252",5,10,"conf_358",2500,9,345.7490290762,1,5
"1253",5,10,"conf_358",5000,9,306.9386492359,1,5
"1254",5,10,"conf_358",7500,9,107.821246383,1,5
"1255",5,10,"conf_358",250,10,3479.9958247579,1,5
"1256",5,10,"conf_358",500,10,3479.9958247579,1,5
"1257",5,10,"conf_358",1500,10,1246.182162715,1,5
"1258",5,10,"conf_358",2500,10,1246.182162715,1,5
"1259",5,10,"conf_358",5000,10,336.6971236029,1,5
"1260",5,10,"conf_358",7500,10,15.8118255949,1,5
"1261",5,10,"conf_358",250,11,21035.2404511142,1,5
"1262",5,10,"conf_358",500,11,14718.3240684889,1,5
"1263",5,10,"conf_358",1500,11,6541.763213862,1,5
"1264",5,10,"conf_358",2500,11,787.8285329566,1,5
"1265",5,10,"conf_358",5000,11,81.2272976994,1,5
"1266",5,10,"conf_358",7500,11,15.3301150002,1,5
"1267",5,10,"conf_358",250,12,29925.0891337651,1,5
"1268",5,10,"conf_358",500,12,4266.0984813095,1,5
"1269",5,10,"conf_358",1500,12,4029.09224255,1,5
"1270",5,10,"conf_358",2500,12,2251.2831041343,1,5
"1271",5,10,"conf_358",5000,12,361.8926482895,1,5
"1272",5,10,"conf_358",7500,12,283.785800372,1,5
"1273",5,10,"conf_358",250,13,20071.4354267776,1,5
"1274",5,10,"conf_358",500,13,1069.0596993375,1,5
"1275",5,10,"conf_358",1500,13,1069.0596993375,1,5
"1276",5,10,"conf_358",2500,13,1069.0596993375,1,5
"1277",5,10,"conf_358",5000,13,259.5308513973,1,5
"1278",5,10,"conf_358",7500,13,9.8625268644,1,5
"1279",5,10,"conf_358",250,14,5259.8771383187,1,5
"1280",5,10,"conf_358",500,14,5259.8771383187,1,5
"1281",5,10,"conf_358",1500,14,1055.2482010571,1,5
"1282",5,10,"conf_358",2500,14,1055.2482010571,1,5
"1283",5,10,"conf_358",5000,14,507.1663753068,1,5
"1284",5,10,"conf_358",7500,14,250.922107531,1,5
"1285",5,10,"conf_358",250,15,33885.745926061,1,5
"1286",5,10,"conf_358",500,15,16674.8800443622,1,5
"1287",5,10,"conf_358",1500,15,689.8728865156,1,5
"1288",5,10,"conf_358",2500,15,689.8728865156,1,5
"1289",5,10,"conf_358",5000,15,382.9729477285,1,5
"1290",5,10,"conf_358",7500,15,33.3377199212,1,5
"1291",5,10,"conf_358",250,16,33888.5609459724,1,5
"1292",5,10,"conf_358",500,16,31350.7815543747,1,5
"1293",5,10,"conf_358",1500,16,3838.9952992377,1,5
"1294",5,10,"conf_358",2500,16,2504.2638601623,1,5
"1295",5,10,"conf_358",5000,16,414.7612511774,1,5
"1296",5,10,"conf_358",7500,16,105.7148284897,1,5
"1297",5,10,"conf_358",250,17,3563.4136053823,1,5
"1298",5,10,"conf_358",500,17,3563.4136053823,1,5
"1299",5,10,"conf_358",1500,17,3563.4136053823,1,5
"1300",5,10,"conf_358",2500,17,2745.0093516458,1,5
"1301",5,10,"conf_358",5000,17,546.0529161268,1,5
"1302",5,10,"conf_358",7500,17,146.5903739866,1,5
"1303",5,10,"conf_358",250,18,24694.2376213237,1,5
"1304",5,10,"conf_358",500,18,16792.8200326816,1,5
"1305",5,10,"conf_358",1500,18,1529.8732623465,1,5
"1306",5,10,"conf_358",2500,18,702.0316198879,1,5
"1307",5,10,"conf_358",5000,18,42.4398312084,1,5
"1308",5,10,"conf_358",7500,18,42.4398312084,1,5
"1309",5,10,"conf_358",250,19,73777.5534109916,1,5
"1310",5,10,"conf_358",500,19,8512.8965133849,1,5
"1311",5,10,"conf_358",1500,19,2796.4769332885,1,5
"1312",5,10,"conf_358",2500,19,2588.4496602479,1,5
"1313",5,10,"conf_358",5000,19,229.6895204745,1,5
"1314",5,10,"conf_358",7500,19,135.7818320124,1,5
"1315",5,10,"conf_358",250,20,10099.6487243894,1,5
"1316",5,10,"conf_358",500,20,8593.9329753665,1,5
"1317",5,10,"conf_358",1500,20,1721.6444292586,1,5
"1318",5,10,"conf_358",2500,20,564.5916224185,1,5
"1319",5,10,"conf_358",5000,20,424.7643309244,1,5
"1320",5,10,"conf_358",7500,20,114.277495227,1,5
"1321",5,10,"conf_358",250,21,8807.7218615514,1,5
"1322",5,10,"conf_358",500,21,8807.7218615514,1,5
"1323",5,10,"conf_358",1500,21,1917.0171641362,1,5
"1324",5,10,"conf_358",2500,21,246.5543635958,1,5
"1325",5,10,"conf_358",5000,21,83.0565678129,1,5
"1326",5,10,"conf_358",7500,21,65.859181203,1,5
"1327",5,10,"conf_358",250,22,6690.7360540708,1,5
"1328",5,10,"conf_358",500,22,6690.7360540708,1,5
"1329",5,10,"conf_358",1500,22,4681.3659957044,1,5
"1330",5,10,"conf_358",2500,22,1144.7724257018,1,5
"1331",5,10,"conf_358",5000,22,227.6238284512,1,5
"1332",5,10,"conf_358",7500,22,31.989501636,1,5
"1333",5,10,"conf_358",250,23,28341.6321455303,1,5
"1334",5,10,"conf_358",500,23,21479.4089376843,1,5
"1335",5,10,"conf_358",1500,23,1132.4654444014,1,5
"1336",5,10,"conf_358",2500,23,1132.4654444014,1,5
"1337",5,10,"conf_358",5000,23,348.5704198376,1,5
"1338",5,10,"conf_358",7500,23,110.8798527394,1,5
"1339",5,10,"conf_358",250,24,6527.4630018445,1,5
"1340",5,10,"conf_358",500,24,6527.4630018445,1,5
"1341",5,10,"conf_358",1500,24,1955.2393258758,1,5
"1342",5,10,"conf_358",2500,24,376.8509543147,1,5
"1343",5,10,"conf_358",5000,24,182.3090434805,1,5
"1344",5,10,"conf_358",7500,24,12.6547539702,1,5
"1345",5,10,"conf_358",250,25,46695.7935577172,1,5
"1346",5,10,"conf_358",500,25,3935.2716377137,1,5
"1347",5,10,"conf_358",1500,25,3935.2716377137,1,5
"1348",5,10,"conf_358",2500,25,165.5271223469,1,5
"1349",5,10,"conf_358",5000,25,165.5271223469,1,5
"1350",5,10,"conf_358",7500,25,71.053452113,1,5
"1351",5,10,"conf_358",250,26,10708.1319243248,1,5
"1352",5,10,"conf_358",500,26,10159.4288386423,1,5
"1353",5,10,"conf_358",1500,26,4055.0361416701,1,5
"1354",5,10,"conf_358",2500,26,1376.9597575518,1,5
"1355",5,10,"conf_358",5000,26,580.0202524051,1,5
"1356",5,10,"conf_358",7500,26,24.1662425423,1,5
"1357",5,10,"conf_358",250,27,43727.6278835064,1,5
"1358",5,10,"conf_358",500,27,23044.5889738196,1,5
"1359",5,10,"conf_358",1500,27,1585.2789648206,1,5
"1360",5,10,"conf_358",2500,27,1078.5992530155,1,5
"1361",5,10,"conf_358",5000,27,731.5914658864,1,5
"1362",5,10,"conf_358",7500,27,80.6701703806,1,5
"1363",5,10,"conf_358",250,28,27602.8002157005,1,5
"1364",5,10,"conf_358",500,28,14785.0137543685,1,5
"1365",5,10,"conf_358",1500,28,1758.2339059409,1,5
"1366",5,10,"conf_358",2500,28,908.7727988888,1,5
"1367",5,10,"conf_358",5000,28,510.8356992493,1,5
"1368",5,10,"conf_358",7500,28,142.2296042539,1,5
"1369",5,10,"conf_358",250,29,43539.2919417456,1,5
"1370",5,10,"conf_358",500,29,6574.3595804524,1,5
"1371",5,10,"conf_358",1500,29,3712.4372006168,1,5
"1372",5,10,"conf_358",2500,29,578.2766165169,1,5
"1373",5,10,"conf_358",5000,29,201.1879647628,1,5
"1374",5,10,"conf_358",7500,29,57.8154790957,1,5
"1375",5,10,"conf_358",250,30,19400.5610393578,1,5
"1376",5,10,"conf_358",500,30,13396.6468774602,1,5
"1377",5,10,"conf_358",1500,30,11243.2079988557,1,5
"1378",5,10,"conf_358",2500,30,3380.7295718375,1,5
"1379",5,10,"conf_358",5000,30,353.4730356705,1,5
"1380",5,10,"conf_358",7500,30,10.8764760009,1,5
"1381",5,10,"conf_358",250,31,40540.2669000738,1,5
"1382",5,10,"conf_358",500,31,36186.7548932748,1,5
"1383",5,10,"conf_358",1500,31,2704.6971903162,1,5
"1384",5,10,"conf_358",2500,31,142.9721732375,1,5
"1385",5,10,"conf_358",5000,31,142.9721732375,1,5
"1386",5,10,"conf_358",7500,31,121.6583509735,1,5
"1387",5,10,"conf_358",250,32,20003.3383373184,1,5
"1388",5,10,"conf_358",500,32,18456.2912249499,1,5
"1389",5,10,"conf_358",1500,32,7402.3982498708,1,5
"1390",5,10,"conf_358",2500,32,771.3349121175,1,5
"1391",5,10,"conf_358",5000,32,268.2817459891,1,5
"1392",5,10,"conf_358",7500,32,18.8500722919,1,5
"1393",5,10,"conf_358",250,33,18956.6178744705,1,5
"1394",5,10,"conf_358",500,33,18117.4957519652,1,5
"1395",5,10,"conf_358",1500,33,2437.7165849342,1,5
"1396",5,10,"conf_358",2500,33,2437.7165849342,1,5
"1397",5,10,"conf_358",5000,33,193.3479929488,1,5
"1398",5,10,"conf_358",7500,33,122.0964699769,1,5
"1399",5,10,"conf_358",250,34,34633.9832862468,1,5
"1400",5,10,"conf_358",500,34,34633.9832862468,1,5
"1401",5,10,"conf_358",1500,34,3569.4330238796,1,5
"1402",5,10,"conf_358",2500,34,1052.3017564593,1,5
"1403",5,10,"conf_358",5000,34,797.4840197986,1,5
"1404",5,10,"conf_358",7500,34,198.4371485559,1,5
"1405",5,10,"conf_358",250,35,6359.7100934292,1,5
"1406",5,10,"conf_358",500,35,6359.7100934292,1,5
"1407",5,10,"conf_358",1500,35,2526.7628577741,1,5
"1408",5,10,"conf_358",2500,35,1863.5849588861,1,5
"1409",5,10,"conf_358",5000,35,82.2816511029,1,5
"1410",5,10,"conf_358",7500,35,70.270929427,1,5
"1411",5,10,"conf_358",250,36,58399.1402849254,1,5
"1412",5,10,"conf_358",500,36,9314.7305092709,1,5
"1413",5,10,"conf_358",1500,36,2228.3180028123,1,5
"1414",5,10,"conf_358",2500,36,1372.7507967246,1,5
"1415",5,10,"conf_358",5000,36,177.8933270336,1,5
"1416",5,10,"conf_358",7500,36,49.7418942545,1,5
"1417",5,10,"conf_358",250,37,29919.1896026402,1,5
"1418",5,10,"conf_358",500,37,26244.6948910837,1,5
"1419",5,10,"conf_358",1500,37,4993.997721969,1,5
"1420",5,10,"conf_358",2500,37,1169.6235730516,1,5
"1421",5,10,"conf_358",5000,37,44.9090517738,1,5
"1422",5,10,"conf_358",7500,37,44.9090517738,1,5
"1423",5,10,"conf_358",250,38,25217.7676666833,1,5
"1424",5,10,"conf_358",500,38,18027.5822427009,1,5
"1425",5,10,"conf_358",1500,38,1241.2571108095,1,5
"1426",5,10,"conf_358",2500,38,1174.9683685504,1,5
"1427",5,10,"conf_358",5000,38,423.2663025837,1,5
"1428",5,10,"conf_358",7500,38,117.1771691137,1,5
"1429",5,10,"conf_358",250,39,18606.8022428998,1,5
"1430",5,10,"conf_358",500,39,8552.5742143219,1,5
"1431",5,10,"conf_358",1500,39,2850.0259829225,1,5
"1432",5,10,"conf_358",2500,39,1496.9146277247,1,5
"1433",5,10,"conf_358",5000,39,96.6532702851,1,5
"1434",5,10,"conf_358",7500,39,87.2665851501,1,5
"1435",5,10,"conf_358",250,40,19457.5259477727,1,5
"1436",5,10,"conf_358",500,40,17931.8968123197,1,5
"1437",5,10,"conf_358",1500,40,3665.9629370058,1,5
"1438",5,10,"conf_358",2500,40,3665.9629370058,1,5
"1439",5,10,"conf_358",5000,40,733.3558920774,1,5
"1440",5,10,"conf_358",7500,40,143.4831194226,1,5
"1441",5,10,"conf_358",250,41,1487.0896244926,1,5
"1442",5,10,"conf_358",500,41,1487.0896244926,1,5
"1443",5,10,"conf_358",1500,41,1487.0896244926,1,5
"1444",5,10,"conf_358",2500,41,1358.990087634,1,5
"1445",5,10,"conf_358",5000,41,496.5056285119,1,5
"1446",5,10,"conf_358",7500,41,203.9781176557,1,5
"1447",5,10,"conf_358",250,42,3778.2782150837,1,5
"1448",5,10,"conf_358",500,42,3778.2782150837,1,5
"1449",5,10,"conf_358",1500,42,1358.8220127357,1,5
"1450",5,10,"conf_358",2500,42,1329.6617993516,1,5
"1451",5,10,"conf_358",5000,42,114.9140058929,1,5
"1452",5,10,"conf_358",7500,42,56.6904126864,1,5
"1453",5,10,"conf_358",250,43,26221.4033454734,1,5
"1454",5,10,"conf_358",500,43,8935.6646637123,1,5
"1455",5,10,"conf_358",1500,43,3314.4939163478,1,5
"1456",5,10,"conf_358",2500,43,1526.670768179,1,5
"1457",5,10,"conf_358",5000,43,176.300843959,1,5
"1458",5,10,"conf_358",7500,43,19.4797500807,1,5
"1459",5,10,"conf_358",250,44,12174.3426857407,1,5
"1460",5,10,"conf_358",500,44,666.3343493155,1,5
"1461",5,10,"conf_358",1500,44,666.3343493155,1,5
"1462",5,10,"conf_358",2500,44,161.6209023625,1,5
"1463",5,10,"conf_358",5000,44,135.9519880579,1,5
"1464",5,10,"conf_358",7500,44,135.9519880579,1,5
"1465",5,10,"conf_358",250,45,20289.7203754583,1,5
"1466",5,10,"conf_358",500,45,1886.2822541401,1,5
"1467",5,10,"conf_358",1500,45,1027.2329986802,1,5
"1468",5,10,"conf_358",2500,45,1027.2329986802,1,5
"1469",5,10,"conf_358",5000,45,56.451844949,1,5
"1470",5,10,"conf_358",7500,45,47.7312886623,1,5
"1471",5,10,"conf_358",250,46,17928.7730617815,1,5
"1472",5,10,"conf_358",500,46,11026.9873668408,1,5
"1473",5,10,"conf_358",1500,46,2474.916346307,1,5
"1474",5,10,"conf_358",2500,46,2474.916346307,1,5
"1475",5,10,"conf_358",5000,46,296.5148163319,1,5
"1476",5,10,"conf_358",7500,46,101.4585748778,1,5
"1477",5,10,"conf_358",250,47,25630.806912099,1,5
"1478",5,10,"conf_358",500,47,25630.806912099,1,5
"1479",5,10,"conf_358",1500,47,2579.7593936843,1,5
"1480",5,10,"conf_358",2500,47,1586.7384203425,1,5
"1481",5,10,"conf_358",5000,47,229.1208994976,1,5
"1482",5,10,"conf_358",7500,47,33.6783485488,1,5
"1483",5,10,"conf_358",250,48,41758.3678084911,1,5
"1484",5,10,"conf_358",500,48,36716.0911584453,1,5
"1485",5,10,"conf_358",1500,48,4788.9520366531,1,5
"1486",5,10,"conf_358",2500,48,1175.1543490189,1,5
"1487",5,10,"conf_358",5000,48,358.5680918416,1,5
"1488",5,10,"conf_358",7500,48,51.6598509873,1,5
"1489",5,10,"conf_358",250,49,23384.2140319462,1,5
"1490",5,10,"conf_358",500,49,2064.2457330318,1,5
"1491",5,10,"conf_358",1500,49,941.6586114935,1,5
"1492",5,10,"conf_358",2500,49,115.5085973218,1,5
"1493",5,10,"conf_358",5000,49,115.5085973218,1,5
"1494",5,10,"conf_358",7500,49,56.7695333654,1,5
"1495",5,10,"conf_358",250,50,63620.100079004,1,5
"1496",5,10,"conf_358",500,50,63620.100079004,1,5
"1497",5,10,"conf_358",1500,50,4392.2653293475,1,5
"1498",5,10,"conf_358",2500,50,496.8993357825,1,5
"1499",5,10,"conf_358",5000,50,275.9951552461,1,5
"1500",5,10,"conf_358",7500,50,7.0862668396,1,5
"1501",5,10,"conf_358",250,51,19276.9142099149,2,5
"1502",5,10,"conf_358",500,51,14281.9867508505,2,5
"1503",5,10,"conf_358",1500,51,1598.7508360492,2,5
"1504",5,10,"conf_358",2500,51,496.2642973053,2,5
"1505",5,10,"conf_358",5000,51,113.4112685701,2,5
"1506",5,10,"conf_358",7500,51,93.2726580282,2,5
"1507",5,10,"conf_358",250,52,13784.0652009586,2,5
"1508",5,10,"conf_358",500,52,2956.1814899415,2,5
"1509",5,10,"conf_358",1500,52,2912.5443304032,2,5
"1510",5,10,"conf_358",2500,52,354.399536186,2,5
"1511",5,10,"conf_358",5000,52,103.7105288266,2,5
"1512",5,10,"conf_358",7500,52,69.9991060729,2,5
"1513",5,10,"conf_358",250,53,57476.5668380988,2,5
"1514",5,10,"conf_358",500,53,2973.4256304562,2,5
"1515",5,10,"conf_358",1500,53,2330.7901436078,2,5
"1516",5,10,"conf_358",2500,53,728.023141917,2,5
"1517",5,10,"conf_358",5000,53,405.7900232756,2,5
"1518",5,10,"conf_358",7500,53,17.189013185,2,5
"1519",5,10,"conf_358",250,54,44566.6096539954,2,5
"1520",5,10,"conf_358",500,54,17173.9576096869,2,5
"1521",5,10,"conf_358",1500,54,2660.4781952647,2,5
"1522",5,10,"conf_358",2500,54,2193.0405215348,2,5
"1523",5,10,"conf_358",5000,54,464.4143558215,2,5
"1524",5,10,"conf_358",7500,54,61.2243530265,2,5
"1525",5,10,"conf_358",250,55,11917.3144060154,2,5
"1526",5,10,"conf_358",500,55,11917.3144060154,2,5
"1527",5,10,"conf_358",1500,55,6310.0110254906,2,5
"1528",5,10,"conf_358",2500,55,1103.0365034372,2,5
"1529",5,10,"conf_358",5000,55,326.3627413458,2,5
"1530",5,10,"conf_358",7500,55,166.8452316143,2,5
"1531",5,10,"conf_358",250,56,34807.2907697641,2,5
"1532",5,10,"conf_358",500,56,34807.2907697641,2,5
"1533",5,10,"conf_358",1500,56,3118.7620018225,2,5
"1534",5,10,"conf_358",2500,56,2453.8074509989,2,5
"1535",5,10,"conf_358",5000,56,461.9683527206,2,5
"1536",5,10,"conf_358",7500,56,163.5685722124,2,5
"1537",5,10,"conf_358",250,57,17573.0820993847,2,5
"1538",5,10,"conf_358",500,57,17573.0820993847,2,5
"1539",5,10,"conf_358",1500,57,255.8699822245,2,5
"1540",5,10,"conf_358",2500,57,255.8699822245,2,5
"1541",5,10,"conf_358",5000,57,255.8699822245,2,5
"1542",5,10,"conf_358",7500,57,76.0095366098,2,5
"1543",5,10,"conf_358",250,58,32215.4189510453,2,5
"1544",5,10,"conf_358",500,58,7032.7975383263,2,5
"1545",5,10,"conf_358",1500,58,6617.6866852529,2,5
"1546",5,10,"conf_358",2500,58,2415.4687278341,2,5
"1547",5,10,"conf_358",5000,58,290.729959884,2,5
"1548",5,10,"conf_358",7500,58,131.4164084339,2,5
"1549",5,10,"conf_358",250,59,29991.538508244,2,5
"1550",5,10,"conf_358",500,59,20544.6466263499,2,5
"1551",5,10,"conf_358",1500,59,1110.2936739951,2,5
"1552",5,10,"conf_358",2500,59,1110.2936739951,2,5
"1553",5,10,"conf_358",5000,59,516.4193354724,2,5
"1554",5,10,"conf_358",7500,59,180.2394717592,2,5
"1555",5,10,"conf_358",250,60,48040.0325407555,2,5
"1556",5,10,"conf_358",500,60,22824.8849063278,2,5
"1557",5,10,"conf_358",1500,60,2919.0287185356,2,5
"1558",5,10,"conf_358",2500,60,620.9361302297,2,5
"1559",5,10,"conf_358",5000,60,620.9361302297,2,5
"1560",5,10,"conf_358",7500,60,251.4580441079,2,5
"1561",5,10,"conf_358",250,61,11847.9860181246,2,5
"1562",5,10,"conf_358",500,61,11847.9860181246,2,5
"1563",5,10,"conf_358",1500,61,2161.4315075137,2,5
"1564",5,10,"conf_358",2500,61,842.8812750197,2,5
"1565",5,10,"conf_358",5000,61,212.1990414545,2,5
"1566",5,10,"conf_358",7500,61,171.1326178757,2,5
"1567",5,10,"conf_358",250,62,25821.575590586,2,5
"1568",5,10,"conf_358",500,62,1739.5777512277,2,5
"1569",5,10,"conf_358",1500,62,1739.5777512277,2,5
"1570",5,10,"conf_358",2500,62,1739.5777512277,2,5
"1571",5,10,"conf_358",5000,62,382.5785756933,2,5
"1572",5,10,"conf_358",7500,62,45.4543776877,2,5
"1573",5,10,"conf_358",250,63,1735.7857973063,2,5
"1574",5,10,"conf_358",500,63,1735.7857973063,2,5
"1575",5,10,"conf_358",1500,63,1735.7857973063,2,5
"1576",5,10,"conf_358",2500,63,1735.7857973063,2,5
"1577",5,10,"conf_358",5000,63,463.1743146072,2,5
"1578",5,10,"conf_358",7500,63,74.6477660612,2,5
"1579",5,10,"conf_358",250,64,1975.1044356297,2,5
"1580",5,10,"conf_358",500,64,1975.1044356297,2,5
"1581",5,10,"conf_358",1500,64,1678.0557012604,2,5
"1582",5,10,"conf_358",2500,64,1678.0557012604,2,5
"1583",5,10,"conf_358",5000,64,426.471799503,2,5
"1584",5,10,"conf_358",7500,64,67.1366419144,2,5
"1585",5,10,"conf_358",250,65,81049.7235092178,2,5
"1586",5,10,"conf_358",500,65,2761.7350469706,2,5
"1587",5,10,"conf_358",1500,65,2761.7350469706,2,5
"1588",5,10,"conf_358",2500,65,1483.7726677096,2,5
"1589",5,10,"conf_358",5000,65,141.5114405328,2,5
"1590",5,10,"conf_358",7500,65,59.4902633966,2,5
"1591",5,10,"conf_358",250,66,2737.0684821284,2,5
"1592",5,10,"conf_358",500,66,2737.0684821284,2,5
"1593",5,10,"conf_358",1500,66,2737.0684821284,2,5
"1594",5,10,"conf_358",2500,66,1665.5278603817,2,5
"1595",5,10,"conf_358",5000,66,804.2666154433,2,5
"1596",5,10,"conf_358",7500,66,180.8831794673,2,5
"1597",5,10,"conf_358",250,67,20168.3035589006,2,5
"1598",5,10,"conf_358",500,67,13015.0836311499,2,5
"1599",5,10,"conf_358",1500,67,4298.2715107943,2,5
"1600",5,10,"conf_358",2500,67,83.495738292,2,5
"1601",5,10,"conf_358",5000,67,83.495738292,2,5
"1602",5,10,"conf_358",7500,67,70.9225983352,2,5
"1603",5,10,"conf_358",250,68,19027.682125681,2,5
"1604",5,10,"conf_358",500,68,19027.682125681,2,5
"1605",5,10,"conf_358",1500,68,3553.994815944,2,5
"1606",5,10,"conf_358",2500,68,1518.9463341822,2,5
"1607",5,10,"conf_358",5000,68,311.3549822211,2,5
"1608",5,10,"conf_358",7500,68,43.7466717308,2,5
"1609",5,10,"conf_358",250,69,28809.9466794057,2,5
"1610",5,10,"conf_358",500,69,28809.9466794057,2,5
"1611",5,10,"conf_358",1500,69,3108.3876685068,2,5
"1612",5,10,"conf_358",2500,69,226.0219484567,2,5
"1613",5,10,"conf_358",5000,69,86.6559190225,2,5
"1614",5,10,"conf_358",7500,69,61.3024068457,2,5
"1615",5,10,"conf_358",250,70,20218.5002635024,2,5
"1616",5,10,"conf_358",500,70,6566.8445044751,2,5
"1617",5,10,"conf_358",1500,70,2928.1683423824,2,5
"1618",5,10,"conf_358",2500,70,669.7234254364,2,5
"1619",5,10,"conf_358",5000,70,206.807231948,2,5
"1620",5,10,"conf_358",7500,70,159.2065420806,2,5
"1621",5,10,"conf_358",250,71,47475.4959208522,2,5
"1622",5,10,"conf_358",500,71,8700.1806650194,2,5
"1623",5,10,"conf_358",1500,71,2849.9720235491,2,5
"1624",5,10,"conf_358",2500,71,2849.9720235491,2,5
"1625",5,10,"conf_358",5000,71,48.3203101613,2,5
"1626",5,10,"conf_358",7500,71,6.4507236405,2,5
"1627",5,10,"conf_358",250,72,24151.0686079321,2,5
"1628",5,10,"conf_358",500,72,7227.3672183517,2,5
"1629",5,10,"conf_358",1500,72,1395.4731390734,2,5
"1630",5,10,"conf_358",2500,72,1318.4347881654,2,5
"1631",5,10,"conf_358",5000,72,828.97507043,2,5
"1632",5,10,"conf_358",7500,72,98.6670149091,2,5
"1633",5,10,"conf_358",250,73,49825.1370108071,2,5
"1634",5,10,"conf_358",500,73,29063.0465854606,2,5
"1635",5,10,"conf_358",1500,73,3719.4680452008,2,5
"1636",5,10,"conf_358",2500,73,2841.6700552342,2,5
"1637",5,10,"conf_358",5000,73,173.5764004373,2,5
"1638",5,10,"conf_358",7500,73,72.0923850088,2,5
"1639",5,10,"conf_358",250,74,11447.0457316472,2,5
"1640",5,10,"conf_358",500,74,9425.2135307619,2,5
"1641",5,10,"conf_358",1500,74,3982.0366117054,2,5
"1642",5,10,"conf_358",2500,74,134.2013255076,2,5
"1643",5,10,"conf_358",5000,74,134.2013255076,2,5
"1644",5,10,"conf_358",7500,74,85.4767736104,2,5
"1645",5,10,"conf_358",250,75,36835.4356989183,2,5
"1646",5,10,"conf_358",500,75,29690.9895597108,2,5
"1647",5,10,"conf_358",1500,75,192.9329806884,2,5
"1648",5,10,"conf_358",2500,75,192.9329806884,2,5
"1649",5,10,"conf_358",5000,75,177.82034024,2,5
"1650",5,10,"conf_358",7500,75,115.7945151193,2,5
"1651",5,10,"conf_358",250,76,48308.0239672538,2,5
"1652",5,10,"conf_358",500,76,41027.5119678524,2,5
"1653",5,10,"conf_358",1500,76,2044.7418401873,2,5
"1654",5,10,"conf_358",2500,76,448.9742351114,2,5
"1655",5,10,"conf_358",5000,76,339.7168697128,2,5
"1656",5,10,"conf_358",7500,76,65.1498818703,2,5
"1657",5,10,"conf_358",250,77,3236.0633158342,2,5
"1658",5,10,"conf_358",500,77,2383.990190124,2,5
"1659",5,10,"conf_358",1500,77,2383.990190124,2,5
"1660",5,10,"conf_358",2500,77,2383.990190124,2,5
"1661",5,10,"conf_358",5000,77,163.9306869619,2,5
"1662",5,10,"conf_358",7500,77,139.9062673018,2,5
"1663",5,10,"conf_358",250,78,74290.4362881732,2,5
"1664",5,10,"conf_358",500,78,14850.5581821171,2,5
"1665",5,10,"conf_358",1500,78,746.0567779285,2,5
"1666",5,10,"conf_358",2500,78,746.0567779285,2,5
"1667",5,10,"conf_358",5000,78,261.06399091,2,5
"1668",5,10,"conf_358",7500,78,65.4558484651,2,5
"1669",5,10,"conf_358",250,79,16936.4896223071,2,5
"1670",5,10,"conf_358",500,79,15025.9670728733,2,5
"1671",5,10,"conf_358",1500,79,4654.3383379863,2,5
"1672",5,10,"conf_358",2500,79,620.1337161871,2,5
"1673",5,10,"conf_358",5000,79,270.8553823824,2,5
"1674",5,10,"conf_358",7500,79,139.0644833425,2,5
"1675",5,10,"conf_358",250,80,28221.0950027643,2,5
"1676",5,10,"conf_358",500,80,17486.3809580007,2,5
"1677",5,10,"conf_358",1500,80,2119.0138385982,2,5
"1678",5,10,"conf_358",2500,80,2119.0138385982,2,5
"1679",5,10,"conf_358",5000,80,432.4646754488,2,5
"1680",5,10,"conf_358",7500,80,138.4696211294,2,5
"1681",5,10,"conf_358",250,81,28100.5478481327,2,5
"1682",5,10,"conf_358",500,81,17086.1030866731,2,5
"1683",5,10,"conf_358",1500,81,3831.0246859987,2,5
"1684",5,10,"conf_358",2500,81,557.8516573721,2,5
"1685",5,10,"conf_358",5000,81,510.4304066464,2,5
"1686",5,10,"conf_358",7500,81,98.6125572666,2,5
"1687",5,10,"conf_358",250,82,28080.1330447325,2,5
"1688",5,10,"conf_358",500,82,27712.7204858019,2,5
"1689",5,10,"conf_358",1500,82,3952.1135430066,2,5
"1690",5,10,"conf_358",2500,82,3952.1135430066,2,5
"1691",5,10,"conf_358",5000,82,719.4806267919,2,5
"1692",5,10,"conf_358",7500,82,160.7635909675,2,5
"1693",5,10,"conf_358",250,83,19519.4307920272,2,5
"1694",5,10,"conf_358",500,83,10330.7913792224,2,5
"1695",5,10,"conf_358",1500,83,117.5938392334,2,5
"1696",5,10,"conf_358",2500,83,117.5938392334,2,5
"1697",5,10,"conf_358",5000,83,117.5938392334,2,5
"1698",5,10,"conf_358",7500,83,65.4448721638,2,5
"1699",5,10,"conf_358",250,84,101581.328938526,2,5
"1700",5,10,"conf_358",500,84,14992.0463272322,2,5
"1701",5,10,"conf_358",1500,84,2655.3981292172,2,5
"1702",5,10,"conf_358",2500,84,1309.2488765223,2,5
"1703",5,10,"conf_358",5000,84,400.5884458273,2,5
"1704",5,10,"conf_358",7500,84,72.8358442775,2,5
"1705",5,10,"conf_358",250,85,55518.8071016401,2,5
"1706",5,10,"conf_358",500,85,14037.9861055726,2,5
"1707",5,10,"conf_358",1500,85,6815.245780877,2,5
"1708",5,10,"conf_358",2500,85,1021.8178635913,2,5
"1709",5,10,"conf_358",5000,85,338.8716076878,2,5
"1710",5,10,"conf_358",7500,85,70.1310024175,2,5
"1711",5,10,"conf_358",250,86,2323.5750509869,2,5
"1712",5,10,"conf_358",500,86,900.5114375047,2,5
"1713",5,10,"conf_358",1500,86,900.5114375047,2,5
"1714",5,10,"conf_358",2500,86,826.8921977777,2,5
"1715",5,10,"conf_358",5000,86,152.7566717926,2,5
"1716",5,10,"conf_358",7500,86,48.5506213436,2,5
"1717",5,10,"conf_358",250,87,49583.5648512575,2,5
"1718",5,10,"conf_358",500,87,29221.8798110017,2,5
"1719",5,10,"conf_358",1500,87,6666.7200127206,2,5
"1720",5,10,"conf_358",2500,87,3479.7168216761,2,5
"1721",5,10,"conf_358",5000,87,668.3872502158,2,5
"1722",5,10,"conf_358",7500,87,138.146843257,2,5
"1723",5,10,"conf_358",250,88,8602.6570301864,2,5
"1724",5,10,"conf_358",500,88,8602.6570301864,2,5
"1725",5,10,"conf_358",1500,88,1333.1521638596,2,5
"1726",5,10,"conf_358",2500,88,1333.1521638596,2,5
"1727",5,10,"conf_358",5000,88,319.7556004737,2,5
"1728",5,10,"conf_358",7500,88,151.1406944367,2,5
"1729",5,10,"conf_358",250,89,8286.6528111062,2,5
"1730",5,10,"conf_358",500,89,6214.4472802752,2,5
"1731",5,10,"conf_358",1500,89,3031.7374940472,2,5
"1732",5,10,"conf_358",2500,89,2543.0633553154,2,5
"1733",5,10,"conf_358",5000,89,322.8216736378,2,5
"1734",5,10,"conf_358",7500,89,107.3253978704,2,5
"1735",5,10,"conf_358",250,90,24943.3836594537,2,5
"1736",5,10,"conf_358",500,90,10863.7047865731,2,5
"1737",5,10,"conf_358",1500,90,5613.6712567525,2,5
"1738",5,10,"conf_358",2500,90,509.3317341244,2,5
"1739",5,10,"conf_358",5000,90,452.3944495898,2,5
"1740",5,10,"conf_358",7500,90,61.5419875551,2,5
"1741",5,10,"conf_358",250,91,4175.9978750521,2,5
"1742",5,10,"conf_358",500,91,4175.9978750521,2,5
"1743",5,10,"conf_358",1500,91,823.1965970875,2,5
"1744",5,10,"conf_358",2500,91,823.1965970875,2,5
"1745",5,10,"conf_358",5000,91,534.964342542,2,5
"1746",5,10,"conf_358",7500,91,123.5516045794,2,5
"1747",5,10,"conf_358",250,92,556.0038091292,2,5
"1748",5,10,"conf_358",500,92,556.0038091292,2,5
"1749",5,10,"conf_358",1500,92,556.0038091292,2,5
"1750",5,10,"conf_358",2500,92,174.998008853,2,5
"1751",5,10,"conf_358",5000,92,174.998008853,2,5
"1752",5,10,"conf_358",7500,92,46.8810939297,2,5
"1753",5,10,"conf_358",250,93,18511.6570984655,2,5
"1754",5,10,"conf_358",500,93,4924.3071233704,2,5
"1755",5,10,"conf_358",1500,93,1290.2020295397,2,5
"1756",5,10,"conf_358",2500,93,896.1531897631,2,5
"1757",5,10,"conf_358",5000,93,117.7993402442,2,5
"1758",5,10,"conf_358",7500,93,117.7993402442,2,5
"1759",5,10,"conf_358",250,94,16545.3934270566,2,5
"1760",5,10,"conf_358",500,94,6430.5734430294,2,5
"1761",5,10,"conf_358",1500,94,5595.4619762776,2,5
"1762",5,10,"conf_358",2500,94,1254.5471488592,2,5
"1763",5,10,"conf_358",5000,94,168.133185134,2,5
"1764",5,10,"conf_358",7500,94,168.133185134,2,5
"1765",5,10,"conf_358",250,95,6599.6699977654,2,5
"1766",5,10,"conf_358",500,95,6599.6699977654,2,5
"1767",5,10,"conf_358",1500,95,1915.6609842872,2,5
"1768",5,10,"conf_358",2500,95,1915.6609842872,2,5
"1769",5,10,"conf_358",5000,95,284.716789506,2,5
"1770",5,10,"conf_358",7500,95,73.6320508628,2,5
"1771",5,10,"conf_358",250,96,71530.9119074466,2,5
"1772",5,10,"conf_358",500,96,11447.4211306764,2,5
"1773",5,10,"conf_358",1500,96,720.867419735,2,5
"1774",5,10,"conf_358",2500,96,720.867419735,2,5
"1775",5,10,"conf_358",5000,96,252.5928176192,2,5
"1776",5,10,"conf_358",7500,96,154.3426287077,2,5
"1777",5,10,"conf_358",250,97,39719.0512411131,2,5
"1778",5,10,"conf_358",500,97,12039.5292944284,2,5
"1779",5,10,"conf_358",1500,97,2303.1930283198,2,5
"1780",5,10,"conf_358",2500,97,2303.1930283198,2,5
"1781",5,10,"conf_358",5000,97,636.7772469338,2,5
"1782",5,10,"conf_358",7500,97,74.7401551595,2,5
"1783",5,10,"conf_358",250,98,45543.5455704262,2,5
"1784",5,10,"conf_358",500,98,12299.8600036155,2,5
"1785",5,10,"conf_358",1500,98,2926.2736419307,2,5
"1786",5,10,"conf_358",2500,98,707.9766732414,2,5
"1787",5,10,"conf_358",5000,98,116.8921956239,2,5
"1788",5,10,"conf_358",7500,98,69.2130250701,2,5
"1789",5,10,"conf_358",250,99,29327.7204911288,2,5
"1790",5,10,"conf_358",500,99,14859.6081775987,2,5
"1791",5,10,"conf_358",1500,99,13467.555005217,2,5
"1792",5,10,"conf_358",2500,99,7874.7128141148,2,5
"1793",5,10,"conf_358",5000,99,569.786799724,2,5
"1794",5,10,"conf_358",7500,99,17.375461205,2,5
"1795",5,10,"conf_358",250,100,2549.6226383272,2,5
"1796",5,10,"conf_358",500,100,2549.6226383272,2,5
"1797",5,10,"conf_358",1500,100,676.6886462797,2,5
"1798",5,10,"conf_358",2500,100,537.7950156082,2,5
"1799",5,10,"conf_358",5000,100,537.7950156082,2,5
"1800",5,10,"conf_358",7500,100,129.2216105513,2,5
"1801",5,10,"conf_358",250,101,13881.9114339568,3,5
"1802",5,10,"conf_358",500,101,13881.9114339568,3,5
"1803",5,10,"conf_358",1500,101,2173.9194071018,3,5
"1804",5,10,"conf_358",2500,101,2173.9194071018,3,5
"1805",5,10,"conf_358",5000,101,229.1204494049,3,5
"1806",5,10,"conf_358",7500,101,75.2286127358,3,5
"1807",5,10,"conf_358",250,102,52668.516635326,3,5
"1808",5,10,"conf_358",500,102,6888.1414433157,3,5
"1809",5,10,"conf_358",1500,102,2515.5817414442,3,5
"1810",5,10,"conf_358",2500,102,2008.9701170162,3,5
"1811",5,10,"conf_358",5000,102,124.7263185964,3,5
"1812",5,10,"conf_358",7500,102,25.5573995978,3,5
"1813",5,10,"conf_358",250,103,37023.0626584934,3,5
"1814",5,10,"conf_358",500,103,32719.5424312334,3,5
"1815",5,10,"conf_358",1500,103,3605.3648420853,3,5
"1816",5,10,"conf_358",2500,103,874.7901119998,3,5
"1817",5,10,"conf_358",5000,103,227.8312154936,3,5
"1818",5,10,"conf_358",7500,103,227.8312154936,3,5
"1819",5,10,"conf_358",250,104,23421.9741408744,3,5
"1820",5,10,"conf_358",500,104,6668.6652867283,3,5
"1821",5,10,"conf_358",1500,104,404.9935948529,3,5
"1822",5,10,"conf_358",2500,104,296.0776083304,3,5
"1823",5,10,"conf_358",5000,104,176.6545770928,3,5
"1824",5,10,"conf_358",7500,104,58.9659100082,3,5
"1825",5,10,"conf_358",250,105,17725.60646133,3,5
"1826",5,10,"conf_358",500,105,7455.4598128339,3,5
"1827",5,10,"conf_358",1500,105,6280.0301419252,3,5
"1828",5,10,"conf_358",2500,105,1139.6290527388,3,5
"1829",5,10,"conf_358",5000,105,164.6466485338,3,5
"1830",5,10,"conf_358",7500,105,24.9640063763,3,5
"1831",5,10,"conf_358",250,106,38926.2775352922,3,5
"1832",5,10,"conf_358",500,106,21179.4419306394,3,5
"1833",5,10,"conf_358",1500,106,3679.4128140333,3,5
"1834",5,10,"conf_358",2500,106,979.7084039599,3,5
"1835",5,10,"conf_358",5000,106,312.8284489542,3,5
"1836",5,10,"conf_358",7500,106,91.4595754213,3,5
"1837",5,10,"conf_358",250,107,17493.5747387231,3,5
"1838",5,10,"conf_358",500,107,17493.5747387231,3,5
"1839",5,10,"conf_358",1500,107,4320.2449949489,3,5
"1840",5,10,"conf_358",2500,107,387.0464753992,3,5
"1841",5,10,"conf_358",5000,107,140.3557325054,3,5
"1842",5,10,"conf_358",7500,107,55.0440236663,3,5
"1843",5,10,"conf_358",250,108,41816.2878564621,3,5
"1844",5,10,"conf_358",500,108,7233.3858691711,3,5
"1845",5,10,"conf_358",1500,108,5410.0419826565,3,5
"1846",5,10,"conf_358",2500,108,580.3408932759,3,5
"1847",5,10,"conf_358",5000,108,140.7263545051,3,5
"1848",5,10,"conf_358",7500,108,86.741707999,3,5
"1849",5,10,"conf_358",250,109,1412.9115795187,3,5
"1850",5,10,"conf_358",500,109,1412.9115795187,3,5
"1851",5,10,"conf_358",1500,109,1412.9115795187,3,5
"1852",5,10,"conf_358",2500,109,1412.9115795187,3,5
"1853",5,10,"conf_358",5000,109,347.823167537,3,5
"1854",5,10,"conf_358",7500,109,35.3528244907,3,5
"1855",5,10,"conf_358",250,110,29710.8260716748,3,5
"1856",5,10,"conf_358",500,110,8845.8437426272,3,5
"1857",5,10,"conf_358",1500,110,4701.3402756221,3,5
"1858",5,10,"conf_358",2500,110,2645.1069513739,3,5
"1859",5,10,"conf_358",5000,110,553.1162679823,3,5
"1860",5,10,"conf_358",7500,110,88.7266457581,3,5
"1861",5,10,"conf_358",250,111,25831.5108405834,3,5
"1862",5,10,"conf_358",500,111,10173.1492935124,3,5
"1863",5,10,"conf_358",1500,111,6187.3920370043,3,5
"1864",5,10,"conf_358",2500,111,2195.7020510463,3,5
"1865",5,10,"conf_358",5000,111,432.6493902049,3,5
"1866",5,10,"conf_358",7500,111,119.6595387223,3,5
"1867",5,10,"conf_358",250,112,16966.7827351379,3,5
"1868",5,10,"conf_358",500,112,2495.0525543751,3,5
"1869",5,10,"conf_358",1500,112,2135.5960128399,3,5
"1870",5,10,"conf_358",2500,112,376.1587060542,3,5
"1871",5,10,"conf_358",5000,112,376.1587060542,3,5
"1872",5,10,"conf_358",7500,112,52.1738946162,3,5
"1873",5,10,"conf_358",250,113,17508.6201070773,3,5
"1874",5,10,"conf_358",500,113,14230.7047613554,3,5
"1875",5,10,"conf_358",1500,113,3183.2590603242,3,5
"1876",5,10,"conf_358",2500,113,1695.5012799838,3,5
"1877",5,10,"conf_358",5000,113,122.2358825955,3,5
"1878",5,10,"conf_358",7500,113,85.0692752517,3,5
"1879",5,10,"conf_358",250,114,9981.0000935434,3,5
"1880",5,10,"conf_358",500,114,9981.0000935434,3,5
"1881",5,10,"conf_358",1500,114,3518.5744329945,3,5
"1882",5,10,"conf_358",2500,114,1653.529031966,3,5
"1883",5,10,"conf_358",5000,114,101.1979508882,3,5
"1884",5,10,"conf_358",7500,114,101.1979508882,3,5
"1885",5,10,"conf_358",250,115,49962.0531311152,3,5
"1886",5,10,"conf_358",500,115,9944.1651961194,3,5
"1887",5,10,"conf_358",1500,115,2041.0128657339,3,5
"1888",5,10,"conf_358",2500,115,1489.396561415,3,5
"1889",5,10,"conf_358",5000,115,148.3974063631,3,5
"1890",5,10,"conf_358",7500,115,74.3179865561,3,5
"1891",5,10,"conf_358",250,116,7512.0225951186,3,5
"1892",5,10,"conf_358",500,116,7512.0225951186,3,5
"1893",5,10,"conf_358",1500,116,1833.3095588734,3,5
"1894",5,10,"conf_358",2500,116,763.7233215986,3,5
"1895",5,10,"conf_358",5000,116,235.2224561438,3,5
"1896",5,10,"conf_358",7500,116,73.4329462902,3,5
"1897",5,10,"conf_358",250,117,30037.2245928675,3,5
"1898",5,10,"conf_358",500,117,727.9200428746,3,5
"1899",5,10,"conf_358",1500,117,706.1378754405,3,5
"1900",5,10,"conf_358",2500,117,395.9735174305,3,5
"1901",5,10,"conf_358",5000,117,232.4951846235,3,5
"1902",5,10,"conf_358",7500,117,61.7545234208,3,5
"1903",5,10,"conf_358",250,118,3961.9455630701,3,5
"1904",5,10,"conf_358",500,118,3961.9455630701,3,5
"1905",5,10,"conf_358",1500,118,2116.9140817469,3,5
"1906",5,10,"conf_358",2500,118,432.5590390712,3,5
"1907",5,10,"conf_358",5000,118,228.1021613373,3,5
"1908",5,10,"conf_358",7500,118,131.6595138429,3,5
"1909",5,10,"conf_358",250,119,40284.4935366623,3,5
"1910",5,10,"conf_358",500,119,4659.3781837885,3,5
"1911",5,10,"conf_358",1500,119,3845.6751041076,3,5
"1912",5,10,"conf_358",2500,119,821.9006905888,3,5
"1913",5,10,"conf_358",5000,119,278.0132268834,3,5
"1914",5,10,"conf_358",7500,119,40.8201752284,3,5
"1915",5,10,"conf_358",250,120,24127.6548037975,3,5
"1916",5,10,"conf_358",500,120,1812.6923214096,3,5
"1917",5,10,"conf_358",1500,120,1812.6923214096,3,5
"1918",5,10,"conf_358",2500,120,1812.6923214096,3,5
"1919",5,10,"conf_358",5000,120,183.1825526812,3,5
"1920",5,10,"conf_358",7500,120,47.6685496872,3,5
"1921",5,10,"conf_358",250,121,7708.2414377455,3,5
"1922",5,10,"conf_358",500,121,7708.2414377455,3,5
"1923",5,10,"conf_358",1500,121,4992.0672893149,3,5
"1924",5,10,"conf_358",2500,121,959.9864322913,3,5
"1925",5,10,"conf_358",5000,121,135.5412782387,3,5
"1926",5,10,"conf_358",7500,121,62.6279324378,3,5
"1927",5,10,"conf_358",250,122,7923.8165331243,3,5
"1928",5,10,"conf_358",500,122,7923.8165331243,3,5
"1929",5,10,"conf_358",1500,122,5619.755101924,3,5
"1930",5,10,"conf_358",2500,122,2883.8973074773,3,5
"1931",5,10,"conf_358",5000,122,132.4454935854,3,5
"1932",5,10,"conf_358",7500,122,97.889817633,3,5
"1933",5,10,"conf_358",250,123,49015.6855979665,3,5
"1934",5,10,"conf_358",500,123,38480.5155915,3,5
"1935",5,10,"conf_358",1500,123,2200.9880896284,3,5
"1936",5,10,"conf_358",2500,123,536.592410713,3,5
"1937",5,10,"conf_358",5000,123,82.3079739775,3,5
"1938",5,10,"conf_358",7500,123,72.4367027934,3,5
"1939",5,10,"conf_358",250,124,13164.9858904446,3,5
"1940",5,10,"conf_358",500,124,12102.9166928157,3,5
"1941",5,10,"conf_358",1500,124,5904.431868759,3,5
"1942",5,10,"conf_358",2500,124,1840.1477237858,3,5
"1943",5,10,"conf_358",5000,124,814.1008667535,3,5
"1944",5,10,"conf_358",7500,124,22.0367081331,3,5
"1945",5,10,"conf_358",250,125,7483.9939005258,3,5
"1946",5,10,"conf_358",500,125,6326.4605626224,3,5
"1947",5,10,"conf_358",1500,125,760.9564954819,3,5
"1948",5,10,"conf_358",2500,125,503.8882982503,3,5
"1949",5,10,"conf_358",5000,125,215.6660014412,3,5
"1950",5,10,"conf_358",7500,125,60.7946978384,3,5
"1951",5,10,"conf_358",250,126,24609.2997601015,3,5
"1952",5,10,"conf_358",500,126,3605.5117913582,3,5
"1953",5,10,"conf_358",1500,126,2286.8620504145,3,5
"1954",5,10,"conf_358",2500,126,494.8571363797,3,5
"1955",5,10,"conf_358",5000,126,207.5095420854,3,5
"1956",5,10,"conf_358",7500,126,129.690969191,3,5
"1957",5,10,"conf_358",250,127,21084.4886188999,3,5
"1958",5,10,"conf_358",500,127,15406.4487463624,3,5
"1959",5,10,"conf_358",1500,127,5806.392654853,3,5
"1960",5,10,"conf_358",2500,127,3863.0458391404,3,5
"1961",5,10,"conf_358",5000,127,446.3814514194,3,5
"1962",5,10,"conf_358",7500,127,53.5496861191,3,5
"1963",5,10,"conf_358",250,128,4104.3304879133,3,5
"1964",5,10,"conf_358",500,128,4104.3304879133,3,5
"1965",5,10,"conf_358",1500,128,862.8387054129,3,5
"1966",5,10,"conf_358",2500,128,862.8387054129,3,5
"1967",5,10,"conf_358",5000,128,135.9507199616,3,5
"1968",5,10,"conf_358",7500,128,44.4620505319,3,5
"1969",5,10,"conf_358",250,129,35751.9087363631,3,5
"1970",5,10,"conf_358",500,129,2230.6130199782,3,5
"1971",5,10,"conf_358",1500,129,2230.6130199782,3,5
"1972",5,10,"conf_358",2500,129,203.6809825304,3,5
"1973",5,10,"conf_358",5000,129,203.6809825304,3,5
"1974",5,10,"conf_358",7500,129,58.1893664608,3,5
"1975",5,10,"conf_358",250,130,12635.5969554213,3,5
"1976",5,10,"conf_358",500,130,12635.5969554213,3,5
"1977",5,10,"conf_358",1500,130,517.7500690467,3,5
"1978",5,10,"conf_358",2500,130,517.7500690467,3,5
"1979",5,10,"conf_358",5000,130,289.5299924424,3,5
"1980",5,10,"conf_358",7500,130,14.86817174,3,5
"1981",5,10,"conf_358",250,131,71427.5078790322,3,5
"1982",5,10,"conf_358",500,131,23980.8077366813,3,5
"1983",5,10,"conf_358",1500,131,2810.5475107936,3,5
"1984",5,10,"conf_358",2500,131,693.3508445465,3,5
"1985",5,10,"conf_358",5000,131,73.9831463766,3,5
"1986",5,10,"conf_358",7500,131,72.6223892574,3,5
"1987",5,10,"conf_358",250,132,22637.3498452681,3,5
"1988",5,10,"conf_358",500,132,10722.0855847622,3,5
"1989",5,10,"conf_358",1500,132,2974.7183132299,3,5
"1990",5,10,"conf_358",2500,132,619.5074066463,3,5
"1991",5,10,"conf_358",5000,132,507.2543639499,3,5
"1992",5,10,"conf_358",7500,132,140.0077586119,3,5
"1993",5,10,"conf_358",250,133,3001.3053880872,3,5
"1994",5,10,"conf_358",500,133,3001.3053880872,3,5
"1995",5,10,"conf_358",1500,133,3001.3053880872,3,5
"1996",5,10,"conf_358",2500,133,1936.0083990687,3,5
"1997",5,10,"conf_358",5000,133,157.6519288694,3,5
"1998",5,10,"conf_358",7500,133,69.1777035562,3,5
"1999",5,10,"conf_358",250,134,3663.7254985484,3,5
"2000",5,10,"conf_358",500,134,3663.7254985484,3,5
"2001",5,10,"conf_358",1500,134,3663.7254985484,3,5
"2002",5,10,"conf_358",2500,134,1361.9274579662,3,5
"2003",5,10,"conf_358",5000,134,279.2581196003,3,5
"2004",5,10,"conf_358",7500,134,57.5603028211,3,5
"2005",5,10,"conf_358",250,135,13293.7836394748,3,5
"2006",5,10,"conf_358",500,135,13293.7836394748,3,5
"2007",5,10,"conf_358",1500,135,2644.3542661595,3,5
"2008",5,10,"conf_358",2500,135,1244.2890904288,3,5
"2009",5,10,"conf_358",5000,135,120.4284251063,3,5
"2010",5,10,"conf_358",7500,135,92.7347689275,3,5
"2011",5,10,"conf_358",250,136,12358.4162715661,3,5
"2012",5,10,"conf_358",500,136,7683.3704957733,3,5
"2013",5,10,"conf_358",1500,136,1589.9440968974,3,5
"2014",5,10,"conf_358",2500,136,1589.9440968974,3,5
"2015",5,10,"conf_358",5000,136,197.0640721998,3,5
"2016",5,10,"conf_358",7500,136,62.9384457358,3,5
"2017",5,10,"conf_358",250,137,29736.4661455423,3,5
"2018",5,10,"conf_358",500,137,6641.5247161363,3,5
"2019",5,10,"conf_358",1500,137,4517.5457065441,3,5
"2020",5,10,"conf_358",2500,137,1756.7348983229,3,5
"2021",5,10,"conf_358",5000,137,409.5014412124,3,5
"2022",5,10,"conf_358",7500,137,106.8154549386,3,5
"2023",5,10,"conf_358",250,138,13166.5433520544,3,5
"2024",5,10,"conf_358",500,138,13166.5433520544,3,5
"2025",5,10,"conf_358",1500,138,2464.0171646701,3,5
"2026",5,10,"conf_358",2500,138,1906.4174994148,3,5
"2027",5,10,"conf_358",5000,138,451.4570250695,3,5
"2028",5,10,"conf_358",7500,138,45.2145800181,3,5
"2029",5,10,"conf_358",250,139,57322.0327441766,3,5
"2030",5,10,"conf_358",500,139,14165.0861011425,3,5
"2031",5,10,"conf_358",1500,139,4379.306399947,3,5
"2032",5,10,"conf_358",2500,139,1263.2411710061,3,5
"2033",5,10,"conf_358",5000,139,845.8636728452,3,5
"2034",5,10,"conf_358",7500,139,172.2072558988,3,5
"2035",5,10,"conf_358",250,140,25546.2430687588,3,5
"2036",5,10,"conf_358",500,140,759.2073815849,3,5
"2037",5,10,"conf_358",1500,140,759.2073815849,3,5
"2038",5,10,"conf_358",2500,140,639.8639428434,3,5
"2039",5,10,"conf_358",5000,140,179.1759814792,3,5
"2040",5,10,"conf_358",7500,140,62.8998223631,3,5
"2041",5,10,"conf_358",250,141,8705.7843837653,3,5
"2042",5,10,"conf_358",500,141,8705.7843837653,3,5
"2043",5,10,"conf_358",1500,141,4252.5991297341,3,5
"2044",5,10,"conf_358",2500,141,628.5740379503,3,5
"2045",5,10,"conf_358",5000,141,126.0746004024,3,5
"2046",5,10,"conf_358",7500,141,61.3032456328,3,5
"2047",5,10,"conf_358",250,142,18488.050858864,3,5
"2048",5,10,"conf_358",500,142,11112.6383707198,3,5
"2049",5,10,"conf_358",1500,142,2827.431272923,3,5
"2050",5,10,"conf_358",2500,142,1472.1289308651,3,5
"2051",5,10,"conf_358",5000,142,422.1703060457,3,5
"2052",5,10,"conf_358",7500,142,70.8543265131,3,5
"2053",5,10,"conf_358",250,143,35347.7216419322,3,5
"2054",5,10,"conf_358",500,143,6984.8017631895,3,5
"2055",5,10,"conf_358",1500,143,1031.6130536721,3,5
"2056",5,10,"conf_358",2500,143,1031.6130536721,3,5
"2057",5,10,"conf_358",5000,143,302.1364296643,3,5
"2058",5,10,"conf_358",7500,143,89.9077117719,3,5
"2059",5,10,"conf_358",250,144,7576.839992692,3,5
"2060",5,10,"conf_358",500,144,7576.839992692,3,5
"2061",5,10,"conf_358",1500,144,7576.839992692,3,5
"2062",5,10,"conf_358",2500,144,866.4637874103,3,5
"2063",5,10,"conf_358",5000,144,387.0418464473,3,5
"2064",5,10,"conf_358",7500,144,56.5799444881,3,5
"2065",5,10,"conf_358",250,145,15984.0850362678,3,5
"2066",5,10,"conf_358",500,145,15984.0850362678,3,5
"2067",5,10,"conf_358",1500,145,3345.9607146369,3,5
"2068",5,10,"conf_358",2500,145,2437.6821933242,3,5
"2069",5,10,"conf_358",5000,145,754.0781523685,3,5
"2070",5,10,"conf_358",7500,145,45.7326252816,3,5
"2071",5,10,"conf_358",250,146,14914.2230962305,3,5
"2072",5,10,"conf_358",500,146,5129.432715112,3,5
"2073",5,10,"conf_358",1500,146,3502.8727119161,3,5
"2074",5,10,"conf_358",2500,146,1573.3756535017,3,5
"2075",5,10,"conf_358",5000,146,115.1166348817,3,5
"2076",5,10,"conf_358",7500,146,12.868273568,3,5
"2077",5,10,"conf_358",250,147,15153.6652354431,3,5
"2078",5,10,"conf_358",500,147,3223.4178107013,3,5
"2079",5,10,"conf_358",1500,147,3223.4178107013,3,5
"2080",5,10,"conf_358",2500,147,1899.6607054469,3,5
"2081",5,10,"conf_358",5000,147,318.1966493566,3,5
"2082",5,10,"conf_358",7500,147,86.4399792061,3,5
"2083",5,10,"conf_358",250,148,3351.5329076228,3,5
"2084",5,10,"conf_358",500,148,3351.5329076228,3,5
"2085",5,10,"conf_358",1500,148,3351.5329076228,3,5
"2086",5,10,"conf_358",2500,148,964.6838940282,3,5
"2087",5,10,"conf_358",5000,148,370.4172031326,3,5
"2088",5,10,"conf_358",7500,148,335.9513810673,3,5
"2089",5,10,"conf_358",250,149,9475.2123765313,3,5
"2090",5,10,"conf_358",500,149,9475.2123765313,3,5
"2091",5,10,"conf_358",1500,149,2852.8066216242,3,5
"2092",5,10,"conf_358",2500,149,1301.7683147245,3,5
"2093",5,10,"conf_358",5000,149,296.1016176806,3,5
"2094",5,10,"conf_358",7500,149,37.6947033529,3,5
"2095",5,10,"conf_358",250,150,24261.9786397716,3,5
"2096",5,10,"conf_358",500,150,15792.50512685,3,5
"2097",5,10,"conf_358",1500,150,3341.9004404454,3,5
"2098",5,10,"conf_358",2500,150,733.7385738014,3,5
"2099",5,10,"conf_358",5000,150,149.4990084435,3,5
"2100",5,10,"conf_358",7500,150,51.9561088297,3,5
"2101",5,10,"conf_358",250,151,120284.144749633,4,5
"2102",5,10,"conf_358",500,151,5818.2974859677,4,5
"2103",5,10,"conf_358",1500,151,1775.9814986608,4,5
"2104",5,10,"conf_358",2500,151,261.6285811676,4,5
"2105",5,10,"conf_358",5000,151,163.5813308383,4,5
"2106",5,10,"conf_358",7500,151,9.438772766,4,5
"2107",5,10,"conf_358",250,152,22130.1887568163,4,5
"2108",5,10,"conf_358",500,152,5547.0545858076,4,5
"2109",5,10,"conf_358",1500,152,5270.7061593416,4,5
"2110",5,10,"conf_358",2500,152,513.283797709,4,5
"2111",5,10,"conf_358",5000,152,76.7081265081,4,5
"2112",5,10,"conf_358",7500,152,37.8249790564,4,5
"2113",5,10,"conf_358",250,153,41817.4606195286,4,5
"2114",5,10,"conf_358",500,153,20158.9508638121,4,5
"2115",5,10,"conf_358",1500,153,1105.8223768194,4,5
"2116",5,10,"conf_358",2500,153,902.0823243289,4,5
"2117",5,10,"conf_358",5000,153,466.134044512,4,5
"2118",5,10,"conf_358",7500,153,91.0140699267,4,5
"2119",5,10,"conf_358",250,154,26656.6354904003,4,5
"2120",5,10,"conf_358",500,154,18521.9025311463,4,5
"2121",5,10,"conf_358",1500,154,3915.9572285645,4,5
"2122",5,10,"conf_358",2500,154,1005.366090903,4,5
"2123",5,10,"conf_358",5000,154,40.5412492822,4,5
"2124",5,10,"conf_358",7500,154,40.5412492822,4,5
"2125",5,10,"conf_358",250,155,25541.1942454304,4,5
"2126",5,10,"conf_358",500,155,18406.0677616271,4,5
"2127",5,10,"conf_358",1500,155,2999.2216534994,4,5
"2128",5,10,"conf_358",2500,155,962.5637977601,4,5
"2129",5,10,"conf_358",5000,155,229.9496391515,4,5
"2130",5,10,"conf_358",7500,155,114.807306171,4,5
"2131",5,10,"conf_358",250,156,33896.2531439146,4,5
"2132",5,10,"conf_358",500,156,17073.7450070592,4,5
"2133",5,10,"conf_358",1500,156,3243.5095172034,4,5
"2134",5,10,"conf_358",2500,156,1686.1244186709,4,5
"2135",5,10,"conf_358",5000,156,154.0858946576,4,5
"2136",5,10,"conf_358",7500,156,41.9145237434,4,5
"2137",5,10,"conf_358",250,157,3198.8740246567,4,5
"2138",5,10,"conf_358",500,157,3198.8740246567,4,5
"2139",5,10,"conf_358",1500,157,1091.9120083501,4,5
"2140",5,10,"conf_358",2500,157,1091.9120083501,4,5
"2141",5,10,"conf_358",5000,157,72.990002129,4,5
"2142",5,10,"conf_358",7500,157,25.4803363846,4,5
"2143",5,10,"conf_358",250,158,84604.8745936287,4,5
"2144",5,10,"conf_358",500,158,25970.3867146769,4,5
"2145",5,10,"conf_358",1500,158,3773.8129243622,4,5
"2146",5,10,"conf_358",2500,158,1456.6719718152,4,5
"2147",5,10,"conf_358",5000,158,378.0914377692,4,5
"2148",5,10,"conf_358",7500,158,15.7811307132,4,5
"2149",5,10,"conf_358",250,159,7535.5447772639,4,5
"2150",5,10,"conf_358",500,159,7535.5447772639,4,5
"2151",5,10,"conf_358",1500,159,3602.6671758149,4,5
"2152",5,10,"conf_358",2500,159,1080.5327297887,4,5
"2153",5,10,"conf_358",5000,159,105.7749907127,4,5
"2154",5,10,"conf_358",7500,159,91.218716063,4,5
"2155",5,10,"conf_358",250,160,4598.7420616837,4,5
"2156",5,10,"conf_358",500,160,4598.7420616837,4,5
"2157",5,10,"conf_358",1500,160,2325.751061098,4,5
"2158",5,10,"conf_358",2500,160,1333.540664053,4,5
"2159",5,10,"conf_358",5000,160,358.0000544891,4,5
"2160",5,10,"conf_358",7500,160,48.6913716375,4,5
"2161",5,10,"conf_358",250,161,46192.2405750099,4,5
"2162",5,10,"conf_358",500,161,7147.284439894,4,5
"2163",5,10,"conf_358",1500,161,2200.2435067981,4,5
"2164",5,10,"conf_358",2500,161,567.5191211618,4,5
"2165",5,10,"conf_358",5000,161,99.2698489144,4,5
"2166",5,10,"conf_358",7500,161,27.2454294421,4,5
"2167",5,10,"conf_358",250,162,27185.3165154553,4,5
"2168",5,10,"conf_358",500,162,5076.346137188,4,5
"2169",5,10,"conf_358",1500,162,3009.1555754112,4,5
"2170",5,10,"conf_358",2500,162,857.2864285503,4,5
"2171",5,10,"conf_358",5000,162,857.2864285503,4,5
"2172",5,10,"conf_358",7500,162,18.949316897,4,5
"2173",5,10,"conf_358",250,163,126066.868318548,4,5
"2174",5,10,"conf_358",500,163,18566.0223634494,4,5
"2175",5,10,"conf_358",1500,163,2651.0694783502,4,5
"2176",5,10,"conf_358",2500,163,498.7210890665,4,5
"2177",5,10,"conf_358",5000,163,199.861886559,4,5
"2178",5,10,"conf_358",7500,163,15.8540953487,4,5
"2179",5,10,"conf_358",250,164,21445.5083501818,4,5
"2180",5,10,"conf_358",500,164,21445.5083501818,4,5
"2181",5,10,"conf_358",1500,164,3078.8145594592,4,5
"2182",5,10,"conf_358",2500,164,1936.4611369897,4,5
"2183",5,10,"conf_358",5000,164,138.0116087451,4,5
"2184",5,10,"conf_358",7500,164,26.4931397187,4,5
"2185",5,10,"conf_358",250,165,50949.4526392616,4,5
"2186",5,10,"conf_358",500,165,22489.8837486356,4,5
"2187",5,10,"conf_358",1500,165,4068.1401323154,4,5
"2188",5,10,"conf_358",2500,165,691.0860670035,4,5
"2189",5,10,"conf_358",5000,165,76.7576762512,4,5
"2190",5,10,"conf_358",7500,165,36.2532374071,4,5
"2191",5,10,"conf_358",250,166,14991.7811347098,4,5
"2192",5,10,"conf_358",500,166,4240.0304115885,4,5
"2193",5,10,"conf_358",1500,166,2852.3321849228,4,5
"2194",5,10,"conf_358",2500,166,700.3364551918,4,5
"2195",5,10,"conf_358",5000,166,630.6569081881,4,5
"2196",5,10,"conf_358",7500,166,44.7511929366,4,5
"2197",5,10,"conf_358",250,167,22276.1627949832,4,5
"2198",5,10,"conf_358",500,167,12951.0486400889,4,5
"2199",5,10,"conf_358",1500,167,931.5675921208,4,5
"2200",5,10,"conf_358",2500,167,931.5675921208,4,5
"2201",5,10,"conf_358",5000,167,117.6778657534,4,5
"2202",5,10,"conf_358",7500,167,49.0904010933,4,5
"2203",5,10,"conf_358",250,168,33782.3210783408,4,5
"2204",5,10,"conf_358",500,168,7864.3147913816,4,5
"2205",5,10,"conf_358",1500,168,2568.9507656356,4,5
"2206",5,10,"conf_358",2500,168,807.6201251352,4,5
"2207",5,10,"conf_358",5000,168,168.5595555393,4,5
"2208",5,10,"conf_358",7500,168,52.9125851058,4,5
"2209",5,10,"conf_358",250,169,46030.6860208685,4,5
"2210",5,10,"conf_358",500,169,20271.3036073052,4,5
"2211",5,10,"conf_358",1500,169,2686.4867026155,4,5
"2212",5,10,"conf_358",2500,169,321.8354856652,4,5
"2213",5,10,"conf_358",5000,169,270.174978967,4,5
"2214",5,10,"conf_358",7500,169,46.6537491748,4,5
"2215",5,10,"conf_358",250,170,8470.5103133669,4,5
"2216",5,10,"conf_358",500,170,8470.5103133669,4,5
"2217",5,10,"conf_358",1500,170,2784.6612041122,4,5
"2218",5,10,"conf_358",2500,170,2158.2378009142,4,5
"2219",5,10,"conf_358",5000,170,203.3542110137,4,5
"2220",5,10,"conf_358",7500,170,33.2945922739,4,5
"2221",5,10,"conf_358",250,171,79618.0187461055,4,5
"2222",5,10,"conf_358",500,171,10427.3781330319,4,5
"2223",5,10,"conf_358",1500,171,5691.0541638541,4,5
"2224",5,10,"conf_358",2500,171,3102.2464116206,4,5
"2225",5,10,"conf_358",5000,171,422.3622574774,4,5
"2226",5,10,"conf_358",7500,171,273.1048212963,4,5
"2227",5,10,"conf_358",250,172,39450.3599422558,4,5
"2228",5,10,"conf_358",500,172,39450.3599422558,4,5
"2229",5,10,"conf_358",1500,172,3476.5459365464,4,5
"2230",5,10,"conf_358",2500,172,1219.1234553384,4,5
"2231",5,10,"conf_358",5000,172,360.1679587753,4,5
"2232",5,10,"conf_358",7500,172,74.9901861125,4,5
"2233",5,10,"conf_358",250,173,7913.037665577,4,5
"2234",5,10,"conf_358",500,173,7913.037665577,4,5
"2235",5,10,"conf_358",1500,173,4191.7524080651,4,5
"2236",5,10,"conf_358",2500,173,2472.9315484327,4,5
"2237",5,10,"conf_358",5000,173,161.1545518272,4,5
"2238",5,10,"conf_358",7500,173,26.2112954084,4,5
"2239",5,10,"conf_358",250,174,1916.4139187049,4,5
"2240",5,10,"conf_358",500,174,1916.4139187049,4,5
"2241",5,10,"conf_358",1500,174,1916.4139187049,4,5
"2242",5,10,"conf_358",2500,174,1916.4139187049,4,5
"2243",5,10,"conf_358",5000,174,538.8779823047,4,5
"2244",5,10,"conf_358",7500,174,52.3024699287,4,5
"2245",5,10,"conf_358",250,175,63307.0512193269,4,5
"2246",5,10,"conf_358",500,175,13939.1461138258,4,5
"2247",5,10,"conf_358",1500,175,7261.3286969377,4,5
"2248",5,10,"conf_358",2500,175,606.5892930507,4,5
"2249",5,10,"conf_358",5000,175,323.3438652328,4,5
"2250",5,10,"conf_358",7500,175,40.8754286821,4,5
"2251",5,10,"conf_358",250,176,1377.9262776443,4,5
"2252",5,10,"conf_358",500,176,1377.9262776443,4,5
"2253",5,10,"conf_358",1500,176,1377.9262776443,4,5
"2254",5,10,"conf_358",2500,176,1042.9385630884,4,5
"2255",5,10,"conf_358",5000,176,154.9987436465,4,5
"2256",5,10,"conf_358",7500,176,35.5847860048,4,5
"2257",5,10,"conf_358",250,177,59752.0481849623,4,5
"2258",5,10,"conf_358",500,177,4637.8741243349,4,5
"2259",5,10,"conf_358",1500,177,1397.8672808448,4,5
"2260",5,10,"conf_358",2500,177,970.4225213095,4,5
"2261",5,10,"conf_358",5000,177,471.3792678076,4,5
"2262",5,10,"conf_358",7500,177,20.1489665871,4,5
"2263",5,10,"conf_358",250,178,12437.5990201803,4,5
"2264",5,10,"conf_358",500,178,10561.1639757508,4,5
"2265",5,10,"conf_358",1500,178,5236.6497135166,4,5
"2266",5,10,"conf_358",2500,178,465.4917216978,4,5
"2267",5,10,"conf_358",5000,178,60.3920407297,4,5
"2268",5,10,"conf_358",7500,178,40.103700205,4,5
"2269",5,10,"conf_358",250,179,7692.4640400512,4,5
"2270",5,10,"conf_358",500,179,7692.4640400512,4,5
"2271",5,10,"conf_358",1500,179,1871.8823934918,4,5
"2272",5,10,"conf_358",2500,179,686.4561584167,4,5
"2273",5,10,"conf_358",5000,179,290.3229413822,4,5
"2274",5,10,"conf_358",7500,179,38.2141101955,4,5
"2275",5,10,"conf_358",250,180,29174.2194127217,4,5
"2276",5,10,"conf_358",500,180,7763.614812001,4,5
"2277",5,10,"conf_358",1500,180,1261.490235674,4,5
"2278",5,10,"conf_358",2500,180,1261.490235674,4,5
"2279",5,10,"conf_358",5000,180,247.8361481763,4,5
"2280",5,10,"conf_358",7500,180,52.9243911127,4,5
"2281",5,10,"conf_358",250,181,34171.2594439444,4,5
"2282",5,10,"conf_358",500,181,13162.4388566958,4,5
"2283",5,10,"conf_358",1500,181,1082.5789398183,4,5
"2284",5,10,"conf_358",2500,181,1006.211377876,4,5
"2285",5,10,"conf_358",5000,181,76.535675638,4,5
"2286",5,10,"conf_358",7500,181,64.8591626737,4,5
"2287",5,10,"conf_358",250,182,38446.3519509933,4,5
"2288",5,10,"conf_358",500,182,38446.3519509933,4,5
"2289",5,10,"conf_358",1500,182,2728.9496893348,4,5
"2290",5,10,"conf_358",2500,182,1372.6474638673,4,5
"2291",5,10,"conf_358",5000,182,224.7267502285,4,5
"2292",5,10,"conf_358",7500,182,41.5192796044,4,5
"2293",5,10,"conf_358",250,183,18292.3970304484,4,5
"2294",5,10,"conf_358",500,183,6699.0563049583,4,5
"2295",5,10,"conf_358",1500,183,415.7300208722,4,5
"2296",5,10,"conf_358",2500,183,415.7300208722,4,5
"2297",5,10,"conf_358",5000,183,396.7865633616,4,5
"2298",5,10,"conf_358",7500,183,107.6802055854,4,5
"2299",5,10,"conf_358",250,184,62115.7447167425,4,5
"2300",5,10,"conf_358",500,184,4603.1847029429,4,5
"2301",5,10,"conf_358",1500,184,2205.0888942995,4,5
"2302",5,10,"conf_358",2500,184,301.3501117162,4,5
"2303",5,10,"conf_358",5000,184,252.2838444245,4,5
"2304",5,10,"conf_358",7500,184,71.8665100452,4,5
"2305",5,10,"conf_358",250,185,195885.06774438,4,5
"2306",5,10,"conf_358",500,185,69353.0125776685,4,5
"2307",5,10,"conf_358",1500,185,4787.4295293869,4,5
"2308",5,10,"conf_358",2500,185,1546.1856482155,4,5
"2309",5,10,"conf_358",5000,185,40.3619683022,4,5
"2310",5,10,"conf_358",7500,185,40.3619683022,4,5
"2311",5,10,"conf_358",250,186,37121.8285036798,4,5
"2312",5,10,"conf_358",500,186,15630.6816840695,4,5
"2313",5,10,"conf_358",1500,186,3751.832185016,4,5
"2314",5,10,"conf_358",2500,186,656.2050406289,4,5
"2315",5,10,"conf_358",5000,186,85.617844634,4,5
"2316",5,10,"conf_358",7500,186,36.2870339176,4,5
"2317",5,10,"conf_358",250,187,21664.8839535216,4,5
"2318",5,10,"conf_358",500,187,2844.408770416,4,5
"2319",5,10,"conf_358",1500,187,2679.440300917,4,5
"2320",5,10,"conf_358",2500,187,1441.6438232998,4,5
"2321",5,10,"conf_358",5000,187,212.0268470882,4,5
"2322",5,10,"conf_358",7500,187,14.1385992103,4,5
"2323",5,10,"conf_358",250,188,8998.1818791415,4,5
"2324",5,10,"conf_358",500,188,8998.1818791415,4,5
"2325",5,10,"conf_358",1500,188,4116.4117857663,4,5
"2326",5,10,"conf_358",2500,188,2165.079979444,4,5
"2327",5,10,"conf_358",5000,188,435.9738109643,4,5
"2328",5,10,"conf_358",7500,188,56.0725559571,4,5
"2329",5,10,"conf_358",250,189,14417.1740271743,4,5
"2330",5,10,"conf_358",500,189,14417.1740271743,4,5
"2331",5,10,"conf_358",1500,189,1761.764656621,4,5
"2332",5,10,"conf_358",2500,189,673.4280042319,4,5
"2333",5,10,"conf_358",5000,189,227.4237784261,4,5
"2334",5,10,"conf_358",7500,189,79.722813509,4,5
"2335",5,10,"conf_358",250,190,30665.8300464462,4,5
"2336",5,10,"conf_358",500,190,3304.8659100046,4,5
"2337",5,10,"conf_358",1500,190,473.2803651868,4,5
"2338",5,10,"conf_358",2500,190,473.2803651868,4,5
"2339",5,10,"conf_358",5000,190,218.5747877443,4,5
"2340",5,10,"conf_358",7500,190,12.6920985077,4,5
"2341",5,10,"conf_358",250,191,24665.6832464197,4,5
"2342",5,10,"conf_358",500,191,17456.0805028136,4,5
"2343",5,10,"conf_358",1500,191,2896.0737570563,4,5
"2344",5,10,"conf_358",2500,191,1679.0525306673,4,5
"2345",5,10,"conf_358",5000,191,70.5620723592,4,5
"2346",5,10,"conf_358",7500,191,35.1448103053,4,5
"2347",5,10,"conf_358",250,192,51838.355217971,4,5
"2348",5,10,"conf_358",500,192,21044.2156404927,4,5
"2349",5,10,"conf_358",1500,192,1958.5034097935,4,5
"2350",5,10,"conf_358",2500,192,1310.4069043824,4,5
"2351",5,10,"conf_358",5000,192,677.4221144998,4,5
"2352",5,10,"conf_358",7500,192,124.0765998636,4,5
"2353",5,10,"conf_358",250,193,34156.3653574342,4,5
"2354",5,10,"conf_358",500,193,9488.2377452702,4,5
"2355",5,10,"conf_358",1500,193,307.6965215585,4,5
"2356",5,10,"conf_358",2500,193,307.6965215585,4,5
"2357",5,10,"conf_358",5000,193,70.3100218266,4,5
"2358",5,10,"conf_358",7500,193,38.1796676783,4,5
"2359",5,10,"conf_358",250,194,6363.4553844137,4,5
"2360",5,10,"conf_358",500,194,6363.4553844137,4,5
"2361",5,10,"conf_358",1500,194,1401.162088572,4,5
"2362",5,10,"conf_358",2500,194,1353.3203849141,4,5
"2363",5,10,"conf_358",5000,194,408.3510168399,4,5
"2364",5,10,"conf_358",7500,194,53.3095938985,4,5
"2365",5,10,"conf_358",250,195,42686.6693112308,4,5
"2366",5,10,"conf_358",500,195,28020.2418968126,4,5
"2367",5,10,"conf_358",1500,195,5743.390221708,4,5
"2368",5,10,"conf_358",2500,195,2106.4964720572,4,5
"2369",5,10,"conf_358",5000,195,81.9293452159,4,5
"2370",5,10,"conf_358",7500,195,66.9975801325,4,5
"2371",5,10,"conf_358",250,196,30672.1153893314,4,5
"2372",5,10,"conf_358",500,196,17794.998491714,4,5
"2373",5,10,"conf_358",1500,196,4114.7227073223,4,5
"2374",5,10,"conf_358",2500,196,491.1246837293,4,5
"2375",5,10,"conf_358",5000,196,137.1773635497,4,5
"2376",5,10,"conf_358",7500,196,54.0599623258,4,5
"2377",5,10,"conf_358",250,197,36738.3079377412,4,5
"2378",5,10,"conf_358",500,197,27246.3100447442,4,5
"2379",5,10,"conf_358",1500,197,5509.6501424221,4,5
"2380",5,10,"conf_358",2500,197,354.011142899,4,5
"2381",5,10,"conf_358",5000,197,354.011142899,4,5
"2382",5,10,"conf_358",7500,197,20.2189101076,4,5
"2383",5,10,"conf_358",250,198,297731.034625225,4,5
"2384",5,10,"conf_358",500,198,29261.1259148045,4,5
"2385",5,10,"conf_358",1500,198,1511.1276653731,4,5
"2386",5,10,"conf_358",2500,198,439.3414805926,4,5
"2387",5,10,"conf_358",5000,198,71.9484548371,4,5
"2388",5,10,"conf_358",7500,198,63.7579783037,4,5
"2389",5,10,"conf_358",250,199,82601.7564941578,4,5
"2390",5,10,"conf_358",500,199,14201.1820583413,4,5
"2391",5,10,"conf_358",1500,199,2083.8894284543,4,5
"2392",5,10,"conf_358",2500,199,1618.815964531,4,5
"2393",5,10,"conf_358",5000,199,29.3528228299,4,5
"2394",5,10,"conf_358",7500,199,21.9724034779,4,5
"2395",5,10,"conf_358",250,200,27292.2064453441,4,5
"2396",5,10,"conf_358",500,200,27292.2064453441,4,5
"2397",5,10,"conf_358",1500,200,150.4668473277,4,5
"2398",5,10,"conf_358",2500,200,150.4668473277,4,5
"2399",5,10,"conf_358",5000,200,150.4668473277,4,5
"2400",5,10,"conf_358",7500,200,27.4004855981,4,5
"2401",5,11,"conf_358",250,1,624.2533823889,1,5
"2402",5,11,"conf_358",500,1,181.4624890362,1,5
"2403",5,11,"conf_358",1500,1,24.1627288656,1,5
"2404",5,11,"conf_358",2500,1,19.9780543434,1,5
"2405",5,11,"conf_358",5000,1,1.9604345298,1,5
"2406",5,11,"conf_358",7500,1,0.5107943754,1,5
"2407",5,11,"conf_358",250,2,42.5410836789,1,5
"2408",5,11,"conf_358",500,2,42.5410836789,1,5
"2409",5,11,"conf_358",1500,2,15.9304100286,1,5
"2410",5,11,"conf_358",2500,2,3.7031463879,1,5
"2411",5,11,"conf_358",5000,2,3.7031463879,1,5
"2412",5,11,"conf_358",7500,2,0.941896385,1,5
"2413",5,11,"conf_358",250,3,48.2884127213,1,5
"2414",5,11,"conf_358",500,3,48.2884127213,1,5
"2415",5,11,"conf_358",1500,3,39.085288589,1,5
"2416",5,11,"conf_358",2500,3,27.4554647504,1,5
"2417",5,11,"conf_358",5000,3,4.6289254617,1,5
"2418",5,11,"conf_358",7500,3,0.3164616548,1,5
"2419",5,11,"conf_358",250,4,42.4634017052,1,5
"2420",5,11,"conf_358",500,4,42.4634017052,1,5
"2421",5,11,"conf_358",1500,4,7.5171407045,1,5
"2422",5,11,"conf_358",2500,4,7.5171407045,1,5
"2423",5,11,"conf_358",5000,4,1.9137906978,1,5
"2424",5,11,"conf_358",7500,4,1.0028633422,1,5
"2425",5,11,"conf_358",250,5,51.529214566,1,5
"2426",5,11,"conf_358",500,5,51.529214566,1,5
"2427",5,11,"conf_358",1500,5,51.529214566,1,5
"2428",5,11,"conf_358",2500,5,37.1242158442,1,5
"2429",5,11,"conf_358",5000,5,5.0438844227,1,5
"2430",5,11,"conf_358",7500,5,2.5953610283,1,5
"2431",5,11,"conf_358",250,6,9.3449028741,1,5
"2432",5,11,"conf_358",500,6,9.3449028741,1,5
"2433",5,11,"conf_358",1500,6,9.3449028741,1,5
"2434",5,11,"conf_358",2500,6,8.6704365893,1,5
"2435",5,11,"conf_358",5000,6,3.6553009803,1,5
"2436",5,11,"conf_358",7500,6,1.1306565162,1,5
"2437",5,11,"conf_358",250,7,901.3710412241,1,5
"2438",5,11,"conf_358",500,7,81.6282098269,1,5
"2439",5,11,"conf_358",1500,7,24.2794257897,1,5
"2440",5,11,"conf_358",2500,7,24.2794257897,1,5
"2441",5,11,"conf_358",5000,7,4.1503927992,1,5
"2442",5,11,"conf_358",7500,7,2.1456906399,1,5
"2443",5,11,"conf_358",250,8,80.9984691566,1,5
"2444",5,11,"conf_358",500,8,74.5000202243,1,5
"2445",5,11,"conf_358",1500,8,34.3088893381,1,5
"2446",5,11,"conf_358",2500,8,31.4730869328,1,5
"2447",5,11,"conf_358",5000,8,6.7780272865,1,5
"2448",5,11,"conf_358",7500,8,2.625525164,1,5
"2449",5,11,"conf_358",250,9,129.3000303172,1,5
"2450",5,11,"conf_358",500,9,129.3000303172,1,5
"2451",5,11,"conf_358",1500,9,28.5760853333,1,5
"2452",5,11,"conf_358",2500,9,19.9845795204,1,5
"2453",5,11,"conf_358",5000,9,8.2681781349,1,5
"2454",5,11,"conf_358",7500,9,2.5586546361,1,5
"2455",5,11,"conf_358",250,10,103.2843045823,1,5
"2456",5,11,"conf_358",500,10,93.2721051453,1,5
"2457",5,11,"conf_358",1500,10,26.9410587761,1,5
"2458",5,11,"conf_358",2500,10,11.4429030879,1,5
"2459",5,11,"conf_358",5000,10,4.983428044,1,5
"2460",5,11,"conf_358",7500,10,2.5721395538,1,5
"2461",5,11,"conf_358",250,11,1864.31466282,1,5
"2462",5,11,"conf_358",500,11,147.6235257623,1,5
"2463",5,11,"conf_358",1500,11,114.3037025943,1,5
"2464",5,11,"conf_358",2500,11,14.0471521977,1,5
"2465",5,11,"conf_358",5000,11,3.9099872872,1,5
"2466",5,11,"conf_358",7500,11,3.9099872872,1,5
"2467",5,11,"conf_358",250,12,4745.5844845867,1,5
"2468",5,11,"conf_358",500,12,34.2992907629,1,5
"2469",5,11,"conf_358",1500,12,34.2992907629,1,5
"2470",5,11,"conf_358",2500,12,24.0670056537,1,5
"2471",5,11,"conf_358",5000,12,4.8088794311,1,5
"2472",5,11,"conf_358",7500,12,2.4039347956,1,5
"2473",5,11,"conf_358",250,13,182.0512917198,1,5
"2474",5,11,"conf_358",500,13,14.0970776549,1,5
"2475",5,11,"conf_358",1500,13,14.0970776549,1,5
"2476",5,11,"conf_358",2500,13,5.5984944138,1,5
"2477",5,11,"conf_358",5000,13,0.9975751411,1,5
"2478",5,11,"conf_358",7500,13,0.2845858391,1,5
"2479",5,11,"conf_358",250,14,65.4453323646,1,5
"2480",5,11,"conf_358",500,14,65.4453323646,1,5
"2481",5,11,"conf_358",1500,14,36.4592666788,1,5
"2482",5,11,"conf_358",2500,14,31.3616600902,1,5
"2483",5,11,"conf_358",5000,14,10.7098498321,1,5
"2484",5,11,"conf_358",7500,14,0.696998813,1,5
"2485",5,11,"conf_358",250,15,2633.66506047,1,5
"2486",5,11,"conf_358",500,15,1572.3000333475,1,5
"2487",5,11,"conf_358",1500,15,42.6977698508,1,5
"2488",5,11,"conf_358",2500,15,42.6977698508,1,5
"2489",5,11,"conf_358",5000,15,5.2423858207,1,5
"2490",5,11,"conf_358",7500,15,1.7951438025,1,5
"2491",5,11,"conf_358",250,16,2899.0343722024,1,5
"2492",5,11,"conf_358",500,16,215.1481309752,1,5
"2493",5,11,"conf_358",1500,16,30.1659741405,1,5
"2494",5,11,"conf_358",2500,16,30.1659741405,1,5
"2495",5,11,"conf_358",5000,16,3.7136081102,1,5
"2496",5,11,"conf_358",7500,16,1.151067824,1,5
"2497",5,11,"conf_358",250,17,193.1611650755,1,5
"2498",5,11,"conf_358",500,17,71.1614131708,1,5
"2499",5,11,"conf_358",1500,17,43.0145337275,1,5
"2500",5,11,"conf_358",2500,17,9.4948752185,1,5
"2501",5,11,"conf_358",5000,17,4.7111680441,1,5
"2502",5,11,"conf_358",7500,17,1.5330258309,1,5
"2503",5,11,"conf_358",250,18,301.7043224551,1,5
"2504",5,11,"conf_358",500,18,76.8561138378,1,5
"2505",5,11,"conf_358",1500,18,42.6506180748,1,5
"2506",5,11,"conf_358",2500,18,35.2116579257,1,5
"2507",5,11,"conf_358",5000,18,1.1846977594,1,5
"2508",5,11,"conf_358",7500,18,1.1846977594,1,5
"2509",5,11,"conf_358",250,19,342.5740190055,1,5
"2510",5,11,"conf_358",500,19,25.5809260683,1,5
"2511",5,11,"conf_358",1500,19,24.85999126,1,5
"2512",5,11,"conf_358",2500,19,6.3064528928,1,5
"2513",5,11,"conf_358",5000,19,6.3064528928,1,5
"2514",5,11,"conf_358",7500,19,1.6056264057,1,5
"2515",5,11,"conf_358",250,20,182.5246234624,1,5
"2516",5,11,"conf_358",500,20,97.77237251,1,5
"2517",5,11,"conf_358",1500,20,34.4755229479,1,5
"2518",5,11,"conf_358",2500,20,34.4755229479,1,5
"2519",5,11,"conf_358",5000,20,1.5745603995,1,5
"2520",5,11,"conf_358",7500,20,1.5745603995,1,5
"2521",5,11,"conf_358",250,21,44.5781264514,1,5
"2522",5,11,"conf_358",500,21,44.5781264514,1,5
"2523",5,11,"conf_358",1500,21,44.5781264514,1,5
"2524",5,11,"conf_358",2500,21,20.433168493,1,5
"2525",5,11,"conf_358",5000,21,1.775629687,1,5
"2526",5,11,"conf_358",7500,21,0.5876321438,1,5
"2527",5,11,"conf_358",250,22,246.2797454757,1,5
"2528",5,11,"conf_358",500,22,215.5669107045,1,5
"2529",5,11,"conf_358",1500,22,53.0282875196,1,5
"2530",5,11,"conf_358",2500,22,7.0575127294,1,5
"2531",5,11,"conf_358",5000,22,7.0575127294,1,5
"2532",5,11,"conf_358",7500,22,2.9339740653,1,5
"2533",5,11,"conf_358",250,23,133.7027045227,1,5
"2534",5,11,"conf_358",500,23,133.7027045227,1,5
"2535",5,11,"conf_358",1500,23,38.469906246,1,5
"2536",5,11,"conf_358",2500,23,3.5516843048,1,5
"2537",5,11,"conf_358",5000,23,3.5516843048,1,5
"2538",5,11,"conf_358",7500,23,3.0607768597,1,5
"2539",5,11,"conf_358",250,24,205.4111419132,1,5
"2540",5,11,"conf_358",500,24,91.9409492439,1,5
"2541",5,11,"conf_358",1500,24,53.1696578998,1,5
"2542",5,11,"conf_358",2500,24,15.2075877848,1,5
"2543",5,11,"conf_358",5000,24,8.1438558668,1,5
"2544",5,11,"conf_358",7500,24,1.3196341543,1,5
"2545",5,11,"conf_358",250,25,694.8604419873,1,5
"2546",5,11,"conf_358",500,25,694.8604419873,1,5
"2547",5,11,"conf_358",1500,25,54.579383209,1,5
"2548",5,11,"conf_358",2500,25,28.4707203704,1,5
"2549",5,11,"conf_358",5000,25,6.0389957157,1,5
"2550",5,11,"conf_358",7500,25,2.3879027141,1,5
"2551",5,11,"conf_358",250,26,635.6171934287,1,5
"2552",5,11,"conf_358",500,26,19.3831543507,1,5
"2553",5,11,"conf_358",1500,26,19.3831543507,1,5
"2554",5,11,"conf_358",2500,26,19.3831543507,1,5
"2555",5,11,"conf_358",5000,26,6.9788895906,1,5
"2556",5,11,"conf_358",7500,26,3.3935596698,1,5
"2557",5,11,"conf_358",250,27,69.7712825698,1,5
"2558",5,11,"conf_358",500,27,66.514816956,1,5
"2559",5,11,"conf_358",1500,27,38.2365893615,1,5
"2560",5,11,"conf_358",2500,27,10.3421906845,1,5
"2561",5,11,"conf_358",5000,27,9.9500137943,1,5
"2562",5,11,"conf_358",7500,27,2.9799981509,1,5
"2563",5,11,"conf_358",250,28,916.776425444,1,5
"2564",5,11,"conf_358",500,28,736.755494638,1,5
"2565",5,11,"conf_358",1500,28,78.1429681369,1,5
"2566",5,11,"conf_358",2500,28,31.2917099822,1,5
"2567",5,11,"conf_358",5000,28,7.2944113592,1,5
"2568",5,11,"conf_358",7500,28,4.790059005,1,5
"2569",5,11,"conf_358",250,29,48.3109953105,1,5
"2570",5,11,"conf_358",500,29,48.3109953105,1,5
"2571",5,11,"conf_358",1500,29,48.0621956018,1,5
"2572",5,11,"conf_358",2500,29,15.2438462329,1,5
"2573",5,11,"conf_358",5000,29,1.7970056966,1,5
"2574",5,11,"conf_358",7500,29,1.3828831879,1,5
"2575",5,11,"conf_358",250,30,302.1650714539,1,5
"2576",5,11,"conf_358",500,30,302.1650714539,1,5
"2577",5,11,"conf_358",1500,30,36.8056064161,1,5
"2578",5,11,"conf_358",2500,30,7.7515324368,1,5
"2579",5,11,"conf_358",5000,30,2.5349690422,1,5
"2580",5,11,"conf_358",7500,30,1.5183944956,1,5
"2581",5,11,"conf_358",250,31,84.3418068868,1,5
"2582",5,11,"conf_358",500,31,70.0734934483,1,5
"2583",5,11,"conf_358",1500,31,36.4556889816,1,5
"2584",5,11,"conf_358",2500,31,10.5628556379,1,5
"2585",5,11,"conf_358",5000,31,10.5628556379,1,5
"2586",5,11,"conf_358",7500,31,1.5084820671,1,5
"2587",5,11,"conf_358",250,32,60.8393172924,1,5
"2588",5,11,"conf_358",500,32,60.8393172924,1,5
"2589",5,11,"conf_358",1500,32,57.2714863883,1,5
"2590",5,11,"conf_358",2500,32,44.6709277205,1,5
"2591",5,11,"conf_358",5000,32,6.3052012796,1,5
"2592",5,11,"conf_358",7500,32,1.3419906683,1,5
"2593",5,11,"conf_358",250,33,586.2714513043,1,5
"2594",5,11,"conf_358",500,33,142.8857148961,1,5
"2595",5,11,"conf_358",1500,33,25.4847058153,1,5
"2596",5,11,"conf_358",2500,33,20.9499180557,1,5
"2597",5,11,"conf_358",5000,33,1.5074149384,1,5
"2598",5,11,"conf_358",7500,33,0.7189871713,1,5
"2599",5,11,"conf_358",250,34,24.0568004289,1,5
"2600",5,11,"conf_358",500,34,24.0568004289,1,5
"2601",5,11,"conf_358",1500,34,24.0568004289,1,5
"2602",5,11,"conf_358",2500,34,12.0461755721,1,5
"2603",5,11,"conf_358",5000,34,4.623070383,1,5
"2604",5,11,"conf_358",7500,34,0.8295984595,1,5
"2605",5,11,"conf_358",250,35,105.1141901168,1,5
"2606",5,11,"conf_358",500,35,105.1141901168,1,5
"2607",5,11,"conf_358",1500,35,24.6508551405,1,5
"2608",5,11,"conf_358",2500,35,24.6508551405,1,5
"2609",5,11,"conf_358",5000,35,5.0370357195,1,5
"2610",5,11,"conf_358",7500,35,2.510879959,1,5
"2611",5,11,"conf_358",250,36,242.9453210271,1,5
"2612",5,11,"conf_358",500,36,242.9453210271,1,5
"2613",5,11,"conf_358",1500,36,14.2815135443,1,5
"2614",5,11,"conf_358",2500,36,14.2815135443,1,5
"2615",5,11,"conf_358",5000,36,3.8798372299,1,5
"2616",5,11,"conf_358",7500,36,2.7729945153,1,5
"2617",5,11,"conf_358",250,37,79.1615191373,1,5
"2618",5,11,"conf_358",500,37,43.7483111039,1,5
"2619",5,11,"conf_358",1500,37,2.5680190028,1,5
"2620",5,11,"conf_358",2500,37,2.5680190028,1,5
"2621",5,11,"conf_358",5000,37,2.5680190028,1,5
"2622",5,11,"conf_358",7500,37,1.0881548446,1,5
"2623",5,11,"conf_358",250,38,101.4953432516,1,5
"2624",5,11,"conf_358",500,38,37.969359851,1,5
"2625",5,11,"conf_358",1500,38,15.3455674306,1,5
"2626",5,11,"conf_358",2500,38,15.3455674306,1,5
"2627",5,11,"conf_358",5000,38,5.6121517551,1,5
"2628",5,11,"conf_358",7500,38,0.7843045703,1,5
"2629",5,11,"conf_358",250,39,25.5455952329,1,5
"2630",5,11,"conf_358",500,39,25.5455952329,1,5
"2631",5,11,"conf_358",1500,39,25.5455952329,1,5
"2632",5,11,"conf_358",2500,39,11.727112191,1,5
"2633",5,11,"conf_358",5000,39,9.789839984,1,5
"2634",5,11,"conf_358",7500,39,2.2776343452,1,5
"2635",5,11,"conf_358",250,40,649.573874566,1,5
"2636",5,11,"conf_358",500,40,38.5878526377,1,5
"2637",5,11,"conf_358",1500,40,26.0892664127,1,5
"2638",5,11,"conf_358",2500,40,26.0892664127,1,5
"2639",5,11,"conf_358",5000,40,1.8725870164,1,5
"2640",5,11,"conf_358",7500,40,0.905834822,1,5
"2641",5,11,"conf_358",250,41,31.8825736204,1,5
"2642",5,11,"conf_358",500,41,27.5204959539,1,5
"2643",5,11,"conf_358",1500,41,17.3630856039,1,5
"2644",5,11,"conf_358",2500,41,16.1621200289,1,5
"2645",5,11,"conf_358",5000,41,7.8740803483,1,5
"2646",5,11,"conf_358",7500,41,2.4090412515,1,5
"2647",5,11,"conf_358",250,42,492.9481116572,1,5
"2648",5,11,"conf_358",500,42,31.1015380329,1,5
"2649",5,11,"conf_358",1500,42,25.2362994287,1,5
"2650",5,11,"conf_358",2500,42,2.8447559168,1,5
"2651",5,11,"conf_358",5000,42,1.7625387155,1,5
"2652",5,11,"conf_358",7500,42,1.34627764,1,5
"2653",5,11,"conf_358",250,43,718.738589336,1,5
"2654",5,11,"conf_358",500,43,28.3743281668,1,5
"2655",5,11,"conf_358",1500,43,28.3743281668,1,5
"2656",5,11,"conf_358",2500,43,24.1451631244,1,5
"2657",5,11,"conf_358",5000,43,6.6486791448,1,5
"2658",5,11,"conf_358",7500,43,0.4419051718,1,5
"2659",5,11,"conf_358",250,44,54.6870363016,1,5
"2660",5,11,"conf_358",500,44,24.1984797773,1,5
"2661",5,11,"conf_358",1500,44,24.1984797773,1,5
"2662",5,11,"conf_358",2500,44,8.4806111859,1,5
"2663",5,11,"conf_358",5000,44,8.4806111859,1,5
"2664",5,11,"conf_358",7500,44,1.7768007532,1,5
"2665",5,11,"conf_358",250,45,99.3212299187,1,5
"2666",5,11,"conf_358",500,45,77.1735600199,1,5
"2667",5,11,"conf_358",1500,45,29.290896923,1,5
"2668",5,11,"conf_358",2500,45,29.290896923,1,5
"2669",5,11,"conf_358",5000,45,6.2588669751,1,5
"2670",5,11,"conf_358",7500,45,1.648957877,1,5
"2671",5,11,"conf_358",250,46,1340.6554863273,1,5
"2672",5,11,"conf_358",500,46,48.9788446569,1,5
"2673",5,11,"conf_358",1500,46,41.554924086,1,5
"2674",5,11,"conf_358",2500,46,23.5294442786,1,5
"2675",5,11,"conf_358",5000,46,9.8714499569,1,5
"2676",5,11,"conf_358",7500,46,1.4640776174,1,5
"2677",5,11,"conf_358",250,47,69.4431729255,1,5
"2678",5,11,"conf_358",500,47,65.8547783538,1,5
"2679",5,11,"conf_358",1500,47,65.8547783538,1,5
"2680",5,11,"conf_358",2500,47,37.0746799327,1,5
"2681",5,11,"conf_358",5000,47,5.7335771004,1,5
"2682",5,11,"conf_358",7500,47,2.0568655823,1,5
"2683",5,11,"conf_358",250,48,1937.6040641555,1,5
"2684",5,11,"conf_358",500,48,116.5609575451,1,5
"2685",5,11,"conf_358",1500,48,34.2657708301,1,5
"2686",5,11,"conf_358",2500,48,21.1438364836,1,5
"2687",5,11,"conf_358",5000,48,9.4514817773,1,5
"2688",5,11,"conf_358",7500,48,3.5712559701,1,5
"2689",5,11,"conf_358",250,49,36.0646975457,1,5
"2690",5,11,"conf_358",500,49,36.0646975457,1,5
"2691",5,11,"conf_358",1500,49,36.0646975457,1,5
"2692",5,11,"conf_358",2500,49,12.0553308591,1,5
"2693",5,11,"conf_358",5000,49,6.889666633,1,5
"2694",5,11,"conf_358",7500,49,0.6802079258,1,5
"2695",5,11,"conf_358",250,50,58.7050022805,1,5
"2696",5,11,"conf_358",500,50,58.7050022805,1,5
"2697",5,11,"conf_358",1500,50,26.4021953265,1,5
"2698",5,11,"conf_358",2500,50,18.6517739961,1,5
"2699",5,11,"conf_358",5000,50,5.4214334497,1,5
"2700",5,11,"conf_358",7500,50,2.18185868,1,5
"2701",5,11,"conf_358",250,51,99.6664107662,2,5
"2702",5,11,"conf_358",500,51,59.2615073896,2,5
"2703",5,11,"conf_358",1500,51,24.2192448142,2,5
"2704",5,11,"conf_358",2500,51,3.815240414,2,5
"2705",5,11,"conf_358",5000,51,3.815240414,2,5
"2706",5,11,"conf_358",7500,51,1.0704813366,2,5
"2707",5,11,"conf_358",250,52,95.5512272168,2,5
"2708",5,11,"conf_358",500,52,95.5512272168,2,5
"2709",5,11,"conf_358",1500,52,95.5512272168,2,5
"2710",5,11,"conf_358",2500,52,29.8306920264,2,5
"2711",5,11,"conf_358",5000,52,7.6395496671,2,5
"2712",5,11,"conf_358",7500,52,1.5420012698,2,5
"2713",5,11,"conf_358",250,53,67.0675740644,2,5
"2714",5,11,"conf_358",500,53,67.0675740644,2,5
"2715",5,11,"conf_358",1500,53,56.1989299056,2,5
"2716",5,11,"conf_358",2500,53,8.4004557588,2,5
"2717",5,11,"conf_358",5000,53,8.4004557588,2,5
"2718",5,11,"conf_358",7500,53,3.5006182357,2,5
"2719",5,11,"conf_358",250,54,471.4196092984,2,5
"2720",5,11,"conf_358",500,54,105.9381749852,2,5
"2721",5,11,"conf_358",1500,54,62.8647982079,2,5
"2722",5,11,"conf_358",2500,54,24.6629930058,2,5
"2723",5,11,"conf_358",5000,54,7.5669580237,2,5
"2724",5,11,"conf_358",7500,54,1.3657397452,2,5
"2725",5,11,"conf_358",250,55,381.9449625289,2,5
"2726",5,11,"conf_358",500,55,381.9449625289,2,5
"2727",5,11,"conf_358",1500,55,112.5153444192,2,5
"2728",5,11,"conf_358",2500,55,30.2203978311,2,5
"2729",5,11,"conf_358",5000,55,5.1532700614,2,5
"2730",5,11,"conf_358",7500,55,1.621154788,2,5
"2731",5,11,"conf_358",250,56,488.3393789402,2,5
"2732",5,11,"conf_358",500,56,136.7461252126,2,5
"2733",5,11,"conf_358",1500,56,64.5170635085,2,5
"2734",5,11,"conf_358",2500,56,40.1089978201,2,5
"2735",5,11,"conf_358",5000,56,6.1858063302,2,5
"2736",5,11,"conf_358",7500,56,5.6190193235,2,5
"2737",5,11,"conf_358",250,57,57.1270657372,2,5
"2738",5,11,"conf_358",500,57,57.1270657372,2,5
"2739",5,11,"conf_358",1500,57,57.1270657372,2,5
"2740",5,11,"conf_358",2500,57,25.4638170151,2,5
"2741",5,11,"conf_358",5000,57,4.2307103221,2,5
"2742",5,11,"conf_358",7500,57,1.2952529647,2,5
"2743",5,11,"conf_358",250,58,157.8099887652,2,5
"2744",5,11,"conf_358",500,58,157.8099887652,2,5
"2745",5,11,"conf_358",1500,58,18.8771263145,2,5
"2746",5,11,"conf_358",2500,58,7.9236404998,2,5
"2747",5,11,"conf_358",5000,58,6.9444275024,2,5
"2748",5,11,"conf_358",7500,58,1.5047238323,2,5
"2749",5,11,"conf_358",250,59,46.3428206128,2,5
"2750",5,11,"conf_358",500,59,46.3428206128,2,5
"2751",5,11,"conf_358",1500,59,7.764249898,2,5
"2752",5,11,"conf_358",2500,59,5.5566830497,2,5
"2753",5,11,"conf_358",5000,59,5.5566830497,2,5
"2754",5,11,"conf_358",7500,59,2.2362104198,2,5
"2755",5,11,"conf_358",250,60,85.4898226747,2,5
"2756",5,11,"conf_358",500,60,49.1245642395,2,5
"2757",5,11,"conf_358",1500,60,49.1245642395,2,5
"2758",5,11,"conf_358",2500,60,26.7450712321,2,5
"2759",5,11,"conf_358",5000,60,8.3070100937,2,5
"2760",5,11,"conf_358",7500,60,4.904946646,2,5
"2761",5,11,"conf_358",250,61,116.0529165742,2,5
"2762",5,11,"conf_358",500,61,116.0529165742,2,5
"2763",5,11,"conf_358",1500,61,41.9316531519,2,5
"2764",5,11,"conf_358",2500,61,30.2081256483,2,5
"2765",5,11,"conf_358",5000,61,1.7712119593,2,5
"2766",5,11,"conf_358",7500,61,0.9523689292,2,5
"2767",5,11,"conf_358",250,62,168.8072052899,2,5
"2768",5,11,"conf_358",500,62,168.8072052899,2,5
"2769",5,11,"conf_358",1500,62,51.7503752747,2,5
"2770",5,11,"conf_358",2500,62,51.7503752747,2,5
"2771",5,11,"conf_358",5000,62,8.6663497864,2,5
"2772",5,11,"conf_358",7500,62,1.6650397296,2,5
"2773",5,11,"conf_358",250,63,141.4317098175,2,5
"2774",5,11,"conf_358",500,63,110.4399905118,2,5
"2775",5,11,"conf_358",1500,63,23.836080302,2,5
"2776",5,11,"conf_358",2500,63,23.836080302,2,5
"2777",5,11,"conf_358",5000,63,18.7743719222,2,5
"2778",5,11,"conf_358",7500,63,3.3467904616,2,5
"2779",5,11,"conf_358",250,64,1006.7396016016,2,5
"2780",5,11,"conf_358",500,64,160.8550371098,2,5
"2781",5,11,"conf_358",1500,64,34.9377226759,2,5
"2782",5,11,"conf_358",2500,64,16.464589953,2,5
"2783",5,11,"conf_358",5000,64,16.464589953,2,5
"2784",5,11,"conf_358",7500,64,3.3487143318,2,5
"2785",5,11,"conf_358",250,65,47.6369029676,2,5
"2786",5,11,"conf_358",500,65,47.6369029676,2,5
"2787",5,11,"conf_358",1500,65,27.6696453152,2,5
"2788",5,11,"conf_358",2500,65,27.6696453152,2,5
"2789",5,11,"conf_358",5000,65,1.6967631433,2,5
"2790",5,11,"conf_358",7500,65,1.6967631433,2,5
"2791",5,11,"conf_358",250,66,140.7094306854,2,5
"2792",5,11,"conf_358",500,66,42.6381350777,2,5
"2793",5,11,"conf_358",1500,66,35.5432092037,2,5
"2794",5,11,"conf_358",2500,66,20.7398005123,2,5
"2795",5,11,"conf_358",5000,66,10.0532399059,2,5
"2796",5,11,"conf_358",7500,66,2.4961139027,2,5
"2797",5,11,"conf_358",250,67,125.5921488282,2,5
"2798",5,11,"conf_358",500,67,125.5921488282,2,5
"2799",5,11,"conf_358",1500,67,16.0173571043,2,5
"2800",5,11,"conf_358",2500,67,16.0173571043,2,5
"2801",5,11,"conf_358",5000,67,3.881535287,2,5
"2802",5,11,"conf_358",7500,67,3.881535287,2,5
"2803",5,11,"conf_358",250,68,111.3271299676,2,5
"2804",5,11,"conf_358",500,68,111.3271299676,2,5
"2805",5,11,"conf_358",1500,68,35.4030421686,2,5
"2806",5,11,"conf_358",2500,68,35.4030421686,2,5
"2807",5,11,"conf_358",5000,68,9.9934775181,2,5
"2808",5,11,"conf_358",7500,68,4.929684062,2,5
"2809",5,11,"conf_358",250,69,1534.4307008239,2,5
"2810",5,11,"conf_358",500,69,137.972636703,2,5
"2811",5,11,"conf_358",1500,69,22.5551245119,2,5
"2812",5,11,"conf_358",2500,69,22.5551245119,2,5
"2813",5,11,"conf_358",5000,69,7.7418908821,2,5
"2814",5,11,"conf_358",7500,69,4.8331809425,2,5
"2815",5,11,"conf_358",250,70,161.5875379533,2,5
"2816",5,11,"conf_358",500,70,134.8398012794,2,5
"2817",5,11,"conf_358",1500,70,68.2946882167,2,5
"2818",5,11,"conf_358",2500,70,55.5928191661,2,5
"2819",5,11,"conf_358",5000,70,14.9129475434,2,5
"2820",5,11,"conf_358",7500,70,2.3085944098,2,5
"2821",5,11,"conf_358",250,71,1098.9345287689,2,5
"2822",5,11,"conf_358",500,71,418.5341999956,2,5
"2823",5,11,"conf_358",1500,71,43.8279803638,2,5
"2824",5,11,"conf_358",2500,71,10.1693612019,2,5
"2825",5,11,"conf_358",5000,71,5.6953899852,2,5
"2826",5,11,"conf_358",7500,71,2.9789385854,2,5
"2827",5,11,"conf_358",250,72,2517.5376365723,2,5
"2828",5,11,"conf_358",500,72,185.5915775937,2,5
"2829",5,11,"conf_358",1500,72,22.5792116866,2,5
"2830",5,11,"conf_358",2500,72,12.4485034212,2,5
"2831",5,11,"conf_358",5000,72,6.6422214032,2,5
"2832",5,11,"conf_358",7500,72,4.8649418358,2,5
"2833",5,11,"conf_358",250,73,45.324644311,2,5
"2834",5,11,"conf_358",500,73,45.324644311,2,5
"2835",5,11,"conf_358",1500,73,6.7900800534,2,5
"2836",5,11,"conf_358",2500,73,6.7900800534,2,5
"2837",5,11,"conf_358",5000,73,6.6923346704,2,5
"2838",5,11,"conf_358",7500,73,1.6955474486,2,5
"2839",5,11,"conf_358",250,74,507.5236446942,2,5
"2840",5,11,"conf_358",500,74,10.401410937,2,5
"2841",5,11,"conf_358",1500,74,10.401410937,2,5
"2842",5,11,"conf_358",2500,74,10.401410937,2,5
"2843",5,11,"conf_358",5000,74,3.2261909797,2,5
"2844",5,11,"conf_358",7500,74,1.6092373391,2,5
"2845",5,11,"conf_358",250,75,363.0789445461,2,5
"2846",5,11,"conf_358",500,75,30.744912543,2,5
"2847",5,11,"conf_358",1500,75,30.744912543,2,5
"2848",5,11,"conf_358",2500,75,30.744912543,2,5
"2849",5,11,"conf_358",5000,75,7.9337827081,2,5
"2850",5,11,"conf_358",7500,75,3.2529925096,2,5
"2851",5,11,"conf_358",250,76,296.0882732505,2,5
"2852",5,11,"conf_358",500,76,296.0882732505,2,5
"2853",5,11,"conf_358",1500,76,38.2783777602,2,5
"2854",5,11,"conf_358",2500,76,38.2783777602,2,5
"2855",5,11,"conf_358",5000,76,9.4637029147,2,5
"2856",5,11,"conf_358",7500,76,1.8205697387,2,5
"2857",5,11,"conf_358",250,77,44.7419794697,2,5
"2858",5,11,"conf_358",500,77,44.7419794697,2,5
"2859",5,11,"conf_358",1500,77,18.1085057303,2,5
"2860",5,11,"conf_358",2500,77,13.8180548706,2,5
"2861",5,11,"conf_358",5000,77,4.4186198055,2,5
"2862",5,11,"conf_358",7500,77,1.6583529249,2,5
"2863",5,11,"conf_358",250,78,35.3456806481,2,5
"2864",5,11,"conf_358",500,78,35.3456806481,2,5
"2865",5,11,"conf_358",1500,78,25.0496334267,2,5
"2866",5,11,"conf_358",2500,78,22.294606683,2,5
"2867",5,11,"conf_358",5000,78,3.4744210135,2,5
"2868",5,11,"conf_358",7500,78,3.4744210135,2,5
"2869",5,11,"conf_358",250,79,168.3899720001,2,5
"2870",5,11,"conf_358",500,79,161.3013517972,2,5
"2871",5,11,"conf_358",1500,79,11.4439093548,2,5
"2872",5,11,"conf_358",2500,79,6.9946060254,2,5
"2873",5,11,"conf_358",5000,79,6.9946060254,2,5
"2874",5,11,"conf_358",7500,79,2.6798998085,2,5
"2875",5,11,"conf_358",250,80,927.0646072508,2,5
"2876",5,11,"conf_358",500,80,72.7713461503,2,5
"2877",5,11,"conf_358",1500,80,17.2699765092,2,5
"2878",5,11,"conf_358",2500,80,17.2699765092,2,5
"2879",5,11,"conf_358",5000,80,5.9878825123,2,5
"2880",5,11,"conf_358",7500,80,2.3229205654,2,5
"2881",5,11,"conf_358",250,81,167.7950751925,2,5
"2882",5,11,"conf_358",500,81,64.4049346819,2,5
"2883",5,11,"conf_358",1500,81,34.0016004078,2,5
"2884",5,11,"conf_358",2500,81,34.0016004078,2,5
"2885",5,11,"conf_358",5000,81,6.5741180148,2,5
"2886",5,11,"conf_358",7500,81,1.5891804289,2,5
"2887",5,11,"conf_358",250,82,146.2661873491,2,5
"2888",5,11,"conf_358",500,82,146.2661873491,2,5
"2889",5,11,"conf_358",1500,82,68.5794111315,2,5
"2890",5,11,"conf_358",2500,82,34.1702263286,2,5
"2891",5,11,"conf_358",5000,82,2.9176702985,2,5
"2892",5,11,"conf_358",7500,82,2.9176702985,2,5
"2893",5,11,"conf_358",250,83,173.347443691,2,5
"2894",5,11,"conf_358",500,83,169.8326388431,2,5
"2895",5,11,"conf_358",1500,83,76.0973641942,2,5
"2896",5,11,"conf_358",2500,83,32.3532695347,2,5
"2897",5,11,"conf_358",5000,83,15.602089283,2,5
"2898",5,11,"conf_358",7500,83,5.3879596814,2,5
"2899",5,11,"conf_358",250,84,53.602186333,2,5
"2900",5,11,"conf_358",500,84,53.602186333,2,5
"2901",5,11,"conf_358",1500,84,20.0534745237,2,5
"2902",5,11,"conf_358",2500,84,15.1308373536,2,5
"2903",5,11,"conf_358",5000,84,7.4324509026,2,5
"2904",5,11,"conf_358",7500,84,3.3798456154,2,5
"2905",5,11,"conf_358",250,85,69.6385766375,2,5
"2906",5,11,"conf_358",500,85,69.6385766375,2,5
"2907",5,11,"conf_358",1500,85,69.6385766375,2,5
"2908",5,11,"conf_358",2500,85,18.8224890999,2,5
"2909",5,11,"conf_358",5000,85,6.4548704633,2,5
"2910",5,11,"conf_358",7500,85,2.9821581666,2,5
"2911",5,11,"conf_358",250,86,480.97745958,2,5
"2912",5,11,"conf_358",500,86,233.0426881612,2,5
"2913",5,11,"conf_358",1500,86,68.8543077529,2,5
"2914",5,11,"conf_358",2500,86,32.1805019768,2,5
"2915",5,11,"conf_358",5000,86,1.9027439754,2,5
"2916",5,11,"conf_358",7500,86,1.3953555282,2,5
"2917",5,11,"conf_358",250,87,30.5900179951,2,5
"2918",5,11,"conf_358",500,87,12.5872231004,2,5
"2919",5,11,"conf_358",1500,87,12.5872231004,2,5
"2920",5,11,"conf_358",2500,87,12.257158962,2,5
"2921",5,11,"conf_358",5000,87,6.2826355443,2,5
"2922",5,11,"conf_358",7500,87,1.3020911249,2,5
"2923",5,11,"conf_358",250,88,44.5833922569,2,5
"2924",5,11,"conf_358",500,88,39.656643006,2,5
"2925",5,11,"conf_358",1500,88,18.8351937527,2,5
"2926",5,11,"conf_358",2500,88,18.8351937527,2,5
"2927",5,11,"conf_358",5000,88,15.1573855721,2,5
"2928",5,11,"conf_358",7500,88,6.1172509432,2,5
"2929",5,11,"conf_358",250,89,76.4736031589,2,5
"2930",5,11,"conf_358",500,89,76.4736031589,2,5
"2931",5,11,"conf_358",1500,89,76.4422969441,2,5
"2932",5,11,"conf_358",2500,89,15.6821438887,2,5
"2933",5,11,"conf_358",5000,89,8.7780282571,2,5
"2934",5,11,"conf_358",7500,89,1.4985221782,2,5
"2935",5,11,"conf_358",250,90,550.5366099397,2,5
"2936",5,11,"conf_358",500,90,206.6905122573,2,5
"2937",5,11,"conf_358",1500,90,62.8421518974,2,5
"2938",5,11,"conf_358",2500,90,3.1763694467,2,5
"2939",5,11,"conf_358",5000,90,3.1763694467,2,5
"2940",5,11,"conf_358",7500,90,1.3496647859,2,5
"2941",5,11,"conf_358",250,91,116.2346710102,2,5
"2942",5,11,"conf_358",500,91,116.2346710102,2,5
"2943",5,11,"conf_358",1500,91,41.2437231894,2,5
"2944",5,11,"conf_358",2500,91,18.3792849376,2,5
"2945",5,11,"conf_358",5000,91,6.3481898756,2,5
"2946",5,11,"conf_358",7500,91,4.1353670513,2,5
"2947",5,11,"conf_358",250,92,54.4796513771,2,5
"2948",5,11,"conf_358",500,92,54.4796513771,2,5
"2949",5,11,"conf_358",1500,92,30.7534763722,2,5
"2950",5,11,"conf_358",2500,92,17.9490228044,2,5
"2951",5,11,"conf_358",5000,92,9.4091619296,2,5
"2952",5,11,"conf_358",7500,92,3.936480442,2,5
"2953",5,11,"conf_358",250,93,75.7706281061,2,5
"2954",5,11,"conf_358",500,93,75.7706281061,2,5
"2955",5,11,"conf_358",1500,93,50.2347544209,2,5
"2956",5,11,"conf_358",2500,93,22.1349519461,2,5
"2957",5,11,"conf_358",5000,93,19.8076389382,2,5
"2958",5,11,"conf_358",7500,93,3.4955684253,2,5
"2959",5,11,"conf_358",250,94,99.0392812654,2,5
"2960",5,11,"conf_358",500,94,99.0392812654,2,5
"2961",5,11,"conf_358",1500,94,47.0789067811,2,5
"2962",5,11,"conf_358",2500,94,21.2521540663,2,5
"2963",5,11,"conf_358",5000,94,1.3018219588,2,5
"2964",5,11,"conf_358",7500,94,1.3018219588,2,5
"2965",5,11,"conf_358",250,95,238.8860088678,2,5
"2966",5,11,"conf_358",500,95,106.3414446524,2,5
"2967",5,11,"conf_358",1500,95,84.889569331,2,5
"2968",5,11,"conf_358",2500,95,30.3576759024,2,5
"2969",5,11,"conf_358",5000,95,9.7273735031,2,5
"2970",5,11,"conf_358",7500,95,2.6329977037,2,5
"2971",5,11,"conf_358",250,96,76.4964701939,2,5
"2972",5,11,"conf_358",500,96,42.6421362606,2,5
"2973",5,11,"conf_358",1500,96,25.4965011875,2,5
"2974",5,11,"conf_358",2500,96,20.33412323,2,5
"2975",5,11,"conf_358",5000,96,5.5002868434,2,5
"2976",5,11,"conf_358",7500,96,4.4386117973,2,5
"2977",5,11,"conf_358",250,97,215.3341549774,2,5
"2978",5,11,"conf_358",500,97,215.3341549774,2,5
"2979",5,11,"conf_358",1500,97,76.8999792676,2,5
"2980",5,11,"conf_358",2500,97,27.7472073408,2,5
"2981",5,11,"conf_358",5000,97,1.871845583,2,5
"2982",5,11,"conf_358",7500,97,1.871845583,2,5
"2983",5,11,"conf_358",250,98,69.2654642252,2,5
"2984",5,11,"conf_358",500,98,30.4916440078,2,5
"2985",5,11,"conf_358",1500,98,30.4916440078,2,5
"2986",5,11,"conf_358",2500,98,24.7832986137,2,5
"2987",5,11,"conf_358",5000,98,5.7780317687,2,5
"2988",5,11,"conf_358",7500,98,2.9472748995,2,5
"2989",5,11,"conf_358",250,99,80.466765106,2,5
"2990",5,11,"conf_358",500,99,80.466765106,2,5
"2991",5,11,"conf_358",1500,99,43.0921225843,2,5
"2992",5,11,"conf_358",2500,99,43.0921225843,2,5
"2993",5,11,"conf_358",5000,99,8.8244752023,2,5
"2994",5,11,"conf_358",7500,99,5.2789873112,2,5
"2995",5,11,"conf_358",250,100,90.8030827322,2,5
"2996",5,11,"conf_358",500,100,90.8030827322,2,5
"2997",5,11,"conf_358",1500,100,74.1570603726,2,5
"2998",5,11,"conf_358",2500,100,74.1570603726,2,5
"2999",5,11,"conf_358",5000,100,11.6443857207,2,5
"3000",5,11,"conf_358",7500,100,1.7331488009,2,5
"3001",5,11,"conf_358",250,101,99.7720860891,3,5
"3002",5,11,"conf_358",500,101,99.7720860891,3,5
"3003",5,11,"conf_358",1500,101,42.2126351588,3,5
"3004",5,11,"conf_358",2500,101,14.4676060526,3,5
"3005",5,11,"conf_358",5000,101,5.7640353987,3,5
"3006",5,11,"conf_358",7500,101,2.0923341039,3,5
"3007",5,11,"conf_358",250,102,71.0284144169,3,5
"3008",5,11,"conf_358",500,102,42.687327196,3,5
"3009",5,11,"conf_358",1500,102,16.6082653484,3,5
"3010",5,11,"conf_358",2500,102,16.6082653484,3,5
"3011",5,11,"conf_358",5000,102,5.7520817726,3,5
"3012",5,11,"conf_358",7500,102,0.8175240919,3,5
"3013",5,11,"conf_358",250,103,41.1282874377,3,5
"3014",5,11,"conf_358",500,103,41.1282874377,3,5
"3015",5,11,"conf_358",1500,103,41.1282874377,3,5
"3016",5,11,"conf_358",2500,103,27.0368859621,3,5
"3017",5,11,"conf_358",5000,103,6.5280605429,3,5
"3018",5,11,"conf_358",7500,103,1.9910944921,3,5
"3019",5,11,"conf_358",250,104,70.8334148477,3,5
"3020",5,11,"conf_358",500,104,38.0572141546,3,5
"3021",5,11,"conf_358",1500,104,31.7289557629,3,5
"3022",5,11,"conf_358",2500,104,31.7289557629,3,5
"3023",5,11,"conf_358",5000,104,1.1477560107,3,5
"3024",5,11,"conf_358",7500,104,0.7124988784,3,5
"3025",5,11,"conf_358",250,105,4283.2837738522,3,5
"3026",5,11,"conf_358",500,105,77.4933033481,3,5
"3027",5,11,"conf_358",1500,105,42.463262126,3,5
"3028",5,11,"conf_358",2500,105,16.5481844119,3,5
"3029",5,11,"conf_358",5000,105,4.5100834097,3,5
"3030",5,11,"conf_358",7500,105,1.1375358818,3,5
"3031",5,11,"conf_358",250,106,76.9621093854,3,5
"3032",5,11,"conf_358",500,106,76.9621093854,3,5
"3033",5,11,"conf_358",1500,106,42.5058420544,3,5
"3034",5,11,"conf_358",2500,106,31.5878038195,3,5
"3035",5,11,"conf_358",5000,106,1.6063063195,3,5
"3036",5,11,"conf_358",7500,106,1.3376036689,3,5
"3037",5,11,"conf_358",250,107,291.8751943933,3,5
"3038",5,11,"conf_358",500,107,259.6026181924,3,5
"3039",5,11,"conf_358",1500,107,31.8721766593,3,5
"3040",5,11,"conf_358",2500,107,23.0719533108,3,5
"3041",5,11,"conf_358",5000,107,4.8983649661,3,5
"3042",5,11,"conf_358",7500,107,1.7245723212,3,5
"3043",5,11,"conf_358",250,108,4774.851292856,3,5
"3044",5,11,"conf_358",500,108,249.8989903796,3,5
"3045",5,11,"conf_358",1500,108,41.7593372795,3,5
"3046",5,11,"conf_358",2500,108,11.9166680729,3,5
"3047",5,11,"conf_358",5000,108,4.1070193527,3,5
"3048",5,11,"conf_358",7500,108,1.5495582737,3,5
"3049",5,11,"conf_358",250,109,933.9055628845,3,5
"3050",5,11,"conf_358",500,109,37.6525606257,3,5
"3051",5,11,"conf_358",1500,109,37.6525606257,3,5
"3052",5,11,"conf_358",2500,109,14.9141072513,3,5
"3053",5,11,"conf_358",5000,109,4.8614508821,3,5
"3054",5,11,"conf_358",7500,109,0.7196439357,3,5
"3055",5,11,"conf_358",250,110,231.6363890648,3,5
"3056",5,11,"conf_358",500,110,63.3979500052,3,5
"3057",5,11,"conf_358",1500,110,15.9427125817,3,5
"3058",5,11,"conf_358",2500,110,11.70791297,3,5
"3059",5,11,"conf_358",5000,110,1.0734883346,3,5
"3060",5,11,"conf_358",7500,110,0.6704086131,3,5
"3061",5,11,"conf_358",250,111,1033.4991947643,3,5
"3062",5,11,"conf_358",500,111,739.5307967237,3,5
"3063",5,11,"conf_358",1500,111,19.5134323497,3,5
"3064",5,11,"conf_358",2500,111,19.5134323497,3,5
"3065",5,11,"conf_358",5000,111,3.8123902354,3,5
"3066",5,11,"conf_358",7500,111,1.0432716311,3,5
"3067",5,11,"conf_358",250,112,120.3423658417,3,5
"3068",5,11,"conf_358",500,112,89.5467293682,3,5
"3069",5,11,"conf_358",1500,112,26.5673490788,3,5
"3070",5,11,"conf_358",2500,112,18.6136794527,3,5
"3071",5,11,"conf_358",5000,112,9.4938612601,3,5
"3072",5,11,"conf_358",7500,112,0.9150123315,3,5
"3073",5,11,"conf_358",250,113,71.7926051742,3,5
"3074",5,11,"conf_358",500,113,59.6256576093,3,5
"3075",5,11,"conf_358",1500,113,54.7693698408,3,5
"3076",5,11,"conf_358",2500,113,22.6224784672,3,5
"3077",5,11,"conf_358",5000,113,7.2839442523,3,5
"3078",5,11,"conf_358",7500,113,0.7463515455,3,5
"3079",5,11,"conf_358",250,114,84.8082281896,3,5
"3080",5,11,"conf_358",500,114,84.8082281896,3,5
"3081",5,11,"conf_358",1500,114,23.1890445818,3,5
"3082",5,11,"conf_358",2500,114,4.0568117717,3,5
"3083",5,11,"conf_358",5000,114,2.2397982339,3,5
"3084",5,11,"conf_358",7500,114,1.0778164448,3,5
"3085",5,11,"conf_358",250,115,1137.6925571878,3,5
"3086",5,11,"conf_358",500,115,102.6971748825,3,5
"3087",5,11,"conf_358",1500,115,34.393384982,3,5
"3088",5,11,"conf_358",2500,115,13.4815702961,3,5
"3089",5,11,"conf_358",5000,115,2.8367165191,3,5
"3090",5,11,"conf_358",7500,115,1.1268950173,3,5
"3091",5,11,"conf_358",250,116,348.2216102186,3,5
"3092",5,11,"conf_358",500,116,113.0946201968,3,5
"3093",5,11,"conf_358",1500,116,88.2308746533,3,5
"3094",5,11,"conf_358",2500,116,41.5420718219,3,5
"3095",5,11,"conf_358",5000,116,7.0729515285,3,5
"3096",5,11,"conf_358",7500,116,1.3329950298,3,5
"3097",5,11,"conf_358",250,117,133.4892639632,3,5
"3098",5,11,"conf_358",500,117,133.4892639632,3,5
"3099",5,11,"conf_358",1500,117,57.4983195775,3,5
"3100",5,11,"conf_358",2500,117,45.5439840945,3,5
"3101",5,11,"conf_358",5000,117,5.2097917227,3,5
"3102",5,11,"conf_358",7500,117,1.9280001893,3,5
"3103",5,11,"conf_358",250,118,24.0749275728,3,5
"3104",5,11,"conf_358",500,118,24.0749275728,3,5
"3105",5,11,"conf_358",1500,118,24.0749275728,3,5
"3106",5,11,"conf_358",2500,118,15.526134585,3,5
"3107",5,11,"conf_358",5000,118,3.8748549184,3,5
"3108",5,11,"conf_358",7500,118,1.1550278117,3,5
"3109",5,11,"conf_358",250,119,1082.5160132181,3,5
"3110",5,11,"conf_358",500,119,16.282364087,3,5
"3111",5,11,"conf_358",1500,119,16.282364087,3,5
"3112",5,11,"conf_358",2500,119,10.6807785897,3,5
"3113",5,11,"conf_358",5000,119,6.8683113372,3,5
"3114",5,11,"conf_358",7500,119,1.1429362559,3,5
"3115",5,11,"conf_358",250,120,63.3836117439,3,5
"3116",5,11,"conf_358",500,120,63.3836117439,3,5
"3117",5,11,"conf_358",1500,120,29.0267199571,3,5
"3118",5,11,"conf_358",2500,120,13.1365305359,3,5
"3119",5,11,"conf_358",5000,120,3.191484397,3,5
"3120",5,11,"conf_358",7500,120,1.5383001904,3,5
"3121",5,11,"conf_358",250,121,331.374307592,3,5
"3122",5,11,"conf_358",500,121,331.374307592,3,5
"3123",5,11,"conf_358",1500,121,16.1598371775,3,5
"3124",5,11,"conf_358",2500,121,9.7097153919,3,5
"3125",5,11,"conf_358",5000,121,4.123956089,3,5
"3126",5,11,"conf_358",7500,121,0.2425640226,3,5
"3127",5,11,"conf_358",250,122,29.7242098519,3,5
"3128",5,11,"conf_358",500,122,29.7242098519,3,5
"3129",5,11,"conf_358",1500,122,23.2336910091,3,5
"3130",5,11,"conf_358",2500,122,15.683471124,3,5
"3131",5,11,"conf_358",5000,122,2.471688779,3,5
"3132",5,11,"conf_358",7500,122,0.4671100504,3,5
"3133",5,11,"conf_358",250,123,62.4743560115,3,5
"3134",5,11,"conf_358",500,123,52.1442514581,3,5
"3135",5,11,"conf_358",1500,123,7.2385064057,3,5
"3136",5,11,"conf_358",2500,123,7.2385064057,3,5
"3137",5,11,"conf_358",5000,123,5.6773318768,3,5
"3138",5,11,"conf_358",7500,123,0.4505628403,3,5
"3139",5,11,"conf_358",250,124,74.1063424085,3,5
"3140",5,11,"conf_358",500,124,59.5011562064,3,5
"3141",5,11,"conf_358",1500,124,51.1202662177,3,5
"3142",5,11,"conf_358",2500,124,10.0386593938,3,5
"3143",5,11,"conf_358",5000,124,4.8922097486,3,5
"3144",5,11,"conf_358",7500,124,0.7759700105,3,5
"3145",5,11,"conf_358",250,125,88.9144982589,3,5
"3146",5,11,"conf_358",500,125,52.3964583242,3,5
"3147",5,11,"conf_358",1500,125,22.0246441111,3,5
"3148",5,11,"conf_358",2500,125,22.0246441111,3,5
"3149",5,11,"conf_358",5000,125,6.3018255798,3,5
"3150",5,11,"conf_358",7500,125,0.7649157,3,5
"3151",5,11,"conf_358",250,126,54.523216854,3,5
"3152",5,11,"conf_358",500,126,54.523216854,3,5
"3153",5,11,"conf_358",1500,126,34.170704448,3,5
"3154",5,11,"conf_358",2500,126,24.4649460469,3,5
"3155",5,11,"conf_358",5000,126,7.5572916914,3,5
"3156",5,11,"conf_358",7500,126,0.8445717262,3,5
"3157",5,11,"conf_358",250,127,267.8866656506,3,5
"3158",5,11,"conf_358",500,127,116.6685603331,3,5
"3159",5,11,"conf_358",1500,127,24.66766787,3,5
"3160",5,11,"conf_358",2500,127,8.6519770767,3,5
"3161",5,11,"conf_358",5000,127,8.6519770767,3,5
"3162",5,11,"conf_358",7500,127,1.6956022044,3,5
"3163",5,11,"conf_358",250,128,1564.7185034287,3,5
"3164",5,11,"conf_358",500,128,948.923353302,3,5
"3165",5,11,"conf_358",1500,128,24.0896127967,3,5
"3166",5,11,"conf_358",2500,128,12.0504454951,3,5
"3167",5,11,"conf_358",5000,128,4.541167505,3,5
"3168",5,11,"conf_358",7500,128,1.2583020962,3,5
"3169",5,11,"conf_358",250,129,161.6189597213,3,5
"3170",5,11,"conf_358",500,129,137.881577155,3,5
"3171",5,11,"conf_358",1500,129,50.6178924991,3,5
"3172",5,11,"conf_358",2500,129,11.4581161529,3,5
"3173",5,11,"conf_358",5000,129,4.0875565533,3,5
"3174",5,11,"conf_358",7500,129,0.5954881094,3,5
"3175",5,11,"conf_358",250,130,65.7390920925,3,5
"3176",5,11,"conf_358",500,130,65.7390920925,3,5
"3177",5,11,"conf_358",1500,130,40.7308205304,3,5
"3178",5,11,"conf_358",2500,130,27.3000039141,3,5
"3179",5,11,"conf_358",5000,130,7.3073169576,3,5
"3180",5,11,"conf_358",7500,130,1.4669129871,3,5
"3181",5,11,"conf_358",250,131,236.9395519756,3,5
"3182",5,11,"conf_358",500,131,40.6123841926,3,5
"3183",5,11,"conf_358",1500,131,40.6123841926,3,5
"3184",5,11,"conf_358",2500,131,10.108017482,3,5
"3185",5,11,"conf_358",5000,131,2.3255097922,3,5
"3186",5,11,"conf_358",7500,131,1.1533220642,3,5
"3187",5,11,"conf_358",250,132,100.0536697357,3,5
"3188",5,11,"conf_358",500,132,36.4651216698,3,5
"3189",5,11,"conf_358",1500,132,33.6938462705,3,5
"3190",5,11,"conf_358",2500,132,8.2158569332,3,5
"3191",5,11,"conf_358",5000,132,5.9736795945,3,5
"3192",5,11,"conf_358",7500,132,1.5841034911,3,5
"3193",5,11,"conf_358",250,133,673.3502270056,3,5
"3194",5,11,"conf_358",500,133,33.0766784005,3,5
"3195",5,11,"conf_358",1500,133,30.650865192,3,5
"3196",5,11,"conf_358",2500,133,26.1907207266,3,5
"3197",5,11,"conf_358",5000,133,2.8490385574,3,5
"3198",5,11,"conf_358",7500,133,1.4607591764,3,5
"3199",5,11,"conf_358",250,134,90.1474515666,3,5
"3200",5,11,"conf_358",500,134,73.5994553634,3,5
"3201",5,11,"conf_358",1500,134,21.3550351602,3,5
"3202",5,11,"conf_358",2500,134,7.2619313187,3,5
"3203",5,11,"conf_358",5000,134,5.1282299942,3,5
"3204",5,11,"conf_358",7500,134,1.4598327228,3,5
"3205",5,11,"conf_358",250,135,935.7110307047,3,5
"3206",5,11,"conf_358",500,135,935.7110307047,3,5
"3207",5,11,"conf_358",1500,135,31.3873360164,3,5
"3208",5,11,"conf_358",2500,135,30.8168141243,3,5
"3209",5,11,"conf_358",5000,135,6.3607645423,3,5
"3210",5,11,"conf_358",7500,135,1.1051848008,3,5
"3211",5,11,"conf_358",250,136,60.1855548233,3,5
"3212",5,11,"conf_358",500,136,60.1855548233,3,5
"3213",5,11,"conf_358",1500,136,46.2206288363,3,5
"3214",5,11,"conf_358",2500,136,14.0542670135,3,5
"3215",5,11,"conf_358",5000,136,2.3392856473,3,5
"3216",5,11,"conf_358",7500,136,1.2399580551,3,5
"3217",5,11,"conf_358",250,137,88.4807475559,3,5
"3218",5,11,"conf_358",500,137,65.518919315,3,5
"3219",5,11,"conf_358",1500,137,16.6634978649,3,5
"3220",5,11,"conf_358",2500,137,16.6634978649,3,5
"3221",5,11,"conf_358",5000,137,5.3540532047,3,5
"3222",5,11,"conf_358",7500,137,1.9219943656,3,5
"3223",5,11,"conf_358",250,138,936.2621861204,3,5
"3224",5,11,"conf_358",500,138,480.4439977071,3,5
"3225",5,11,"conf_358",1500,138,63.0243453981,3,5
"3226",5,11,"conf_358",2500,138,29.2923469513,3,5
"3227",5,11,"conf_358",5000,138,12.5011702438,3,5
"3228",5,11,"conf_358",7500,138,1.2854856547,3,5
"3229",5,11,"conf_358",250,139,37.819369564,3,5
"3230",5,11,"conf_358",500,139,19.4362721016,3,5
"3231",5,11,"conf_358",1500,139,18.8939780218,3,5
"3232",5,11,"conf_358",2500,139,18.3030785494,3,5
"3233",5,11,"conf_358",5000,139,7.2065672714,3,5
"3234",5,11,"conf_358",7500,139,1.9258516262,3,5
"3235",5,11,"conf_358",250,140,1377.4567786296,3,5
"3236",5,11,"conf_358",500,140,556.2811577217,3,5
"3237",5,11,"conf_358",1500,140,54.8454718571,3,5
"3238",5,11,"conf_358",2500,140,17.8589097626,3,5
"3239",5,11,"conf_358",5000,140,8.3483220833,3,5
"3240",5,11,"conf_358",7500,140,1.0445102726,3,5
"3241",5,11,"conf_358",250,141,433.1110168064,3,5
"3242",5,11,"conf_358",500,141,186.4398106552,3,5
"3243",5,11,"conf_358",1500,141,44.2501180444,3,5
"3244",5,11,"conf_358",2500,141,44.2501180444,3,5
"3245",5,11,"conf_358",5000,141,7.0265569402,3,5
"3246",5,11,"conf_358",7500,141,1.3101843652,3,5
"3247",5,11,"conf_358",250,142,68.7292442831,3,5
"3248",5,11,"conf_358",500,142,68.7292442831,3,5
"3249",5,11,"conf_358",1500,142,56.4140562842,3,5
"3250",5,11,"conf_358",2500,142,30.6031838654,3,5
"3251",5,11,"conf_358",5000,142,2.1376954873,3,5
"3252",5,11,"conf_358",7500,142,0.966932146,3,5
"3253",5,11,"conf_358",250,143,593.3917938317,3,5
"3254",5,11,"conf_358",500,143,50.075877658,3,5
"3255",5,11,"conf_358",1500,143,50.075877658,3,5
"3256",5,11,"conf_358",2500,143,20.9546911134,3,5
"3257",5,11,"conf_358",5000,143,11.3459694706,3,5
"3258",5,11,"conf_358",7500,143,1.6850859803,3,5
"3259",5,11,"conf_358",250,144,105.4615505741,3,5
"3260",5,11,"conf_358",500,144,27.174379158,3,5
"3261",5,11,"conf_358",1500,144,27.174379158,3,5
"3262",5,11,"conf_358",2500,144,15.2258597283,3,5
"3263",5,11,"conf_358",5000,144,3.1986938612,3,5
"3264",5,11,"conf_358",7500,144,0.7666954894,3,5
"3265",5,11,"conf_358",250,145,33.0890050238,3,5
"3266",5,11,"conf_358",500,145,33.0890050238,3,5
"3267",5,11,"conf_358",1500,145,10.1650966451,3,5
"3268",5,11,"conf_358",2500,145,10.1650966451,3,5
"3269",5,11,"conf_358",5000,145,1.5896262508,3,5
"3270",5,11,"conf_358",7500,145,0.9024651632,3,5
"3271",5,11,"conf_358",250,146,57.892353125,3,5
"3272",5,11,"conf_358",500,146,57.892353125,3,5
"3273",5,11,"conf_358",1500,146,22.8241061934,3,5
"3274",5,11,"conf_358",2500,146,7.0667150547,3,5
"3275",5,11,"conf_358",5000,146,1.6714659674,3,5
"3276",5,11,"conf_358",7500,146,0.4679844712,3,5
"3277",5,11,"conf_358",250,147,500.7612129393,3,5
"3278",5,11,"conf_358",500,147,217.9436312841,3,5
"3279",5,11,"conf_358",1500,147,27.14990837,3,5
"3280",5,11,"conf_358",2500,147,24.3599629103,3,5
"3281",5,11,"conf_358",5000,147,8.7332654076,3,5
"3282",5,11,"conf_358",7500,147,0.3320666755,3,5
"3283",5,11,"conf_358",250,148,42.5836349373,3,5
"3284",5,11,"conf_358",500,148,27.5952933024,3,5
"3285",5,11,"conf_358",1500,148,27.5952933024,3,5
"3286",5,11,"conf_358",2500,148,11.8575989711,3,5
"3287",5,11,"conf_358",5000,148,7.2398622351,3,5
"3288",5,11,"conf_358",7500,148,1.2750665163,3,5
"3289",5,11,"conf_358",250,149,956.8380722969,3,5
"3290",5,11,"conf_358",500,149,115.4178064778,3,5
"3291",5,11,"conf_358",1500,149,13.6597755799,3,5
"3292",5,11,"conf_358",2500,149,7.9715112808,3,5
"3293",5,11,"conf_358",5000,149,5.6062437327,3,5
"3294",5,11,"conf_358",7500,149,1.7438945665,3,5
"3295",5,11,"conf_358",250,150,74.4874071752,3,5
"3296",5,11,"conf_358",500,150,74.4602761921,3,5
"3297",5,11,"conf_358",1500,150,35.7242718091,3,5
"3298",5,11,"conf_358",2500,150,15.8966063507,3,5
"3299",5,11,"conf_358",5000,150,4.4193328826,3,5
"3300",5,11,"conf_358",7500,150,1.5135083416,3,5
"3301",5,11,"conf_358",250,151,103.9024961559,4,5
"3302",5,11,"conf_358",500,151,103.9024961559,4,5
"3303",5,11,"conf_358",1500,151,20.2184179888,4,5
"3304",5,11,"conf_358",2500,151,20.2184179888,4,5
"3305",5,11,"conf_358",5000,151,5.9652885906,4,5
"3306",5,11,"conf_358",7500,151,4.6006424487,4,5
"3307",5,11,"conf_358",250,152,29.1843692061,4,5
"3308",5,11,"conf_358",500,152,29.1843692061,4,5
"3309",5,11,"conf_358",1500,152,10.7660471827,4,5
"3310",5,11,"conf_358",2500,152,4.3349486293,4,5
"3311",5,11,"conf_358",5000,152,3.8282624621,4,5
"3312",5,11,"conf_358",7500,152,1.7414476411,4,5
"3313",5,11,"conf_358",250,153,45.6763678086,4,5
"3314",5,11,"conf_358",500,153,32.4624208954,4,5
"3315",5,11,"conf_358",1500,153,32.4624208954,4,5
"3316",5,11,"conf_358",2500,153,16.2820567967,4,5
"3317",5,11,"conf_358",5000,153,4.162266045,4,5
"3318",5,11,"conf_358",7500,153,3.8822083207,4,5
"3319",5,11,"conf_358",250,154,35.9657712781,4,5
"3320",5,11,"conf_358",500,154,35.9657712781,4,5
"3321",5,11,"conf_358",1500,154,29.1378008084,4,5
"3322",5,11,"conf_358",2500,154,29.1378008084,4,5
"3323",5,11,"conf_358",5000,154,9.2821120529,4,5
"3324",5,11,"conf_358",7500,154,1.9698530401,4,5
"3325",5,11,"conf_358",250,155,211.3394531823,4,5
"3326",5,11,"conf_358",500,155,150.5952342263,4,5
"3327",5,11,"conf_358",1500,155,34.7205147367,4,5
"3328",5,11,"conf_358",2500,155,27.1749811119,4,5
"3329",5,11,"conf_358",5000,155,14.9575112942,4,5
"3330",5,11,"conf_358",7500,155,4.2586692668,4,5
"3331",5,11,"conf_358",250,156,3403.8417778235,4,5
"3332",5,11,"conf_358",500,156,9.6318091644,4,5
"3333",5,11,"conf_358",1500,156,9.6318091644,4,5
"3334",5,11,"conf_358",2500,156,9.6318091644,4,5
"3335",5,11,"conf_358",5000,156,3.1203529187,4,5
"3336",5,11,"conf_358",7500,156,1.3619575071,4,5
"3337",5,11,"conf_358",250,157,157.0345040146,4,5
"3338",5,11,"conf_358",500,157,157.0345040146,4,5
"3339",5,11,"conf_358",1500,157,54.1546284911,4,5
"3340",5,11,"conf_358",2500,157,20.0309301682,4,5
"3341",5,11,"conf_358",5000,157,7.5830537725,4,5
"3342",5,11,"conf_358",7500,157,2.8883483972,4,5
"3343",5,11,"conf_358",250,158,156.0238705299,4,5
"3344",5,11,"conf_358",500,158,62.0003116834,4,5
"3345",5,11,"conf_358",1500,158,39.9080599245,4,5
"3346",5,11,"conf_358",2500,158,21.1507851729,4,5
"3347",5,11,"conf_358",5000,158,10.3755059788,4,5
"3348",5,11,"conf_358",7500,158,2.884729162,4,5
"3349",5,11,"conf_358",250,159,217.7195346668,4,5
"3350",5,11,"conf_358",500,159,159.1172800712,4,5
"3351",5,11,"conf_358",1500,159,75.0321484202,4,5
"3352",5,11,"conf_358",2500,159,57.1506845929,4,5
"3353",5,11,"conf_358",5000,159,10.3550171695,4,5
"3354",5,11,"conf_358",7500,159,1.2045489156,4,5
"3355",5,11,"conf_358",250,160,242.1406285276,4,5
"3356",5,11,"conf_358",500,160,173.6068608299,4,5
"3357",5,11,"conf_358",1500,160,116.4617190004,4,5
"3358",5,11,"conf_358",2500,160,66.6327037801,4,5
"3359",5,11,"conf_358",5000,160,12.1878541572,4,5
"3360",5,11,"conf_358",7500,160,6.826017053,4,5
"3361",5,11,"conf_358",250,161,135.8429895468,4,5
"3362",5,11,"conf_358",500,161,96.8548850343,4,5
"3363",5,11,"conf_358",1500,161,47.207964687,4,5
"3364",5,11,"conf_358",2500,161,47.207964687,4,5
"3365",5,11,"conf_358",5000,161,11.2579566579,4,5
"3366",5,11,"conf_358",7500,161,1.4086559145,4,5
"3367",5,11,"conf_358",250,162,171.941749835,4,5
"3368",5,11,"conf_358",500,162,136.9277106755,4,5
"3369",5,11,"conf_358",1500,162,39.6344946299,4,5
"3370",5,11,"conf_358",2500,162,18.9050182125,4,5
"3371",5,11,"conf_358",5000,162,3.2789867058,4,5
"3372",5,11,"conf_358",7500,162,2.4070581111,4,5
"3373",5,11,"conf_358",250,163,1895.7849498541,4,5
"3374",5,11,"conf_358",500,163,123.9777324292,4,5
"3375",5,11,"conf_358",1500,163,76.773493974,4,5
"3376",5,11,"conf_358",2500,163,60.5015892601,4,5
"3377",5,11,"conf_358",5000,163,11.8772062433,4,5
"3378",5,11,"conf_358",7500,163,5.0880634849,4,5
"3379",5,11,"conf_358",250,164,1195.0354328019,4,5
"3380",5,11,"conf_358",500,164,136.119126306,4,5
"3381",5,11,"conf_358",1500,164,41.0803189932,4,5
"3382",5,11,"conf_358",2500,164,7.999126791,4,5
"3383",5,11,"conf_358",5000,164,7.999126791,4,5
"3384",5,11,"conf_358",7500,164,3.4303595489,4,5
"3385",5,11,"conf_358",250,165,24.2741415768,4,5
"3386",5,11,"conf_358",500,165,24.2741415768,4,5
"3387",5,11,"conf_358",1500,165,24.2741415768,4,5
"3388",5,11,"conf_358",2500,165,18.8680088116,4,5
"3389",5,11,"conf_358",5000,165,6.1372519781,4,5
"3390",5,11,"conf_358",7500,165,0.7256727407,4,5
"3391",5,11,"conf_358",250,166,281.0172072207,4,5
"3392",5,11,"conf_358",500,166,42.431055927,4,5
"3393",5,11,"conf_358",1500,166,42.431055927,4,5
"3394",5,11,"conf_358",2500,166,42.431055927,4,5
"3395",5,11,"conf_358",5000,166,7.5458505833,4,5
"3396",5,11,"conf_358",7500,166,2.156656448,4,5
"3397",5,11,"conf_358",250,167,450.6872457045,4,5
"3398",5,11,"conf_358",500,167,160.9192888906,4,5
"3399",5,11,"conf_358",1500,167,86.9162602884,4,5
"3400",5,11,"conf_358",2500,167,86.9162602884,4,5
"3401",5,11,"conf_358",5000,167,11.7761809642,4,5
"3402",5,11,"conf_358",7500,167,4.6545246811,4,5
"3403",5,11,"conf_358",250,168,379.7823442018,4,5
"3404",5,11,"conf_358",500,168,200.275139641,4,5
"3405",5,11,"conf_358",1500,168,95.2079636471,4,5
"3406",5,11,"conf_358",2500,168,31.8584754509,4,5
"3407",5,11,"conf_358",5000,168,12.889872913,4,5
"3408",5,11,"conf_358",7500,168,5.2619960937,4,5
"3409",5,11,"conf_358",250,169,97.785573566,4,5
"3410",5,11,"conf_358",500,169,97.785573566,4,5
"3411",5,11,"conf_358",1500,169,38.2480748449,4,5
"3412",5,11,"conf_358",2500,169,18.1785483226,4,5
"3413",5,11,"conf_358",5000,169,18.1785483226,4,5
"3414",5,11,"conf_358",7500,169,5.6676328333,4,5
"3415",5,11,"conf_358",250,170,195.9103792855,4,5
"3416",5,11,"conf_358",500,170,96.3325414524,4,5
"3417",5,11,"conf_358",1500,170,85.1639648108,4,5
"3418",5,11,"conf_358",2500,170,40.3918377211,4,5
"3419",5,11,"conf_358",5000,170,13.2719286018,4,5
"3420",5,11,"conf_358",7500,170,2.3667126048,4,5
"3421",5,11,"conf_358",250,171,285.1109739273,4,5
"3422",5,11,"conf_358",500,171,140.6628979862,4,5
"3423",5,11,"conf_358",1500,171,84.7439119133,4,5
"3424",5,11,"conf_358",2500,171,16.8983816662,4,5
"3425",5,11,"conf_358",5000,171,4.9673116375,4,5
"3426",5,11,"conf_358",7500,171,4.2383235669,4,5
"3427",5,11,"conf_358",250,172,81.0777795395,4,5
"3428",5,11,"conf_358",500,172,81.0777795395,4,5
"3429",5,11,"conf_358",1500,172,81.0777795395,4,5
"3430",5,11,"conf_358",2500,172,9.436264978,4,5
"3431",5,11,"conf_358",5000,172,1.8054644751,4,5
"3432",5,11,"conf_358",7500,172,1.8054644751,4,5
"3433",5,11,"conf_358",250,173,123.6602337156,4,5
"3434",5,11,"conf_358",500,173,123.6602337156,4,5
"3435",5,11,"conf_358",1500,173,91.7519849253,4,5
"3436",5,11,"conf_358",2500,173,51.5676889414,4,5
"3437",5,11,"conf_358",5000,173,24.6169032929,4,5
"3438",5,11,"conf_358",7500,173,9.6885999607,4,5
"3439",5,11,"conf_358",250,174,139.9270183669,4,5
"3440",5,11,"conf_358",500,174,139.9270183669,4,5
"3441",5,11,"conf_358",1500,174,5.7919700257,4,5
"3442",5,11,"conf_358",2500,174,5.7919700257,4,5
"3443",5,11,"conf_358",5000,174,2.9205904478,4,5
"3444",5,11,"conf_358",7500,174,2.0422630044,4,5
"3445",5,11,"conf_358",250,175,82.5819273354,4,5
"3446",5,11,"conf_358",500,175,55.1860626727,4,5
"3447",5,11,"conf_358",1500,175,7.8629586471,4,5
"3448",5,11,"conf_358",2500,175,7.8629586471,4,5
"3449",5,11,"conf_358",5000,175,5.0216119772,4,5
"3450",5,11,"conf_358",7500,175,4.7646777097,4,5
"3451",5,11,"conf_358",250,176,147.3705789708,4,5
"3452",5,11,"conf_358",500,176,147.3705789708,4,5
"3453",5,11,"conf_358",1500,176,41.7592986122,4,5
"3454",5,11,"conf_358",2500,176,41.7592986122,4,5
"3455",5,11,"conf_358",5000,176,16.8186182179,4,5
"3456",5,11,"conf_358",7500,176,2.794490721,4,5
"3457",5,11,"conf_358",250,177,402.8868928818,4,5
"3458",5,11,"conf_358",500,177,105.092104132,4,5
"3459",5,11,"conf_358",1500,177,78.5260102708,4,5
"3460",5,11,"conf_358",2500,177,34.2264163541,4,5
"3461",5,11,"conf_358",5000,177,15.6085207287,4,5
"3462",5,11,"conf_358",7500,177,4.675343248,4,5
"3463",5,11,"conf_358",250,178,593.7256348905,4,5
"3464",5,11,"conf_358",500,178,593.7256348905,4,5
"3465",5,11,"conf_358",1500,178,45.1945778183,4,5
"3466",5,11,"conf_358",2500,178,7.1958671386,4,5
"3467",5,11,"conf_358",5000,178,6.5221543059,4,5
"3468",5,11,"conf_358",7500,178,6.5221543059,4,5
"3469",5,11,"conf_358",250,179,51.8251779378,4,5
"3470",5,11,"conf_358",500,179,51.8251779378,4,5
"3471",5,11,"conf_358",1500,179,51.8251779378,4,5
"3472",5,11,"conf_358",2500,179,48.6002080915,4,5
"3473",5,11,"conf_358",5000,179,19.1704517885,4,5
"3474",5,11,"conf_358",7500,179,3.1672430312,4,5
"3475",5,11,"conf_358",250,180,217.9623297334,4,5
"3476",5,11,"conf_358",500,180,119.267716375,4,5
"3477",5,11,"conf_358",1500,180,23.635608249,4,5
"3478",5,11,"conf_358",2500,180,7.9764489544,4,5
"3479",5,11,"conf_358",5000,180,7.9764489544,4,5
"3480",5,11,"conf_358",7500,180,2.6261538154,4,5
"3481",5,11,"conf_358",250,181,362.1822136632,4,5
"3482",5,11,"conf_358",500,181,123.1778955876,4,5
"3483",5,11,"conf_358",1500,181,73.1096193562,4,5
"3484",5,11,"conf_358",2500,181,21.7005980598,4,5
"3485",5,11,"conf_358",5000,181,3.9649133646,4,5
"3486",5,11,"conf_358",7500,181,1.4030270364,4,5
"3487",5,11,"conf_358",250,182,313.2423986207,4,5
"3488",5,11,"conf_358",500,182,106.2408072202,4,5
"3489",5,11,"conf_358",1500,182,26.5813707884,4,5
"3490",5,11,"conf_358",2500,182,22.055652035,4,5
"3491",5,11,"conf_358",5000,182,5.596584438,4,5
"3492",5,11,"conf_358",7500,182,4.9167062944,4,5
"3493",5,11,"conf_358",250,183,163.6307014575,4,5
"3494",5,11,"conf_358",500,183,104.8344830323,4,5
"3495",5,11,"conf_358",1500,183,10.964955696,4,5
"3496",5,11,"conf_358",2500,183,10.964955696,4,5
"3497",5,11,"conf_358",5000,183,10.964955696,4,5
"3498",5,11,"conf_358",7500,183,1.3461547283,4,5
"3499",5,11,"conf_358",250,184,94.6592602722,4,5
"3500",5,11,"conf_358",500,184,94.6592602722,4,5
"3501",5,11,"conf_358",1500,184,90.6937251873,4,5
"3502",5,11,"conf_358",2500,184,21.6709054474,4,5
"3503",5,11,"conf_358",5000,184,3.6869682238,4,5
"3504",5,11,"conf_358",7500,184,0.9359882307,4,5
"3505",5,11,"conf_358",250,185,241.1400624568,4,5
"3506",5,11,"conf_358",500,185,128.9567284788,4,5
"3507",5,11,"conf_358",1500,185,57.4580503133,4,5
"3508",5,11,"conf_358",2500,185,15.4506187342,4,5
"3509",5,11,"conf_358",5000,185,4.9777756712,4,5
"3510",5,11,"conf_358",7500,185,2.3350272739,4,5
"3511",5,11,"conf_358",250,186,79.4917829566,4,5
"3512",5,11,"conf_358",500,186,79.4917829566,4,5
"3513",5,11,"conf_358",1500,186,48.2608599482,4,5
"3514",5,11,"conf_358",2500,186,8.9884415405,4,5
"3515",5,11,"conf_358",5000,186,6.7974028271,4,5
"3516",5,11,"conf_358",7500,186,2.4928192684,4,5
"3517",5,11,"conf_358",250,187,563.974368478,4,5
"3518",5,11,"conf_358",500,187,544.4229291645,4,5
"3519",5,11,"conf_358",1500,187,35.5404382183,4,5
"3520",5,11,"conf_358",2500,187,10.8312852782,4,5
"3521",5,11,"conf_358",5000,187,3.8721271374,4,5
"3522",5,11,"conf_358",7500,187,0.5738699568,4,5
"3523",5,11,"conf_358",250,188,297.9394995826,4,5
"3524",5,11,"conf_358",500,188,297.9394995826,4,5
"3525",5,11,"conf_358",1500,188,136.6854696665,4,5
"3526",5,11,"conf_358",2500,188,99.9274915841,4,5
"3527",5,11,"conf_358",5000,188,6.4301395368,4,5
"3528",5,11,"conf_358",7500,188,6.4301395368,4,5
"3529",5,11,"conf_358",250,189,103.692777115,4,5
"3530",5,11,"conf_358",500,189,103.692777115,4,5
"3531",5,11,"conf_358",1500,189,53.9114205591,4,5
"3532",5,11,"conf_358",2500,189,37.8466130183,4,5
"3533",5,11,"conf_358",5000,189,12.835496017,4,5
"3534",5,11,"conf_358",7500,189,2.5863406734,4,5
"3535",5,11,"conf_358",250,190,135.115678741,4,5
"3536",5,11,"conf_358",500,190,135.115678741,4,5
"3537",5,11,"conf_358",1500,190,24.4805211819,4,5
"3538",5,11,"conf_358",2500,190,24.4805211819,4,5
"3539",5,11,"conf_358",5000,190,9.4889333003,4,5
"3540",5,11,"conf_358",7500,190,0.5758129564,4,5
"3541",5,11,"conf_358",250,191,875.6235976725,4,5
"3542",5,11,"conf_358",500,191,261.4522976596,4,5
"3543",5,11,"conf_358",1500,191,67.3880326797,4,5
"3544",5,11,"conf_358",2500,191,47.3703934051,4,5
"3545",5,11,"conf_358",5000,191,13.3888294303,4,5
"3546",5,11,"conf_358",7500,191,3.6960553183,4,5
"3547",5,11,"conf_358",250,192,147.9360007331,4,5
"3548",5,11,"conf_358",500,192,147.9360007331,4,5
"3549",5,11,"conf_358",1500,192,23.6453005161,4,5
"3550",5,11,"conf_358",2500,192,14.5624291411,4,5
"3551",5,11,"conf_358",5000,192,7.0968321547,4,5
"3552",5,11,"conf_358",7500,192,4.3534498091,4,5
"3553",5,11,"conf_358",250,193,955.0854532129,4,5
"3554",5,11,"conf_358",500,193,73.2860341629,4,5
"3555",5,11,"conf_358",1500,193,47.6604202547,4,5
"3556",5,11,"conf_358",2500,193,39.1084152995,4,5
"3557",5,11,"conf_358",5000,193,8.2856976406,4,5
"3558",5,11,"conf_358",7500,193,2.1069009596,4,5
"3559",5,11,"conf_358",250,194,103.979135029,4,5
"3560",5,11,"conf_358",500,194,103.979135029,4,5
"3561",5,11,"conf_358",1500,194,36.0870188796,4,5
"3562",5,11,"conf_358",2500,194,21.2155117492,4,5
"3563",5,11,"conf_358",5000,194,4.4599303055,4,5
"3564",5,11,"conf_358",7500,194,4.4586134453,4,5
"3565",5,11,"conf_358",250,195,96.6090684057,4,5
"3566",5,11,"conf_358",500,195,96.6090684057,4,5
"3567",5,11,"conf_358",1500,195,68.6729013083,4,5
"3568",5,11,"conf_358",2500,195,68.310366623,4,5
"3569",5,11,"conf_358",5000,195,10.2940171087,4,5
"3570",5,11,"conf_358",7500,195,2.389469937,4,5
"3571",5,11,"conf_358",250,196,167.9540449169,4,5
"3572",5,11,"conf_358",500,196,167.9540449169,4,5
"3573",5,11,"conf_358",1500,196,27.9496199162,4,5
"3574",5,11,"conf_358",2500,196,11.4733359358,4,5
"3575",5,11,"conf_358",5000,196,8.3906319562,4,5
"3576",5,11,"conf_358",7500,196,2.7890830654,4,5
"3577",5,11,"conf_358",250,197,77.6274921878,4,5
"3578",5,11,"conf_358",500,197,77.6274921878,4,5
"3579",5,11,"conf_358",1500,197,47.5541334464,4,5
"3580",5,11,"conf_358",2500,197,47.5541334464,4,5
"3581",5,11,"conf_358",5000,197,14.4455854676,4,5
"3582",5,11,"conf_358",7500,197,4.8231533204,4,5
"3583",5,11,"conf_358",250,198,2369.7928991356,4,5
"3584",5,11,"conf_358",500,198,145.8268943627,4,5
"3585",5,11,"conf_358",1500,198,42.4460910445,4,5
"3586",5,11,"conf_358",2500,198,26.2465857987,4,5
"3587",5,11,"conf_358",5000,198,26.2465857987,4,5
"3588",5,11,"conf_358",7500,198,5.4427256295,4,5
"3589",5,11,"conf_358",250,199,248.9465022165,4,5
"3590",5,11,"conf_358",500,199,209.5040192955,4,5
"3591",5,11,"conf_358",1500,199,13.9791420958,4,5
"3592",5,11,"conf_358",2500,199,13.9791420958,4,5
"3593",5,11,"conf_358",5000,199,8.0557859372,4,5
"3594",5,11,"conf_358",7500,199,7.2864965656,4,5
"3595",5,11,"conf_358",250,200,45.3604670967,4,5
"3596",5,11,"conf_358",500,200,45.3604670967,4,5
"3597",5,11,"conf_358",1500,200,45.3604670967,4,5
"3598",5,11,"conf_358",2500,200,42.3053943274,4,5
"3599",5,11,"conf_358",5000,200,7.096678026,4,5
"3600",5,11,"conf_358",7500,200,0.4936204524,4,5
"3601",5,12,"conf_358",250,1,1025847.5157723,1,5
"3602",5,12,"conf_358",500,1,1016873.12232295,1,5
"3603",5,12,"conf_358",1500,1,158457.483533794,1,5
"3604",5,12,"conf_358",2500,1,53779.7995679976,1,5
"3605",5,12,"conf_358",5000,1,2173.734775315,1,5
"3606",5,12,"conf_358",7500,1,652.6491274812,1,5
"3607",5,12,"conf_358",250,2,2689497.90803153,1,5
"3608",5,12,"conf_358",500,2,1981645.58491154,1,5
"3609",5,12,"conf_358",1500,2,103374.997296772,1,5
"3610",5,12,"conf_358",2500,2,28638.8731008158,1,5
"3611",5,12,"conf_358",5000,2,2841.3310581569,1,5
"3612",5,12,"conf_358",7500,2,835.8287232485,1,5
"3613",5,12,"conf_358",250,3,3802154.06017877,1,5
"3614",5,12,"conf_358",500,3,966471.496180659,1,5
"3615",5,12,"conf_358",1500,3,60007.5346950619,1,5
"3616",5,12,"conf_358",2500,3,16900.7743822906,1,5
"3617",5,12,"conf_358",5000,3,1163.6646311713,1,5
"3618",5,12,"conf_358",7500,3,298.612332963,1,5
"3619",5,12,"conf_358",250,4,678677.5502187,1,5
"3620",5,12,"conf_358",500,4,678677.5502187,1,5
"3621",5,12,"conf_358",1500,4,134072.272920724,1,5
"3622",5,12,"conf_358",2500,4,70166.3497736877,1,5
"3623",5,12,"conf_358",5000,4,2030.9583878157,1,5
"3624",5,12,"conf_358",7500,4,107.4254632945,1,5
"3625",5,12,"conf_358",250,5,2293000.74805992,1,5
"3626",5,12,"conf_358",500,5,877684.855311187,1,5
"3627",5,12,"conf_358",1500,5,86625.6759959563,1,5
"3628",5,12,"conf_358",2500,5,36556.1290227784,1,5
"3629",5,12,"conf_358",5000,5,12411.0437356767,1,5
"3630",5,12,"conf_358",7500,5,422.8113987396,1,5
"3631",5,12,"conf_358",250,6,3731191.05076861,1,5
"3632",5,12,"conf_358",500,6,1125533.67781769,1,5
"3633",5,12,"conf_358",1500,6,46293.1620041466,1,5
"3634",5,12,"conf_358",2500,6,7219.3713982866,1,5
"3635",5,12,"conf_358",5000,6,1206.6108610714,1,5
"3636",5,12,"conf_358",7500,6,136.4000395547,1,5
"3637",5,12,"conf_358",250,7,1613579.81781939,1,5
"3638",5,12,"conf_358",500,7,623372.935324532,1,5
"3639",5,12,"conf_358",1500,7,98716.0632966031,1,5
"3640",5,12,"conf_358",2500,7,56488.1901142675,1,5
"3641",5,12,"conf_358",5000,7,5302.9425312886,1,5
"3642",5,12,"conf_358",7500,7,691.4025379389,1,5
"3643",5,12,"conf_358",250,8,2620980.48556085,1,5
"3644",5,12,"conf_358",500,8,1243646.60419696,1,5
"3645",5,12,"conf_358",1500,8,146055.616627341,1,5
"3646",5,12,"conf_358",2500,8,25458.4866860955,1,5
"3647",5,12,"conf_358",5000,8,1185.1150181269,1,5
"3648",5,12,"conf_358",7500,8,114.5574108356,1,5
"3649",5,12,"conf_358",250,9,2910634.97306965,1,5
"3650",5,12,"conf_358",500,9,1157834.12456788,1,5
"3651",5,12,"conf_358",1500,9,154102.877811424,1,5
"3652",5,12,"conf_358",2500,9,47849.3359546663,1,5
"3653",5,12,"conf_358",5000,9,4018.863816976,1,5
"3654",5,12,"conf_358",7500,9,80.5625737494,1,5
"3655",5,12,"conf_358",250,10,2453807.3221668,1,5
"3656",5,12,"conf_358",500,10,1919639.94911001,1,5
"3657",5,12,"conf_358",1500,10,189816.301473416,1,5
"3658",5,12,"conf_358",2500,10,2164.7336591239,1,5
"3659",5,12,"conf_358",5000,10,2164.7336591239,1,5
"3660",5,12,"conf_358",7500,10,599.2113525431,1,5
"3661",5,12,"conf_358",250,11,578572.54163336,1,5
"3662",5,12,"conf_358",500,11,578572.54163336,1,5
"3663",5,12,"conf_358",1500,11,108147.042522972,1,5
"3664",5,12,"conf_358",2500,11,28909.3113719839,1,5
"3665",5,12,"conf_358",5000,11,5466.7595395945,1,5
"3666",5,12,"conf_358",7500,11,230.4464967851,1,5
"3667",5,12,"conf_358",250,12,1547058.24121314,1,5
"3668",5,12,"conf_358",500,12,629060.9918936,1,5
"3669",5,12,"conf_358",1500,12,114209.383376499,1,5
"3670",5,12,"conf_358",2500,12,14861.3461693212,1,5
"3671",5,12,"conf_358",5000,12,5919.1019691782,1,5
"3672",5,12,"conf_358",7500,12,314.8115505202,1,5
"3673",5,12,"conf_358",250,13,1885566.59980252,1,5
"3674",5,12,"conf_358",500,13,471826.66801542,1,5
"3675",5,12,"conf_358",1500,13,91798.8223346243,1,5
"3676",5,12,"conf_358",2500,13,16189.7680485374,1,5
"3677",5,12,"conf_358",5000,13,1698.3522887529,1,5
"3678",5,12,"conf_358",7500,13,376.5653669719,1,5
"3679",5,12,"conf_358",250,14,2469584.48571959,1,5
"3680",5,12,"conf_358",500,14,1377283.4172688,1,5
"3681",5,12,"conf_358",1500,14,145881.876719504,1,5
"3682",5,12,"conf_358",2500,14,65923.9794806517,1,5
"3683",5,12,"conf_358",5000,14,1970.1944763768,1,5
"3684",5,12,"conf_358",7500,14,717.9848836997,1,5
"3685",5,12,"conf_358",250,15,2174109.04018847,1,5
"3686",5,12,"conf_358",500,15,902211.287330213,1,5
"3687",5,12,"conf_358",1500,15,97101.2093546064,1,5
"3688",5,12,"conf_358",2500,15,53717.3717074601,1,5
"3689",5,12,"conf_358",5000,15,9022.4206561624,1,5
"3690",5,12,"conf_358",7500,15,701.9545740303,1,5
"3691",5,12,"conf_358",250,16,1861004.11381642,1,5
"3692",5,12,"conf_358",500,16,962434.268208994,1,5
"3693",5,12,"conf_358",1500,16,170520.073158746,1,5
"3694",5,12,"conf_358",2500,16,47385.2809392235,1,5
"3695",5,12,"conf_358",5000,16,1910.9239038047,1,5
"3696",5,12,"conf_358",7500,16,415.2855507653,1,5
"3697",5,12,"conf_358",250,17,1754745.39922778,1,5
"3698",5,12,"conf_358",500,17,720102.073732979,1,5
"3699",5,12,"conf_358",1500,17,165017.36423543,1,5
"3700",5,12,"conf_358",2500,17,94274.9458239413,1,5
"3701",5,12,"conf_358",5000,17,1498.9019683468,1,5
"3702",5,12,"conf_358",7500,17,977.7238340236,1,5
"3703",5,12,"conf_358",250,18,4007203.25831179,1,5
"3704",5,12,"conf_358",500,18,1707329.99601028,1,5
"3705",5,12,"conf_358",1500,18,257542.561519431,1,5
"3706",5,12,"conf_358",2500,18,33304.7125612463,1,5
"3707",5,12,"conf_358",5000,18,2566.5376404448,1,5
"3708",5,12,"conf_358",7500,18,178.0604388763,1,5
"3709",5,12,"conf_358",250,19,716688.921188934,1,5
"3710",5,12,"conf_358",500,19,716688.921188934,1,5
"3711",5,12,"conf_358",1500,19,29767.1090848661,1,5
"3712",5,12,"conf_358",2500,19,29471.7994934128,1,5
"3713",5,12,"conf_358",5000,19,2331.5575843857,1,5
"3714",5,12,"conf_358",7500,19,182.362860085,1,5
"3715",5,12,"conf_358",250,20,2048286.27890629,1,5
"3716",5,12,"conf_358",500,20,690027.522697249,1,5
"3717",5,12,"conf_358",1500,20,169418.486987429,1,5
"3718",5,12,"conf_358",2500,20,46924.4083159095,1,5
"3719",5,12,"conf_358",5000,20,1543.6519017716,1,5
"3720",5,12,"conf_358",7500,20,810.4753075124,1,5
"3721",5,12,"conf_358",250,21,1593545.44619663,1,5
"3722",5,12,"conf_358",500,21,1259154.80654676,1,5
"3723",5,12,"conf_358",1500,21,32827.3696443872,1,5
"3724",5,12,"conf_358",2500,21,16657.0163432185,1,5
"3725",5,12,"conf_358",5000,21,1252.5422654078,1,5
"3726",5,12,"conf_358",7500,21,766.7192117186,1,5
"3727",5,12,"conf_358",250,22,1728779.4182068,1,5
"3728",5,12,"conf_358",500,22,1449807.98013766,1,5
"3729",5,12,"conf_358",1500,22,319047.448148663,1,5
"3730",5,12,"conf_358",2500,22,66175.1852201248,1,5
"3731",5,12,"conf_358",5000,22,4139.8925265502,1,5
"3732",5,12,"conf_358",7500,22,235.5238405449,1,5
"3733",5,12,"conf_358",250,23,1119830.99615788,1,5
"3734",5,12,"conf_358",500,23,975809.67873609,1,5
"3735",5,12,"conf_358",1500,23,81579.9827173914,1,5
"3736",5,12,"conf_358",2500,23,40920.7037490807,1,5
"3737",5,12,"conf_358",5000,23,5086.3516225466,1,5
"3738",5,12,"conf_358",7500,23,286.1348915657,1,5
"3739",5,12,"conf_358",250,24,1723711.17934343,1,5
"3740",5,12,"conf_358",500,24,732625.85174208,1,5
"3741",5,12,"conf_358",1500,24,79589.4333866286,1,5
"3742",5,12,"conf_358",2500,24,7304.1215190884,1,5
"3743",5,12,"conf_358",5000,24,1521.3809373672,1,5
"3744",5,12,"conf_358",7500,24,43.0121530065,1,5
"3745",5,12,"conf_358",250,25,924616.399222858,1,5
"3746",5,12,"conf_358",500,25,849784.671667263,1,5
"3747",5,12,"conf_358",1500,25,173819.700312507,1,5
"3748",5,12,"conf_358",2500,25,26479.6870258754,1,5
"3749",5,12,"conf_358",5000,25,4931.4074204366,1,5
"3750",5,12,"conf_358",7500,25,565.4067158675,1,5
"3751",5,12,"conf_358",250,26,2907775.24473767,1,5
"3752",5,12,"conf_358",500,26,643629.535471877,1,5
"3753",5,12,"conf_358",1500,26,136423.800463328,1,5
"3754",5,12,"conf_358",2500,26,6715.9408157344,1,5
"3755",5,12,"conf_358",5000,26,222.7806460706,1,5
"3756",5,12,"conf_358",7500,26,208.76190293,1,5
"3757",5,12,"conf_358",250,27,818166.964139437,1,5
"3758",5,12,"conf_358",500,27,818166.964139437,1,5
"3759",5,12,"conf_358",1500,27,120060.936202951,1,5
"3760",5,12,"conf_358",2500,27,32886.3067823538,1,5
"3761",5,12,"conf_358",5000,27,2598.7290024492,1,5
"3762",5,12,"conf_358",7500,27,123.8684026193,1,5
"3763",5,12,"conf_358",250,28,3561036.98746131,1,5
"3764",5,12,"conf_358",500,28,1567642.40072258,1,5
"3765",5,12,"conf_358",1500,28,201698.816038319,1,5
"3766",5,12,"conf_358",2500,28,39080.1665245281,1,5
"3767",5,12,"conf_358",5000,28,2328.845540493,1,5
"3768",5,12,"conf_358",7500,28,321.55973844,1,5
"3769",5,12,"conf_358",250,29,1661680.35349139,1,5
"3770",5,12,"conf_358",500,29,624000.429885018,1,5
"3771",5,12,"conf_358",1500,29,151824.286648809,1,5
"3772",5,12,"conf_358",2500,29,72681.475756351,1,5
"3773",5,12,"conf_358",5000,29,3691.9349314739,1,5
"3774",5,12,"conf_358",7500,29,337.447893866,1,5
"3775",5,12,"conf_358",250,30,2180013.26549184,1,5
"3776",5,12,"conf_358",500,30,1318536.86313022,1,5
"3777",5,12,"conf_358",1500,30,28693.7315754761,1,5
"3778",5,12,"conf_358",2500,30,12839.4778591592,1,5
"3779",5,12,"conf_358",5000,30,2109.6829080297,1,5
"3780",5,12,"conf_358",7500,30,377.5087717479,1,5
"3781",5,12,"conf_358",250,31,1380744.81492086,1,5
"3782",5,12,"conf_358",500,31,1380744.81492086,1,5
"3783",5,12,"conf_358",1500,31,89085.7556045383,1,5
"3784",5,12,"conf_358",2500,31,88909.7986361153,1,5
"3785",5,12,"conf_358",5000,31,4151.910859815,1,5
"3786",5,12,"conf_358",7500,31,304.5366173586,1,5
"3787",5,12,"conf_358",250,32,1511196.96310071,1,5
"3788",5,12,"conf_358",500,32,746190.854868292,1,5
"3789",5,12,"conf_358",1500,32,225726.012772073,1,5
"3790",5,12,"conf_358",2500,32,19835.3803522934,1,5
"3791",5,12,"conf_358",5000,32,1371.2471593586,1,5
"3792",5,12,"conf_358",7500,32,140.7980804476,1,5
"3793",5,12,"conf_358",250,33,1728310.01185612,1,5
"3794",5,12,"conf_358",500,33,1061243.69794118,1,5
"3795",5,12,"conf_358",1500,33,82263.4261493575,1,5
"3796",5,12,"conf_358",2500,33,50158.1775242731,1,5
"3797",5,12,"conf_358",5000,33,4209.6814961646,1,5
"3798",5,12,"conf_358",7500,33,860.7644448932,1,5
"3799",5,12,"conf_358",250,34,225623.028379441,1,5
"3800",5,12,"conf_358",500,34,225623.028379441,1,5
"3801",5,12,"conf_358",1500,34,128641.973435325,1,5
"3802",5,12,"conf_358",2500,34,23016.4200000277,1,5
"3803",5,12,"conf_358",5000,34,2777.5840012355,1,5
"3804",5,12,"conf_358",7500,34,477.4181148489,1,5
"3805",5,12,"conf_358",250,35,2455210.61869036,1,5
"3806",5,12,"conf_358",500,35,1025357.49431144,1,5
"3807",5,12,"conf_358",1500,35,104781.816791746,1,5
"3808",5,12,"conf_358",2500,35,33985.85409089,1,5
"3809",5,12,"conf_358",5000,35,1298.739978962,1,5
"3810",5,12,"conf_358",7500,35,199.5171889901,1,5
"3811",5,12,"conf_358",250,36,2532586.5329874,1,5
"3812",5,12,"conf_358",500,36,598649.621572818,1,5
"3813",5,12,"conf_358",1500,36,113560.790401496,1,5
"3814",5,12,"conf_358",2500,36,33630.4707487876,1,5
"3815",5,12,"conf_358",5000,36,5979.0792238114,1,5
"3816",5,12,"conf_358",7500,36,211.0488143751,1,5
"3817",5,12,"conf_358",250,37,2934347.30601067,1,5
"3818",5,12,"conf_358",500,37,270865.254453128,1,5
"3819",5,12,"conf_358",1500,37,80909.9721016638,1,5
"3820",5,12,"conf_358",2500,37,18182.1259992894,1,5
"3821",5,12,"conf_358",5000,37,398.0470253787,1,5
"3822",5,12,"conf_358",7500,37,398.0470253787,1,5
"3823",5,12,"conf_358",250,38,1299338.54837156,1,5
"3824",5,12,"conf_358",500,38,605747.762025918,1,5
"3825",5,12,"conf_358",1500,38,78036.917345129,1,5
"3826",5,12,"conf_358",2500,38,34415.3264705712,1,5
"3827",5,12,"conf_358",5000,38,974.6988815642,1,5
"3828",5,12,"conf_358",7500,38,111.190995149,1,5
"3829",5,12,"conf_358",250,39,3832170.86353122,1,5
"3830",5,12,"conf_358",500,39,451341.392544282,1,5
"3831",5,12,"conf_358",1500,39,151996.178911974,1,5
"3832",5,12,"conf_358",2500,39,65172.4571127729,1,5
"3833",5,12,"conf_358",5000,39,1936.7471777726,1,5
"3834",5,12,"conf_358",7500,39,231.1158954523,1,5
"3835",5,12,"conf_358",250,40,1346833.56139519,1,5
"3836",5,12,"conf_358",500,40,1242834.88118897,1,5
"3837",5,12,"conf_358",1500,40,19329.641796847,1,5
"3838",5,12,"conf_358",2500,40,19329.641796847,1,5
"3839",5,12,"conf_358",5000,40,1079.1739091915,1,5
"3840",5,12,"conf_358",7500,40,108.2884833525,1,5
"3841",5,12,"conf_358",250,41,2464743.1787876,1,5
"3842",5,12,"conf_358",500,41,1719339.5219114,1,5
"3843",5,12,"conf_358",1500,41,245192.331887729,1,5
"3844",5,12,"conf_358",2500,41,30324.2043359408,1,5
"3845",5,12,"conf_358",5000,41,3301.5422278809,1,5
"3846",5,12,"conf_358",7500,41,368.8014635205,1,5
"3847",5,12,"conf_358",250,42,523967.437011909,1,5
"3848",5,12,"conf_358",500,42,523967.437011909,1,5
"3849",5,12,"conf_358",1500,42,153925.947840707,1,5
"3850",5,12,"conf_358",2500,42,26071.7981305067,1,5
"3851",5,12,"conf_358",5000,42,572.4341311711,1,5
"3852",5,12,"conf_358",7500,42,549.4351742363,1,5
"3853",5,12,"conf_358",250,43,1196551.92353944,1,5
"3854",5,12,"conf_358",500,43,1104757.97695482,1,5
"3855",5,12,"conf_358",1500,43,143487.580328208,1,5
"3856",5,12,"conf_358",2500,43,26556.500394869,1,5
"3857",5,12,"conf_358",5000,43,3197.3261461701,1,5
"3858",5,12,"conf_358",7500,43,395.0195767046,1,5
"3859",5,12,"conf_358",250,44,2304724.7850942,1,5
"3860",5,12,"conf_358",500,44,2304724.7850942,1,5
"3861",5,12,"conf_358",1500,44,115893.384630255,1,5
"3862",5,12,"conf_358",2500,44,47867.4843547258,1,5
"3863",5,12,"conf_358",5000,44,4174.3272402212,1,5
"3864",5,12,"conf_358",7500,44,175.9424357778,1,5
"3865",5,12,"conf_358",250,45,7073173.5510887,1,5
"3866",5,12,"conf_358",500,45,2008350.69546507,1,5
"3867",5,12,"conf_358",1500,45,175049.693895548,1,5
"3868",5,12,"conf_358",2500,45,58669.4451968321,1,5
"3869",5,12,"conf_358",5000,45,2511.490839765,1,5
"3870",5,12,"conf_358",7500,45,263.1340038347,1,5
"3871",5,12,"conf_358",250,46,533438.864146628,1,5
"3872",5,12,"conf_358",500,46,533438.864146628,1,5
"3873",5,12,"conf_358",1500,46,138781.443493,1,5
"3874",5,12,"conf_358",2500,46,37780.1843204109,1,5
"3875",5,12,"conf_358",5000,46,695.3975913458,1,5
"3876",5,12,"conf_358",7500,46,324.1588666501,1,5
"3877",5,12,"conf_358",250,47,1325932.50659455,1,5
"3878",5,12,"conf_358",500,47,1325932.50659455,1,5
"3879",5,12,"conf_358",1500,47,44938.5322051317,1,5
"3880",5,12,"conf_358",2500,47,23112.1132955053,1,5
"3881",5,12,"conf_358",5000,47,1684.1250570544,1,5
"3882",5,12,"conf_358",7500,47,105.4451969746,1,5
"3883",5,12,"conf_358",250,48,1820671.18373098,1,5
"3884",5,12,"conf_358",500,48,1181503.30657396,1,5
"3885",5,12,"conf_358",1500,48,179128.210102806,1,5
"3886",5,12,"conf_358",2500,48,8825.2115859971,1,5
"3887",5,12,"conf_358",5000,48,995.1425385341,1,5
"3888",5,12,"conf_358",7500,48,725.1949597754,1,5
"3889",5,12,"conf_358",250,49,986863.926199337,1,5
"3890",5,12,"conf_358",500,49,986863.926199337,1,5
"3891",5,12,"conf_358",1500,49,167186.076418642,1,5
"3892",5,12,"conf_358",2500,49,72330.1617717718,1,5
"3893",5,12,"conf_358",5000,49,3042.5309996862,1,5
"3894",5,12,"conf_358",7500,49,296.7083795138,1,5
"3895",5,12,"conf_358",250,50,6763505.2122357,1,5
"3896",5,12,"conf_358",500,50,664861.377288571,1,5
"3897",5,12,"conf_358",1500,50,172293.674034793,1,5
"3898",5,12,"conf_358",2500,50,38556.9988831586,1,5
"3899",5,12,"conf_358",5000,50,2990.4231821998,1,5
"3900",5,12,"conf_358",7500,50,1099.0695492622,1,5
"3901",5,12,"conf_358",250,51,1278497.4388667,2,5
"3902",5,12,"conf_358",500,51,1278497.4388667,2,5
"3903",5,12,"conf_358",1500,51,127236.935040603,2,5
"3904",5,12,"conf_358",2500,51,27609.9987568386,2,5
"3905",5,12,"conf_358",5000,51,742.4910413681,2,5
"3906",5,12,"conf_358",7500,51,85.3453777461,2,5
"3907",5,12,"conf_358",250,52,166628.551823496,2,5
"3908",5,12,"conf_358",500,52,166628.551823496,2,5
"3909",5,12,"conf_358",1500,52,97690.91884451,2,5
"3910",5,12,"conf_358",2500,52,15144.1863749176,2,5
"3911",5,12,"conf_358",5000,52,657.4638013193,2,5
"3912",5,12,"conf_358",7500,52,130.1774338577,2,5
"3913",5,12,"conf_358",250,53,2712136.66949552,2,5
"3914",5,12,"conf_358",500,53,1640615.4768886,2,5
"3915",5,12,"conf_358",1500,53,43985.4746790741,2,5
"3916",5,12,"conf_358",2500,53,43985.4746790741,2,5
"3917",5,12,"conf_358",5000,53,3390.7367613883,2,5
"3918",5,12,"conf_358",7500,53,53.1188941366,2,5
"3919",5,12,"conf_358",250,54,3849690.03689861,2,5
"3920",5,12,"conf_358",500,54,2498966.05950266,2,5
"3921",5,12,"conf_358",1500,54,101794.464774001,2,5
"3922",5,12,"conf_358",2500,54,49831.1940133284,2,5
"3923",5,12,"conf_358",5000,54,552.6516282465,2,5
"3924",5,12,"conf_358",7500,54,319.2928325485,2,5
"3925",5,12,"conf_358",250,55,3532723.67853743,2,5
"3926",5,12,"conf_358",500,55,1930813.39229642,2,5
"3927",5,12,"conf_358",1500,55,24289.5720774089,2,5
"3928",5,12,"conf_358",2500,55,23012.5926865187,2,5
"3929",5,12,"conf_358",5000,55,4018.4650592167,2,5
"3930",5,12,"conf_358",7500,55,573.1435599788,2,5
"3931",5,12,"conf_358",250,56,1606133.81689028,2,5
"3932",5,12,"conf_358",500,56,838389.699009807,2,5
"3933",5,12,"conf_358",1500,56,136443.504041242,2,5
"3934",5,12,"conf_358",2500,56,66132.4907830722,2,5
"3935",5,12,"conf_358",5000,56,7185.0597725173,2,5
"3936",5,12,"conf_358",7500,56,392.7955819358,2,5
"3937",5,12,"conf_358",250,57,1122325.47840229,2,5
"3938",5,12,"conf_358",500,57,1122325.47840229,2,5
"3939",5,12,"conf_358",1500,57,205520.591383415,2,5
"3940",5,12,"conf_358",2500,57,54437.3306861733,2,5
"3941",5,12,"conf_358",5000,57,6062.7044216636,2,5
"3942",5,12,"conf_358",7500,57,449.4585294496,2,5
"3943",5,12,"conf_358",250,58,1759376.61075018,2,5
"3944",5,12,"conf_358",500,58,450323.160662518,2,5
"3945",5,12,"conf_358",1500,58,192375.008560541,2,5
"3946",5,12,"conf_358",2500,58,11985.6169150826,2,5
"3947",5,12,"conf_358",5000,58,1240.9058158982,2,5
"3948",5,12,"conf_358",7500,58,83.3141148466,2,5
"3949",5,12,"conf_358",250,59,3628840.93986538,2,5
"3950",5,12,"conf_358",500,59,3628840.93986538,2,5
"3951",5,12,"conf_358",1500,59,157296.556808347,2,5
"3952",5,12,"conf_358",2500,59,20249.4481681139,2,5
"3953",5,12,"conf_358",5000,59,1244.800154548,2,5
"3954",5,12,"conf_358",7500,59,203.7320077435,2,5
"3955",5,12,"conf_358",250,60,2283144.50578311,2,5
"3956",5,12,"conf_358",500,60,676697.364264412,2,5
"3957",5,12,"conf_358",1500,60,138259.420926686,2,5
"3958",5,12,"conf_358",2500,60,73305.5588475988,2,5
"3959",5,12,"conf_358",5000,60,924.6093096998,2,5
"3960",5,12,"conf_358",7500,60,320.3765330977,2,5
"3961",5,12,"conf_358",250,61,2566199.84467943,2,5
"3962",5,12,"conf_358",500,61,895081.774023564,2,5
"3963",5,12,"conf_358",1500,61,236629.07301088,2,5
"3964",5,12,"conf_358",2500,61,33860.3870647674,2,5
"3965",5,12,"conf_358",5000,61,3126.6722407739,2,5
"3966",5,12,"conf_358",7500,61,388.5797904667,2,5
"3967",5,12,"conf_358",250,62,6038720.91746966,2,5
"3968",5,12,"conf_358",500,62,2785306.47878309,2,5
"3969",5,12,"conf_358",1500,62,60476.2071104462,2,5
"3970",5,12,"conf_358",2500,62,8121.3941551681,2,5
"3971",5,12,"conf_358",5000,62,4487.6107429962,2,5
"3972",5,12,"conf_358",7500,62,704.3503958291,2,5
"3973",5,12,"conf_358",250,63,596105.001066172,2,5
"3974",5,12,"conf_358",500,63,298215.830479403,2,5
"3975",5,12,"conf_358",1500,63,136694.755150147,2,5
"3976",5,12,"conf_358",2500,63,27919.2830560776,2,5
"3977",5,12,"conf_358",5000,63,1943.249887478,2,5
"3978",5,12,"conf_358",7500,63,148.0583713147,2,5
"3979",5,12,"conf_358",250,64,3082260.04010825,2,5
"3980",5,12,"conf_358",500,64,514346.939581279,2,5
"3981",5,12,"conf_358",1500,64,109493.759427998,2,5
"3982",5,12,"conf_358",2500,64,48928.2481885286,2,5
"3983",5,12,"conf_358",5000,64,1489.7605381387,2,5
"3984",5,12,"conf_358",7500,64,226.4939204287,2,5
"3985",5,12,"conf_358",250,65,1500982.48198518,2,5
"3986",5,12,"conf_358",500,65,543766.566985614,2,5
"3987",5,12,"conf_358",1500,65,29683.020288705,2,5
"3988",5,12,"conf_358",2500,65,26176.3529285173,2,5
"3989",5,12,"conf_358",5000,65,1033.978835057,2,5
"3990",5,12,"conf_358",7500,65,422.382656523,2,5
"3991",5,12,"conf_358",250,66,536866.772680724,2,5
"3992",5,12,"conf_358",500,66,536866.772680724,2,5
"3993",5,12,"conf_358",1500,66,151139.966629563,2,5
"3994",5,12,"conf_358",2500,66,9342.7674312436,2,5
"3995",5,12,"conf_358",5000,66,3157.3227408391,2,5
"3996",5,12,"conf_358",7500,66,216.817491848,2,5
"3997",5,12,"conf_358",250,67,1201989.97116662,2,5
"3998",5,12,"conf_358",500,67,1048906.99846843,2,5
"3999",5,12,"conf_358",1500,67,175232.593457226,2,5
"4000",5,12,"conf_358",2500,67,39328.0695299869,2,5
"4001",5,12,"conf_358",5000,67,8405.4733382149,2,5
"4002",5,12,"conf_358",7500,67,539.5147697616,2,5
"4003",5,12,"conf_358",250,68,692364.617587448,2,5
"4004",5,12,"conf_358",500,68,692364.617587448,2,5
"4005",5,12,"conf_358",1500,68,150596.070493548,2,5
"4006",5,12,"conf_358",2500,68,3490.3666588954,2,5
"4007",5,12,"conf_358",5000,68,2312.5099992881,2,5
"4008",5,12,"conf_358",7500,68,273.0538543617,2,5
"4009",5,12,"conf_358",250,69,227987.616832402,2,5
"4010",5,12,"conf_358",500,69,227987.616832402,2,5
"4011",5,12,"conf_358",1500,69,101602.794450653,2,5
"4012",5,12,"conf_358",2500,69,10030.2766584695,2,5
"4013",5,12,"conf_358",5000,69,3072.040486585,2,5
"4014",5,12,"conf_358",7500,69,274.8669747805,2,5
"4015",5,12,"conf_358",250,70,634257.906753981,2,5
"4016",5,12,"conf_358",500,70,455002.753104084,2,5
"4017",5,12,"conf_358",1500,70,39199.2294931241,2,5
"4018",5,12,"conf_358",2500,70,39199.2294931241,2,5
"4019",5,12,"conf_358",5000,70,3498.6307177298,2,5
"4020",5,12,"conf_358",7500,70,530.2249520328,2,5
"4021",5,12,"conf_358",250,71,3617643.56057333,2,5
"4022",5,12,"conf_358",500,71,1735567.57876652,2,5
"4023",5,12,"conf_358",1500,71,192246.558131407,2,5
"4024",5,12,"conf_358",2500,71,29102.4015136917,2,5
"4025",5,12,"conf_358",5000,71,1170.3778720711,2,5
"4026",5,12,"conf_358",7500,71,302.6068284756,2,5
"4027",5,12,"conf_358",250,72,2616001.7990906,2,5
"4028",5,12,"conf_358",500,72,2616001.7990906,2,5
"4029",5,12,"conf_358",1500,72,207753.250625894,2,5
"4030",5,12,"conf_358",2500,72,12558.7836665459,2,5
"4031",5,12,"conf_358",5000,72,2003.3808917401,2,5
"4032",5,12,"conf_358",7500,72,184.4979583948,2,5
"4033",5,12,"conf_358",250,73,1145847.39877235,2,5
"4034",5,12,"conf_358",500,73,1130562.15959391,2,5
"4035",5,12,"conf_358",1500,73,143075.002428828,2,5
"4036",5,12,"conf_358",2500,73,45584.1356406854,2,5
"4037",5,12,"conf_358",5000,73,2533.4475177593,2,5
"4038",5,12,"conf_358",7500,73,650.3394995706,2,5
"4039",5,12,"conf_358",250,74,3685826.19051208,2,5
"4040",5,12,"conf_358",500,74,989659.348928421,2,5
"4041",5,12,"conf_358",1500,74,93139.8695442163,2,5
"4042",5,12,"conf_358",2500,74,14615.0917573247,2,5
"4043",5,12,"conf_358",5000,74,3591.6947836233,2,5
"4044",5,12,"conf_358",7500,74,232.9872236703,2,5
"4045",5,12,"conf_358",250,75,2608332.86687609,2,5
"4046",5,12,"conf_358",500,75,922703.091837412,2,5
"4047",5,12,"conf_358",1500,75,254784.410368378,2,5
"4048",5,12,"conf_358",2500,75,49508.9562439594,2,5
"4049",5,12,"conf_358",5000,75,2988.0954733061,2,5
"4050",5,12,"conf_358",7500,75,131.125640285,2,5
"4051",5,12,"conf_358",250,76,5425979.74855456,2,5
"4052",5,12,"conf_358",500,76,1540823.31874517,2,5
"4053",5,12,"conf_358",1500,76,179352.96331274,2,5
"4054",5,12,"conf_358",2500,76,57067.5648384493,2,5
"4055",5,12,"conf_358",5000,76,491.9086963784,2,5
"4056",5,12,"conf_358",7500,76,491.9086963784,2,5
"4057",5,12,"conf_358",250,77,3561127.64679268,2,5
"4058",5,12,"conf_358",500,77,1682971.34235534,2,5
"4059",5,12,"conf_358",1500,77,58251.6114413085,2,5
"4060",5,12,"conf_358",2500,77,58251.6114413085,2,5
"4061",5,12,"conf_358",5000,77,474.2532539697,2,5
"4062",5,12,"conf_358",7500,77,105.7195364454,2,5
"4063",5,12,"conf_358",250,78,5968800.35010907,2,5
"4064",5,12,"conf_358",500,78,2568918.32765513,2,5
"4065",5,12,"conf_358",1500,78,61599.5080062528,2,5
"4066",5,12,"conf_358",2500,78,30857.0912988634,2,5
"4067",5,12,"conf_358",5000,78,2443.8624736535,2,5
"4068",5,12,"conf_358",7500,78,243.5849267754,2,5
"4069",5,12,"conf_358",250,79,1294373.35775295,2,5
"4070",5,12,"conf_358",500,79,1294373.35775295,2,5
"4071",5,12,"conf_358",1500,79,136134.923100945,2,5
"4072",5,12,"conf_358",2500,79,35716.04119136,2,5
"4073",5,12,"conf_358",5000,79,4105.8797299691,2,5
"4074",5,12,"conf_358",7500,79,186.1559623598,2,5
"4075",5,12,"conf_358",250,80,3726601.6482546,2,5
"4076",5,12,"conf_358",500,80,2663821.47454763,2,5
"4077",5,12,"conf_358",1500,80,451271.828092589,2,5
"4078",5,12,"conf_358",2500,80,29208.0404967195,2,5
"4079",5,12,"conf_358",5000,80,1122.8424982111,2,5
"4080",5,12,"conf_358",7500,80,503.7170443897,2,5
"4081",5,12,"conf_358",250,81,3934917.99356766,2,5
"4082",5,12,"conf_358",500,81,1501998.38417524,2,5
"4083",5,12,"conf_358",1500,81,177009.565063115,2,5
"4084",5,12,"conf_358",2500,81,28533.8255409889,2,5
"4085",5,12,"conf_358",5000,81,2691.7234800809,2,5
"4086",5,12,"conf_358",7500,81,844.9057453775,2,5
"4087",5,12,"conf_358",250,82,1991353.88842723,2,5
"4088",5,12,"conf_358",500,82,387745.866628946,2,5
"4089",5,12,"conf_358",1500,82,75753.6167201275,2,5
"4090",5,12,"conf_358",2500,82,59738.9479757741,2,5
"4091",5,12,"conf_358",5000,82,1722.5395379849,2,5
"4092",5,12,"conf_358",7500,82,619.8362919535,2,5
"4093",5,12,"conf_358",250,83,1810522.91903086,2,5
"4094",5,12,"conf_358",500,83,904000.122032723,2,5
"4095",5,12,"conf_358",1500,83,225212.15428055,2,5
"4096",5,12,"conf_358",2500,83,7620.1073661498,2,5
"4097",5,12,"conf_358",5000,83,841.5018163748,2,5
"4098",5,12,"conf_358",7500,83,235.5260859613,2,5
"4099",5,12,"conf_358",250,84,1206495.02240317,2,5
"4100",5,12,"conf_358",500,84,1206495.02240317,2,5
"4101",5,12,"conf_358",1500,84,323738.483810972,2,5
"4102",5,12,"conf_358",2500,84,56609.6906346148,2,5
"4103",5,12,"conf_358",5000,84,846.0300719689,2,5
"4104",5,12,"conf_358",7500,84,508.0911152146,2,5
"4105",5,12,"conf_358",250,85,344847.85158824,2,5
"4106",5,12,"conf_358",500,85,344847.85158824,2,5
"4107",5,12,"conf_358",1500,85,19373.0723834609,2,5
"4108",5,12,"conf_358",2500,85,19373.0723834609,2,5
"4109",5,12,"conf_358",5000,85,2016.0943146659,2,5
"4110",5,12,"conf_358",7500,85,252.1054222013,2,5
"4111",5,12,"conf_358",250,86,2854090.13425077,2,5
"4112",5,12,"conf_358",500,86,1661984.49223164,2,5
"4113",5,12,"conf_358",1500,86,201890.930889629,2,5
"4114",5,12,"conf_358",2500,86,142818.529270764,2,5
"4115",5,12,"conf_358",5000,86,1860.0046468266,2,5
"4116",5,12,"conf_358",7500,86,471.0538249636,2,5
"4117",5,12,"conf_358",250,87,990636.825522955,2,5
"4118",5,12,"conf_358",500,87,990636.825522955,2,5
"4119",5,12,"conf_358",1500,87,39297.460968708,2,5
"4120",5,12,"conf_358",2500,87,10684.3314064244,2,5
"4121",5,12,"conf_358",5000,87,1896.5032728755,2,5
"4122",5,12,"conf_358",7500,87,363.0274406267,2,5
"4123",5,12,"conf_358",250,88,1052214.37177608,2,5
"4124",5,12,"conf_358",500,88,526460.396545594,2,5
"4125",5,12,"conf_358",1500,88,113710.506098611,2,5
"4126",5,12,"conf_358",2500,88,33989.6677859743,2,5
"4127",5,12,"conf_358",5000,88,2247.1283644316,2,5
"4128",5,12,"conf_358",7500,88,115.8320224439,2,5
"4129",5,12,"conf_358",250,89,2473002.86853604,2,5
"4130",5,12,"conf_358",500,89,576772.215674246,2,5
"4131",5,12,"conf_358",1500,89,135097.270892082,2,5
"4132",5,12,"conf_358",2500,89,24338.3211313236,2,5
"4133",5,12,"conf_358",5000,89,2028.2739153936,2,5
"4134",5,12,"conf_358",7500,89,628.8920177097,2,5
"4135",5,12,"conf_358",250,90,2735894.99572306,2,5
"4136",5,12,"conf_358",500,90,1960602.56405628,2,5
"4137",5,12,"conf_358",1500,90,144022.625875744,2,5
"4138",5,12,"conf_358",2500,90,3324.3800620655,2,5
"4139",5,12,"conf_358",5000,90,631.2452813208,2,5
"4140",5,12,"conf_358",7500,90,152.858186685,2,5
"4141",5,12,"conf_358",250,91,6069942.33528669,2,5
"4142",5,12,"conf_358",500,91,3504891.76479826,2,5
"4143",5,12,"conf_358",1500,91,126882.929580135,2,5
"4144",5,12,"conf_358",2500,91,25910.1933554028,2,5
"4145",5,12,"conf_358",5000,91,2660.7264253239,2,5
"4146",5,12,"conf_358",7500,91,180.3745924073,2,5
"4147",5,12,"conf_358",250,92,3308614.85459804,2,5
"4148",5,12,"conf_358",500,92,1029427.24575696,2,5
"4149",5,12,"conf_358",1500,92,147108.90043426,2,5
"4150",5,12,"conf_358",2500,92,25072.9044853685,2,5
"4151",5,12,"conf_358",5000,92,3716.4894846249,2,5
"4152",5,12,"conf_358",7500,92,295.5685244922,2,5
"4153",5,12,"conf_358",250,93,3612053.99166792,2,5
"4154",5,12,"conf_358",500,93,511276.601129203,2,5
"4155",5,12,"conf_358",1500,93,126295.130124578,2,5
"4156",5,12,"conf_358",2500,93,31707.3398779235,2,5
"4157",5,12,"conf_358",5000,93,3448.0342630468,2,5
"4158",5,12,"conf_358",7500,93,192.2434411144,2,5
"4159",5,12,"conf_358",250,94,1393697.77938425,2,5
"4160",5,12,"conf_358",500,94,1264213.64184868,2,5
"4161",5,12,"conf_358",1500,94,30699.3462895164,2,5
"4162",5,12,"conf_358",2500,94,5177.4720823884,2,5
"4163",5,12,"conf_358",5000,94,5177.4720823884,2,5
"4164",5,12,"conf_358",7500,94,415.6901712036,2,5
"4165",5,12,"conf_358",250,95,1345118.57677974,2,5
"4166",5,12,"conf_358",500,95,1345118.57677974,2,5
"4167",5,12,"conf_358",1500,95,437737.543956722,2,5
"4168",5,12,"conf_358",2500,95,33281.6132741447,2,5
"4169",5,12,"conf_358",5000,95,3300.581475797,2,5
"4170",5,12,"conf_358",7500,95,228.5170875326,2,5
"4171",5,12,"conf_358",250,96,733817.419082235,2,5
"4172",5,12,"conf_358",500,96,733817.419082235,2,5
"4173",5,12,"conf_358",1500,96,121631.663722617,2,5
"4174",5,12,"conf_358",2500,96,10996.6039182754,2,5
"4175",5,12,"conf_358",5000,96,2875.9509664627,2,5
"4176",5,12,"conf_358",7500,96,1054.0300596029,2,5
"4177",5,12,"conf_358",250,97,2350940.56617513,2,5
"4178",5,12,"conf_358",500,97,1408412.39848697,2,5
"4179",5,12,"conf_358",1500,97,132581.636745974,2,5
"4180",5,12,"conf_358",2500,97,48556.5150687212,2,5
"4181",5,12,"conf_358",5000,97,3587.8518669865,2,5
"4182",5,12,"conf_358",7500,97,212.9301550834,2,5
"4183",5,12,"conf_358",250,98,1559393.3642839,2,5
"4184",5,12,"conf_358",500,98,1186174.7838539,2,5
"4185",5,12,"conf_358",1500,98,38244.670911595,2,5
"4186",5,12,"conf_358",2500,98,35387.6122262862,2,5
"4187",5,12,"conf_358",5000,98,4324.8098427243,2,5
"4188",5,12,"conf_358",7500,98,20.6929825529,2,5
"4189",5,12,"conf_358",250,99,1559802.15339862,2,5
"4190",5,12,"conf_358",500,99,526314.524444031,2,5
"4191",5,12,"conf_358",1500,99,134599.109625133,2,5
"4192",5,12,"conf_358",2500,99,78418.4670792501,2,5
"4193",5,12,"conf_358",5000,99,1384.2881599497,2,5
"4194",5,12,"conf_358",7500,99,111.6833217797,2,5
"4195",5,12,"conf_358",250,100,1111374.13186337,2,5
"4196",5,12,"conf_358",500,100,127488.205970738,2,5
"4197",5,12,"conf_358",1500,100,60910.2704053929,2,5
"4198",5,12,"conf_358",2500,100,42970.4173012596,2,5
"4199",5,12,"conf_358",5000,100,2214.4152250014,2,5
"4200",5,12,"conf_358",7500,100,390.6966408942,2,5
"4201",5,12,"conf_358",250,101,1265233.86926745,3,5
"4202",5,12,"conf_358",500,101,1265233.86926745,3,5
"4203",5,12,"conf_358",1500,101,332163.063682085,3,5
"4204",5,12,"conf_358",2500,101,44987.6578680289,3,5
"4205",5,12,"conf_358",5000,101,2315.4610971536,3,5
"4206",5,12,"conf_358",7500,101,808.2449107482,3,5
"4207",5,12,"conf_358",250,102,3396105.4642356,3,5
"4208",5,12,"conf_358",500,102,782538.011933104,3,5
"4209",5,12,"conf_358",1500,102,226729.195321589,3,5
"4210",5,12,"conf_358",2500,102,45701.2903038503,3,5
"4211",5,12,"conf_358",5000,102,1556.4085716573,3,5
"4212",5,12,"conf_358",7500,102,321.3419795196,3,5
"4213",5,12,"conf_358",250,103,1162003.84052707,3,5
"4214",5,12,"conf_358",500,103,1040730.32375024,3,5
"4215",5,12,"conf_358",1500,103,209443.200677755,3,5
"4216",5,12,"conf_358",2500,103,18427.3984790292,3,5
"4217",5,12,"conf_358",5000,103,1780.8446836128,3,5
"4218",5,12,"conf_358",7500,103,105.2911316783,3,5
"4219",5,12,"conf_358",250,104,7838274.63700155,3,5
"4220",5,12,"conf_358",500,104,4930429.06249903,3,5
"4221",5,12,"conf_358",1500,104,132114.15030412,3,5
"4222",5,12,"conf_358",2500,104,21917.8647484672,3,5
"4223",5,12,"conf_358",5000,104,1453.684592276,3,5
"4224",5,12,"conf_358",7500,104,71.3512999523,3,5
"4225",5,12,"conf_358",250,105,2365888.14498519,3,5
"4226",5,12,"conf_358",500,105,1234239.10746956,3,5
"4227",5,12,"conf_358",1500,105,140844.360857143,3,5
"4228",5,12,"conf_358",2500,105,12443.3799380137,3,5
"4229",5,12,"conf_358",5000,105,1045.287325586,3,5
"4230",5,12,"conf_358",7500,105,179.8627147897,3,5
"4231",5,12,"conf_358",250,106,151864.639080528,3,5
"4232",5,12,"conf_358",500,106,151864.639080528,3,5
"4233",5,12,"conf_358",1500,106,151864.639080528,3,5
"4234",5,12,"conf_358",2500,106,19014.7499076417,3,5
"4235",5,12,"conf_358",5000,106,512.3623400408,3,5
"4236",5,12,"conf_358",7500,106,282.6530341845,3,5
"4237",5,12,"conf_358",250,107,1193502.42079413,3,5
"4238",5,12,"conf_358",500,107,57792.4318368939,3,5
"4239",5,12,"conf_358",1500,107,22710.4670821653,3,5
"4240",5,12,"conf_358",2500,107,13131.3719191134,3,5
"4241",5,12,"conf_358",5000,107,5003.137917616,3,5
"4242",5,12,"conf_358",7500,107,308.4002528318,3,5
"4243",5,12,"conf_358",250,108,515501.788390008,3,5
"4244",5,12,"conf_358",500,108,508945.688269946,3,5
"4245",5,12,"conf_358",1500,108,58721.8790343675,3,5
"4246",5,12,"conf_358",2500,108,37827.8880101627,3,5
"4247",5,12,"conf_358",5000,108,642.2049689831,3,5
"4248",5,12,"conf_358",7500,108,199.7335904378,3,5
"4249",5,12,"conf_358",250,109,4348769.50884127,3,5
"4250",5,12,"conf_358",500,109,1202229.41434967,3,5
"4251",5,12,"conf_358",1500,109,115370.62885982,3,5
"4252",5,12,"conf_358",2500,109,14288.6943350909,3,5
"4253",5,12,"conf_358",5000,109,348.4665835411,3,5
"4254",5,12,"conf_358",7500,109,348.4665835411,3,5
"4255",5,12,"conf_358",250,110,2984491.56576232,3,5
"4256",5,12,"conf_358",500,110,955954.558125011,3,5
"4257",5,12,"conf_358",1500,110,79973.4245999284,3,5
"4258",5,12,"conf_358",2500,110,62842.4929434933,3,5
"4259",5,12,"conf_358",5000,110,2027.9025133094,3,5
"4260",5,12,"conf_358",7500,110,189.5931438371,3,5
"4261",5,12,"conf_358",250,111,530571.031258706,3,5
"4262",5,12,"conf_358",500,111,530571.031258706,3,5
"4263",5,12,"conf_358",1500,111,142917.874291547,3,5
"4264",5,12,"conf_358",2500,111,23352.9173589205,3,5
"4265",5,12,"conf_358",5000,111,1013.5175719336,3,5
"4266",5,12,"conf_358",7500,111,171.3742842801,3,5
"4267",5,12,"conf_358",250,112,3536992.27777473,3,5
"4268",5,12,"conf_358",500,112,474814.922885308,3,5
"4269",5,12,"conf_358",1500,112,227618.870593376,3,5
"4270",5,12,"conf_358",2500,112,49853.8003441243,3,5
"4271",5,12,"conf_358",5000,112,1883.3598847354,3,5
"4272",5,12,"conf_358",7500,112,431.7742110695,3,5
"4273",5,12,"conf_358",250,113,933656.167886265,3,5
"4274",5,12,"conf_358",500,113,933656.167886265,3,5
"4275",5,12,"conf_358",1500,113,137755.563921591,3,5
"4276",5,12,"conf_358",2500,113,30101.6535704492,3,5
"4277",5,12,"conf_358",5000,113,707.2639645155,3,5
"4278",5,12,"conf_358",7500,113,327.7034828437,3,5
"4279",5,12,"conf_358",250,114,232224.176624833,3,5
"4280",5,12,"conf_358",500,114,232224.176624833,3,5
"4281",5,12,"conf_358",1500,114,47890.1998464618,3,5
"4282",5,12,"conf_358",2500,114,23695.3728172491,3,5
"4283",5,12,"conf_358",5000,114,1548.230465776,3,5
"4284",5,12,"conf_358",7500,114,467.7332240207,3,5
"4285",5,12,"conf_358",250,115,1556179.68397624,3,5
"4286",5,12,"conf_358",500,115,1203458.40646754,3,5
"4287",5,12,"conf_358",1500,115,181431.130360751,3,5
"4288",5,12,"conf_358",2500,115,39290.0134251697,3,5
"4289",5,12,"conf_358",5000,115,1097.9310168839,3,5
"4290",5,12,"conf_358",7500,115,173.1905876471,3,5
"4291",5,12,"conf_358",250,116,1775399.91705784,3,5
"4292",5,12,"conf_358",500,116,1775399.91705784,3,5
"4293",5,12,"conf_358",1500,116,142063.228788937,3,5
"4294",5,12,"conf_358",2500,116,29117.9313675941,3,5
"4295",5,12,"conf_358",5000,116,2551.3836539226,3,5
"4296",5,12,"conf_358",7500,116,533.4728867423,3,5
"4297",5,12,"conf_358",250,117,2035363.06465596,3,5
"4298",5,12,"conf_358",500,117,835901.660585491,3,5
"4299",5,12,"conf_358",1500,117,213201.639111863,3,5
"4300",5,12,"conf_358",2500,117,18915.76312706,3,5
"4301",5,12,"conf_358",5000,117,1186.0025198072,3,5
"4302",5,12,"conf_358",7500,117,139.2456959678,3,5
"4303",5,12,"conf_358",250,118,5273479.79963657,3,5
"4304",5,12,"conf_358",500,118,1152071.03071628,3,5
"4305",5,12,"conf_358",1500,118,99744.8687745314,3,5
"4306",5,12,"conf_358",2500,118,19156.1567589587,3,5
"4307",5,12,"conf_358",5000,118,2969.6169963409,3,5
"4308",5,12,"conf_358",7500,118,128.9926919389,3,5
"4309",5,12,"conf_358",250,119,2725287.89964794,3,5
"4310",5,12,"conf_358",500,119,305894.346674349,3,5
"4311",5,12,"conf_358",1500,119,216642.070115358,3,5
"4312",5,12,"conf_358",2500,119,30986.5011893966,3,5
"4313",5,12,"conf_358",5000,119,3853.1834525267,3,5
"4314",5,12,"conf_358",7500,119,870.774248311,3,5
"4315",5,12,"conf_358",250,120,1403356.89569623,3,5
"4316",5,12,"conf_358",500,120,1235935.46456186,3,5
"4317",5,12,"conf_358",1500,120,116518.364520841,3,5
"4318",5,12,"conf_358",2500,120,31813.2888910852,3,5
"4319",5,12,"conf_358",5000,120,2806.3853364293,3,5
"4320",5,12,"conf_358",7500,120,276.1355083067,3,5
"4321",5,12,"conf_358",250,121,345633.585430821,3,5
"4322",5,12,"conf_358",500,121,345633.585430821,3,5
"4323",5,12,"conf_358",1500,121,208731.052443206,3,5
"4324",5,12,"conf_358",2500,121,35721.8234607368,3,5
"4325",5,12,"conf_358",5000,121,1904.5854924807,3,5
"4326",5,12,"conf_358",7500,121,191.8487214469,3,5
"4327",5,12,"conf_358",250,122,2273419.98449073,3,5
"4328",5,12,"conf_358",500,122,1523788.68689912,3,5
"4329",5,12,"conf_358",1500,122,45658.6498896082,3,5
"4330",5,12,"conf_358",2500,122,40565.1118478789,3,5
"4331",5,12,"conf_358",5000,122,2988.6257770358,3,5
"4332",5,12,"conf_358",7500,122,356.2242447385,3,5
"4333",5,12,"conf_358",250,123,2977226.57520867,3,5
"4334",5,12,"conf_358",500,123,836227.069973694,3,5
"4335",5,12,"conf_358",1500,123,93374.9405060146,3,5
"4336",5,12,"conf_358",2500,123,31223.8534054018,3,5
"4337",5,12,"conf_358",5000,123,4435.6412731007,3,5
"4338",5,12,"conf_358",7500,123,798.7448182548,3,5
"4339",5,12,"conf_358",250,124,5096752.96037317,3,5
"4340",5,12,"conf_358",500,124,909695.203798593,3,5
"4341",5,12,"conf_358",1500,124,149208.581453265,3,5
"4342",5,12,"conf_358",2500,124,90997.8263526647,3,5
"4343",5,12,"conf_358",5000,124,1312.1984300127,3,5
"4344",5,12,"conf_358",7500,124,263.2175512195,3,5
"4345",5,12,"conf_358",250,125,1363781.23410609,3,5
"4346",5,12,"conf_358",500,125,886869.979663057,3,5
"4347",5,12,"conf_358",1500,125,247181.558020238,3,5
"4348",5,12,"conf_358",2500,125,48648.885361285,3,5
"4349",5,12,"conf_358",5000,125,1635.104057972,3,5
"4350",5,12,"conf_358",7500,125,569.0398459542,3,5
"4351",5,12,"conf_358",250,126,3977106.61972865,3,5
"4352",5,12,"conf_358",500,126,1473383.83545991,3,5
"4353",5,12,"conf_358",1500,126,70031.0507941319,3,5
"4354",5,12,"conf_358",2500,126,42857.0474116404,3,5
"4355",5,12,"conf_358",5000,126,2803.0821184863,3,5
"4356",5,12,"conf_358",7500,126,306.5633232399,3,5
"4357",5,12,"conf_358",250,127,2772544.43439414,3,5
"4358",5,12,"conf_358",500,127,2772544.43439414,3,5
"4359",5,12,"conf_358",1500,127,82429.326282406,3,5
"4360",5,12,"conf_358",2500,127,10881.2806839662,3,5
"4361",5,12,"conf_358",5000,127,2469.8303289531,3,5
"4362",5,12,"conf_358",7500,127,280.745908197,3,5
"4363",5,12,"conf_358",250,128,1998664.71862712,3,5
"4364",5,12,"conf_358",500,128,1556363.06760708,3,5
"4365",5,12,"conf_358",1500,128,21809.9899159754,3,5
"4366",5,12,"conf_358",2500,128,5978.4323444608,3,5
"4367",5,12,"conf_358",5000,128,2656.9790942501,3,5
"4368",5,12,"conf_358",7500,128,602.2343986664,3,5
"4369",5,12,"conf_358",250,129,1474262.83371929,3,5
"4370",5,12,"conf_358",500,129,986350.732789592,3,5
"4371",5,12,"conf_358",1500,129,98658.1931206561,3,5
"4372",5,12,"conf_358",2500,129,13292.6171088355,3,5
"4373",5,12,"conf_358",5000,129,1915.7857975851,3,5
"4374",5,12,"conf_358",7500,129,164.507441775,3,5
"4375",5,12,"conf_358",250,130,1763113.08162925,3,5
"4376",5,12,"conf_358",500,130,335594.845096059,3,5
"4377",5,12,"conf_358",1500,130,61429.5842959652,3,5
"4378",5,12,"conf_358",2500,130,16403.4664466531,3,5
"4379",5,12,"conf_358",5000,130,1719.0189833009,3,5
"4380",5,12,"conf_358",7500,130,166.3290559117,3,5
"4381",5,12,"conf_358",250,131,569969.686630841,3,5
"4382",5,12,"conf_358",500,131,569969.686630841,3,5
"4383",5,12,"conf_358",1500,131,50242.7669502782,3,5
"4384",5,12,"conf_358",2500,131,13306.0556194844,3,5
"4385",5,12,"conf_358",5000,131,4961.1404672466,3,5
"4386",5,12,"conf_358",7500,131,347.0915050917,3,5
"4387",5,12,"conf_358",250,132,2093782.20068675,3,5
"4388",5,12,"conf_358",500,132,1805227.33087396,3,5
"4389",5,12,"conf_358",1500,132,605292.123106743,3,5
"4390",5,12,"conf_358",2500,132,72099.4374615967,3,5
"4391",5,12,"conf_358",5000,132,1193.9459314546,3,5
"4392",5,12,"conf_358",7500,132,281.1831503885,3,5
"4393",5,12,"conf_358",250,133,3115609.92668873,3,5
"4394",5,12,"conf_358",500,133,148604.624446018,3,5
"4395",5,12,"conf_358",1500,133,89747.6035310326,3,5
"4396",5,12,"conf_358",2500,133,36515.2783851476,3,5
"4397",5,12,"conf_358",5000,133,903.6155544597,3,5
"4398",5,12,"conf_358",7500,133,316.5898901135,3,5
"4399",5,12,"conf_358",250,134,2564383.6016253,3,5
"4400",5,12,"conf_358",500,134,1080397.78811374,3,5
"4401",5,12,"conf_358",1500,134,134998.691383236,3,5
"4402",5,12,"conf_358",2500,134,35694.0557740435,3,5
"4403",5,12,"conf_358",5000,134,842.739338401,3,5
"4404",5,12,"conf_358",7500,134,189.8294167399,3,5
"4405",5,12,"conf_358",250,135,1713707.21115675,3,5
"4406",5,12,"conf_358",500,135,432750.984083002,3,5
"4407",5,12,"conf_358",1500,135,177978.549197003,3,5
"4408",5,12,"conf_358",2500,135,27170.1284390464,3,5
"4409",5,12,"conf_358",5000,135,232.3523750418,3,5
"4410",5,12,"conf_358",7500,135,230.6727716013,3,5
"4411",5,12,"conf_358",250,136,2176709.75224146,3,5
"4412",5,12,"conf_358",500,136,549235.814486935,3,5
"4413",5,12,"conf_358",1500,136,104475.374244292,3,5
"4414",5,12,"conf_358",2500,136,37725.6939355604,3,5
"4415",5,12,"conf_358",5000,136,2510.3643761829,3,5
"4416",5,12,"conf_358",7500,136,105.7167745077,3,5
"4417",5,12,"conf_358",250,137,950437.114469114,3,5
"4418",5,12,"conf_358",500,137,839792.899447109,3,5
"4419",5,12,"conf_358",1500,137,148147.008996479,3,5
"4420",5,12,"conf_358",2500,137,43677.5319936821,3,5
"4421",5,12,"conf_358",5000,137,4153.2866094783,3,5
"4422",5,12,"conf_358",7500,137,43.7067627906,3,5
"4423",5,12,"conf_358",250,138,1587210.621924,3,5
"4424",5,12,"conf_358",500,138,715352.5438801,3,5
"4425",5,12,"conf_358",1500,138,204412.868506736,3,5
"4426",5,12,"conf_358",2500,138,22272.5302513781,3,5
"4427",5,12,"conf_358",5000,138,2761.0031168701,3,5
"4428",5,12,"conf_358",7500,138,273.6727054835,3,5
"4429",5,12,"conf_358",250,139,2298133.2949218,3,5
"4430",5,12,"conf_358",500,139,529710.677374158,3,5
"4431",5,12,"conf_358",1500,139,163235.510950477,3,5
"4432",5,12,"conf_358",2500,139,119731.281706724,3,5
"4433",5,12,"conf_358",5000,139,877.4369607982,3,5
"4434",5,12,"conf_358",7500,139,399.4030042012,3,5
"4435",5,12,"conf_358",250,140,3042489.69093936,3,5
"4436",5,12,"conf_358",500,140,2592062.82736824,3,5
"4437",5,12,"conf_358",1500,140,67908.2718979131,3,5
"4438",5,12,"conf_358",2500,140,51481.2454099158,3,5
"4439",5,12,"conf_358",5000,140,1500.5428245942,3,5
"4440",5,12,"conf_358",7500,140,161.059383541,3,5
"4441",5,12,"conf_358",250,141,5174444.6603262,3,5
"4442",5,12,"conf_358",500,141,462459.096260702,3,5
"4443",5,12,"conf_358",1500,141,152381.212476236,3,5
"4444",5,12,"conf_358",2500,141,62972.381146514,3,5
"4445",5,12,"conf_358",5000,141,678.7161526363,3,5
"4446",5,12,"conf_358",7500,141,503.0582806606,3,5
"4447",5,12,"conf_358",250,142,699681.329163425,3,5
"4448",5,12,"conf_358",500,142,421732.210181887,3,5
"4449",5,12,"conf_358",1500,142,64759.4057137182,3,5
"4450",5,12,"conf_358",2500,142,16509.3864355359,3,5
"4451",5,12,"conf_358",5000,142,158.7420612438,3,5
"4452",5,12,"conf_358",7500,142,87.7825292381,3,5
"4453",5,12,"conf_358",250,143,907529.768486667,3,5
"4454",5,12,"conf_358",500,143,907529.768486667,3,5
"4455",5,12,"conf_358",1500,143,294420.212838953,3,5
"4456",5,12,"conf_358",2500,143,65576.5399336455,3,5
"4457",5,12,"conf_358",5000,143,4161.3286034174,3,5
"4458",5,12,"conf_358",7500,143,236.9853736145,3,5
"4459",5,12,"conf_358",250,144,2932145.10686763,3,5
"4460",5,12,"conf_358",500,144,1492471.75943478,3,5
"4461",5,12,"conf_358",1500,144,147413.108472801,3,5
"4462",5,12,"conf_358",2500,144,6338.8890474795,3,5
"4463",5,12,"conf_358",5000,144,824.9058729906,3,5
"4464",5,12,"conf_358",7500,144,16.7817371536,3,5
"4465",5,12,"conf_358",250,145,3954832.16678063,3,5
"4466",5,12,"conf_358",500,145,1110263.02536738,3,5
"4467",5,12,"conf_358",1500,145,76530.7533781977,3,5
"4468",5,12,"conf_358",2500,145,37418.9024204378,3,5
"4469",5,12,"conf_358",5000,145,2662.6407008432,3,5
"4470",5,12,"conf_358",7500,145,157.5381077042,3,5
"4471",5,12,"conf_358",250,146,1405452.71803771,3,5
"4472",5,12,"conf_358",500,146,1227540.81580392,3,5
"4473",5,12,"conf_358",1500,146,12749.3257641297,3,5
"4474",5,12,"conf_358",2500,146,10299.9414010828,3,5
"4475",5,12,"conf_358",5000,146,2681.8099225614,3,5
"4476",5,12,"conf_358",7500,146,178.0813678296,3,5
"4477",5,12,"conf_358",250,147,965249.619404854,3,5
"4478",5,12,"conf_358",500,147,650313.03776022,3,5
"4479",5,12,"conf_358",1500,147,146679.260708129,3,5
"4480",5,12,"conf_358",2500,147,22446.8679609844,3,5
"4481",5,12,"conf_358",5000,147,3366.5460275317,3,5
"4482",5,12,"conf_358",7500,147,412.1731332247,3,5
"4483",5,12,"conf_358",250,148,1641331.70930663,3,5
"4484",5,12,"conf_358",500,148,379698.853846276,3,5
"4485",5,12,"conf_358",1500,148,255214.23824633,3,5
"4486",5,12,"conf_358",2500,148,68409.9845598555,3,5
"4487",5,12,"conf_358",5000,148,2363.9922239023,3,5
"4488",5,12,"conf_358",7500,148,302.423700026,3,5
"4489",5,12,"conf_358",250,149,2111482.47867919,3,5
"4490",5,12,"conf_358",500,149,1230485.5356817,3,5
"4491",5,12,"conf_358",1500,149,128601.913607242,3,5
"4492",5,12,"conf_358",2500,149,16162.1402307673,3,5
"4493",5,12,"conf_358",5000,149,207.1062219817,3,5
"4494",5,12,"conf_358",7500,149,205.968053616,3,5
"4495",5,12,"conf_358",250,150,1686544.11324079,3,5
"4496",5,12,"conf_358",500,150,1594556.23694497,3,5
"4497",5,12,"conf_358",1500,150,88477.4888569322,3,5
"4498",5,12,"conf_358",2500,150,34261.9831811639,3,5
"4499",5,12,"conf_358",5000,150,2982.5870354265,3,5
"4500",5,12,"conf_358",7500,150,274.4321675584,3,5
"4501",5,12,"conf_358",250,151,525684.322986584,4,5
"4502",5,12,"conf_358",500,151,386054.236908286,4,5
"4503",5,12,"conf_358",1500,151,77679.0789639056,4,5
"4504",5,12,"conf_358",2500,151,28753.2459456478,4,5
"4505",5,12,"conf_358",5000,151,565.0950795457,4,5
"4506",5,12,"conf_358",7500,151,344.0292850551,4,5
"4507",5,12,"conf_358",250,152,3966054.4478243,4,5
"4508",5,12,"conf_358",500,152,2439335.61282319,4,5
"4509",5,12,"conf_358",1500,152,117754.317063034,4,5
"4510",5,12,"conf_358",2500,152,17786.3515775308,4,5
"4511",5,12,"conf_358",5000,152,457.2670758467,4,5
"4512",5,12,"conf_358",7500,152,128.9770053939,4,5
"4513",5,12,"conf_358",250,153,1952458.7893375,4,5
"4514",5,12,"conf_358",500,153,1952458.7893375,4,5
"4515",5,12,"conf_358",1500,153,241131.564801434,4,5
"4516",5,12,"conf_358",2500,153,28382.0596729817,4,5
"4517",5,12,"conf_358",5000,153,1870.0344496517,4,5
"4518",5,12,"conf_358",7500,153,166.6662608903,4,5
"4519",5,12,"conf_358",250,154,1100725.56925972,4,5
"4520",5,12,"conf_358",500,154,395035.408291761,4,5
"4521",5,12,"conf_358",1500,154,229543.530947613,4,5
"4522",5,12,"conf_358",2500,154,21837.8959813785,4,5
"4523",5,12,"conf_358",5000,154,254.406877918,4,5
"4524",5,12,"conf_358",7500,154,254.406877918,4,5
"4525",5,12,"conf_358",250,155,2705793.82890261,4,5
"4526",5,12,"conf_358",500,155,2441791.86063829,4,5
"4527",5,12,"conf_358",1500,155,202309.82052304,4,5
"4528",5,12,"conf_358",2500,155,76137.1050910243,4,5
"4529",5,12,"conf_358",5000,155,2586.989412717,4,5
"4530",5,12,"conf_358",7500,155,306.8890105041,4,5
"4531",5,12,"conf_358",250,156,2338020.13091187,4,5
"4532",5,12,"conf_358",500,156,631438.911257255,4,5
"4533",5,12,"conf_358",1500,156,242961.083172588,4,5
"4534",5,12,"conf_358",2500,156,24030.0271528018,4,5
"4535",5,12,"conf_358",5000,156,523.4125782688,4,5
"4536",5,12,"conf_358",7500,156,41.387663357,4,5
"4537",5,12,"conf_358",250,157,1867432.83129553,4,5
"4538",5,12,"conf_358",500,157,318402.246444739,4,5
"4539",5,12,"conf_358",1500,157,53520.1328541352,4,5
"4540",5,12,"conf_358",2500,157,20977.4944239662,4,5
"4541",5,12,"conf_358",5000,157,4055.0291099918,4,5
"4542",5,12,"conf_358",7500,157,448.9848809025,4,5
"4543",5,12,"conf_358",250,158,4089842.29234135,4,5
"4544",5,12,"conf_358",500,158,2980702.64663894,4,5
"4545",5,12,"conf_358",1500,158,462715.553423057,4,5
"4546",5,12,"conf_358",2500,158,89328.9046855077,4,5
"4547",5,12,"conf_358",5000,158,2832.1259929357,4,5
"4548",5,12,"conf_358",7500,158,87.1833143835,4,5
"4549",5,12,"conf_358",250,159,3435126.71386425,4,5
"4550",5,12,"conf_358",500,159,2087938.97759098,4,5
"4551",5,12,"conf_358",1500,159,313609.143103567,4,5
"4552",5,12,"conf_358",2500,159,58734.6428931091,4,5
"4553",5,12,"conf_358",5000,159,1242.3640061204,4,5
"4554",5,12,"conf_358",7500,159,1242.3640061204,4,5
"4555",5,12,"conf_358",250,160,2887218.48268286,4,5
"4556",5,12,"conf_358",500,160,1752199.66446214,4,5
"4557",5,12,"conf_358",1500,160,180623.796626536,4,5
"4558",5,12,"conf_358",2500,160,34970.7458511572,4,5
"4559",5,12,"conf_358",5000,160,821.6657123826,4,5
"4560",5,12,"conf_358",7500,160,320.3756292979,4,5
"4561",5,12,"conf_358",250,161,803924.060256594,4,5
"4562",5,12,"conf_358",500,161,632263.611235122,4,5
"4563",5,12,"conf_358",1500,161,95195.7860728146,4,5
"4564",5,12,"conf_358",2500,161,37649.5497061715,4,5
"4565",5,12,"conf_358",5000,161,2830.355312414,4,5
"4566",5,12,"conf_358",7500,161,292.9920398104,4,5
"4567",5,12,"conf_358",250,162,313367.872647148,4,5
"4568",5,12,"conf_358",500,162,313367.872647148,4,5
"4569",5,12,"conf_358",1500,162,313367.872647148,4,5
"4570",5,12,"conf_358",2500,162,24294.0853225338,4,5
"4571",5,12,"conf_358",5000,162,550.5447630976,4,5
"4572",5,12,"conf_358",7500,162,81.4273773655,4,5
"4573",5,12,"conf_358",250,163,10260265.7499369,4,5
"4574",5,12,"conf_358",500,163,1302692.9381818,4,5
"4575",5,12,"conf_358",1500,163,118262.62188224,4,5
"4576",5,12,"conf_358",2500,163,30199.6152346969,4,5
"4577",5,12,"conf_358",5000,163,771.3475812451,4,5
"4578",5,12,"conf_358",7500,163,101.4526793739,4,5
"4579",5,12,"conf_358",250,164,2928997.75356482,4,5
"4580",5,12,"conf_358",500,164,2757878.76484534,4,5
"4581",5,12,"conf_358",1500,164,209541.445641209,4,5
"4582",5,12,"conf_358",2500,164,54897.1384246699,4,5
"4583",5,12,"conf_358",5000,164,2471.3765640947,4,5
"4584",5,12,"conf_358",7500,164,507.3976891987,4,5
"4585",5,12,"conf_358",250,165,6171042.45111206,4,5
"4586",5,12,"conf_358",500,165,2439600.13910737,4,5
"4587",5,12,"conf_358",1500,165,132049.869870437,4,5
"4588",5,12,"conf_358",2500,165,32023.4753201206,4,5
"4589",5,12,"conf_358",5000,165,1371.8846055327,4,5
"4590",5,12,"conf_358",7500,165,337.8213465064,4,5
"4591",5,12,"conf_358",250,166,2486816.58820833,4,5
"4592",5,12,"conf_358",500,166,201923.058984092,4,5
"4593",5,12,"conf_358",1500,166,97881.5934891555,4,5
"4594",5,12,"conf_358",2500,166,39897.2495437729,4,5
"4595",5,12,"conf_358",5000,166,2826.6120088643,4,5
"4596",5,12,"conf_358",7500,166,239.2241931579,4,5
"4597",5,12,"conf_358",250,167,2483973.25592611,4,5
"4598",5,12,"conf_358",500,167,1581205.72810799,4,5
"4599",5,12,"conf_358",1500,167,251433.410867158,4,5
"4600",5,12,"conf_358",2500,167,50404.1659911935,4,5
"4601",5,12,"conf_358",5000,167,2838.8783544895,4,5
"4602",5,12,"conf_358",7500,167,131.5733269575,4,5
"4603",5,12,"conf_358",250,168,2594688.09365514,4,5
"4604",5,12,"conf_358",500,168,1182134.83831187,4,5
"4605",5,12,"conf_358",1500,168,270350.087074219,4,5
"4606",5,12,"conf_358",2500,168,17419.8110519869,4,5
"4607",5,12,"conf_358",5000,168,1132.0487921809,4,5
"4608",5,12,"conf_358",7500,168,270.6682339988,4,5
"4609",5,12,"conf_358",250,169,4243128.52151169,4,5
"4610",5,12,"conf_358",500,169,602917.825137522,4,5
"4611",5,12,"conf_358",1500,169,151491.723707445,4,5
"4612",5,12,"conf_358",2500,169,25877.2206976287,4,5
"4613",5,12,"conf_358",5000,169,940.9117661619,4,5
"4614",5,12,"conf_358",7500,169,33.0466052884,4,5
"4615",5,12,"conf_358",250,170,3504975.284706,4,5
"4616",5,12,"conf_358",500,170,3287368.79856114,4,5
"4617",5,12,"conf_358",1500,170,216027.356131397,4,5
"4618",5,12,"conf_358",2500,170,57651.132794157,4,5
"4619",5,12,"conf_358",5000,170,3781.9244499205,4,5
"4620",5,12,"conf_358",7500,170,205.0254036052,4,5
"4621",5,12,"conf_358",250,171,6404826.51096539,4,5
"4622",5,12,"conf_358",500,171,2968187.60562333,4,5
"4623",5,12,"conf_358",1500,171,68290.2024254945,4,5
"4624",5,12,"conf_358",2500,171,32847.765095872,4,5
"4625",5,12,"conf_358",5000,171,1788.071391128,4,5
"4626",5,12,"conf_358",7500,171,335.8929769032,4,5
"4627",5,12,"conf_358",250,172,1960667.05576166,4,5
"4628",5,12,"conf_358",500,172,552413.896500554,4,5
"4629",5,12,"conf_358",1500,172,64532.0714654015,4,5
"4630",5,12,"conf_358",2500,172,64532.0714654015,4,5
"4631",5,12,"conf_358",5000,172,451.6661344916,4,5
"4632",5,12,"conf_358",7500,172,41.0434880869,4,5
"4633",5,12,"conf_358",250,173,1114186.95546464,4,5
"4634",5,12,"conf_358",500,173,804678.864014929,4,5
"4635",5,12,"conf_358",1500,173,31910.6927321314,4,5
"4636",5,12,"conf_358",2500,173,29586.4770415595,4,5
"4637",5,12,"conf_358",5000,173,2710.1252832272,4,5
"4638",5,12,"conf_358",7500,173,490.855782547,4,5
"4639",5,12,"conf_358",250,174,1288929.49058035,4,5
"4640",5,12,"conf_358",500,174,1288929.49058035,4,5
"4641",5,12,"conf_358",1500,174,123229.62261524,4,5
"4642",5,12,"conf_358",2500,174,23504.8627345074,4,5
"4643",5,12,"conf_358",5000,174,1164.0746549135,4,5
"4644",5,12,"conf_358",7500,174,204.34605725,4,5
"4645",5,12,"conf_358",250,175,7377541.24350002,4,5
"4646",5,12,"conf_358",500,175,3365307.40932176,4,5
"4647",5,12,"conf_358",1500,175,289678.244977594,4,5
"4648",5,12,"conf_358",2500,175,42020.0932193296,4,5
"4649",5,12,"conf_358",5000,175,2561.9769358513,4,5
"4650",5,12,"conf_358",7500,175,76.4576428504,4,5
"4651",5,12,"conf_358",250,176,3591498.708072,4,5
"4652",5,12,"conf_358",500,176,1085591.3009183,4,5
"4653",5,12,"conf_358",1500,176,295165.540561032,4,5
"4654",5,12,"conf_358",2500,176,38375.058884842,4,5
"4655",5,12,"conf_358",5000,176,920.8248339931,4,5
"4656",5,12,"conf_358",7500,176,273.8470480119,4,5
"4657",5,12,"conf_358",250,177,1040807.94057525,4,5
"4658",5,12,"conf_358",500,177,952800.362183216,4,5
"4659",5,12,"conf_358",1500,177,160261.963987651,4,5
"4660",5,12,"conf_358",2500,177,49261.9495760517,4,5
"4661",5,12,"conf_358",5000,177,4387.8412953016,4,5
"4662",5,12,"conf_358",7500,177,556.8152833728,4,5
"4663",5,12,"conf_358",250,178,5949821.20174986,4,5
"4664",5,12,"conf_358",500,178,2221896.00339131,4,5
"4665",5,12,"conf_358",1500,178,213466.313246424,4,5
"4666",5,12,"conf_358",2500,178,31458.0579252932,4,5
"4667",5,12,"conf_358",5000,178,711.3320097146,4,5
"4668",5,12,"conf_358",7500,178,287.6201367974,4,5
"4669",5,12,"conf_358",250,179,755826.131915045,4,5
"4670",5,12,"conf_358",500,179,755826.131915045,4,5
"4671",5,12,"conf_358",1500,179,133758.826553526,4,5
"4672",5,12,"conf_358",2500,179,6553.5496028408,4,5
"4673",5,12,"conf_358",5000,179,2453.2631097227,4,5
"4674",5,12,"conf_358",7500,179,552.5565920799,4,5
"4675",5,12,"conf_358",250,180,2170561.07373101,4,5
"4676",5,12,"conf_358",500,180,615731.099892829,4,5
"4677",5,12,"conf_358",1500,180,339156.555149041,4,5
"4678",5,12,"conf_358",2500,180,37262.3514106034,4,5
"4679",5,12,"conf_358",5000,180,941.8660797411,4,5
"4680",5,12,"conf_358",7500,180,235.6069838495,4,5
"4681",5,12,"conf_358",250,181,1846310.99439967,4,5
"4682",5,12,"conf_358",500,181,1846310.99439967,4,5
"4683",5,12,"conf_358",1500,181,477337.445772318,4,5
"4684",5,12,"conf_358",2500,181,24169.7786719027,4,5
"4685",5,12,"conf_358",5000,181,1322.0064782042,4,5
"4686",5,12,"conf_358",7500,181,279.8389812286,4,5
"4687",5,12,"conf_358",250,182,743543.85980797,4,5
"4688",5,12,"conf_358",500,182,743543.85980797,4,5
"4689",5,12,"conf_358",1500,182,20850.6361272135,4,5
"4690",5,12,"conf_358",2500,182,5658.4141528939,4,5
"4691",5,12,"conf_358",5000,182,3357.9197486299,4,5
"4692",5,12,"conf_358",7500,182,293.8073014224,4,5
"4693",5,12,"conf_358",250,183,1510398.6698883,4,5
"4694",5,12,"conf_358",500,183,909817.326447433,4,5
"4695",5,12,"conf_358",1500,183,76161.9166675184,4,5
"4696",5,12,"conf_358",2500,183,14608.7687246709,4,5
"4697",5,12,"conf_358",5000,183,242.8705742493,4,5
"4698",5,12,"conf_358",7500,183,43.6270678961,4,5
"4699",5,12,"conf_358",250,184,2830074.45770095,4,5
"4700",5,12,"conf_358",500,184,1901271.49599372,4,5
"4701",5,12,"conf_358",1500,184,41328.8762483421,4,5
"4702",5,12,"conf_358",2500,184,36008.6277440616,4,5
"4703",5,12,"conf_358",5000,184,4155.2674413153,4,5
"4704",5,12,"conf_358",7500,184,270.1403606158,4,5
"4705",5,12,"conf_358",250,185,2363641.83465751,4,5
"4706",5,12,"conf_358",500,185,297495.163968395,4,5
"4707",5,12,"conf_358",1500,185,155201.639460888,4,5
"4708",5,12,"conf_358",2500,185,46870.7395512787,4,5
"4709",5,12,"conf_358",5000,185,424.8985373726,4,5
"4710",5,12,"conf_358",7500,185,339.7109853223,4,5
"4711",5,12,"conf_358",250,186,2229895.22381813,4,5
"4712",5,12,"conf_358",500,186,1329978.18063648,4,5
"4713",5,12,"conf_358",1500,186,146077.928577342,4,5
"4714",5,12,"conf_358",2500,186,28706.3736325057,4,5
"4715",5,12,"conf_358",5000,186,3548.6996882236,4,5
"4716",5,12,"conf_358",7500,186,29.8676472406,4,5
"4717",5,12,"conf_358",250,187,1754178.52030224,4,5
"4718",5,12,"conf_358",500,187,1754178.52030224,4,5
"4719",5,12,"conf_358",1500,187,256990.001561325,4,5
"4720",5,12,"conf_358",2500,187,60002.1173131943,4,5
"4721",5,12,"conf_358",5000,187,1806.017621194,4,5
"4722",5,12,"conf_358",7500,187,500.7403060772,4,5
"4723",5,12,"conf_358",250,188,7903006.60178035,4,5
"4724",5,12,"conf_358",500,188,3169514.96988276,4,5
"4725",5,12,"conf_358",1500,188,1018753.51837316,4,5
"4726",5,12,"conf_358",2500,188,14507.0448609018,4,5
"4727",5,12,"conf_358",5000,188,8311.255105569,4,5
"4728",5,12,"conf_358",7500,188,1211.5847349439,4,5
"4729",5,12,"conf_358",250,189,3774595.88415821,4,5
"4730",5,12,"conf_358",500,189,628517.052752842,4,5
"4731",5,12,"conf_358",1500,189,143196.399513621,4,5
"4732",5,12,"conf_358",2500,189,20187.124139382,4,5
"4733",5,12,"conf_358",5000,189,1788.4391413866,4,5
"4734",5,12,"conf_358",7500,189,274.8583828761,4,5
"4735",5,12,"conf_358",250,190,2356947.04041083,4,5
"4736",5,12,"conf_358",500,190,822113.004417892,4,5
"4737",5,12,"conf_358",1500,190,330832.111535116,4,5
"4738",5,12,"conf_358",2500,190,38992.6379236105,4,5
"4739",5,12,"conf_358",5000,190,238.7980695346,4,5
"4740",5,12,"conf_358",7500,190,53.0504153118,4,5
"4741",5,12,"conf_358",250,191,4014844.54610502,4,5
"4742",5,12,"conf_358",500,191,1500213.22440807,4,5
"4743",5,12,"conf_358",1500,191,198528.85351675,4,5
"4744",5,12,"conf_358",2500,191,62405.6014426175,4,5
"4745",5,12,"conf_358",5000,191,926.3372496926,4,5
"4746",5,12,"conf_358",7500,191,85.9278467709,4,5
"4747",5,12,"conf_358",250,192,5807087.88077897,4,5
"4748",5,12,"conf_358",500,192,1322746.30063168,4,5
"4749",5,12,"conf_358",1500,192,169720.951301637,4,5
"4750",5,12,"conf_358",2500,192,53933.2071600535,4,5
"4751",5,12,"conf_358",5000,192,1014.1145126042,4,5
"4752",5,12,"conf_358",7500,192,110.5903838126,4,5
"4753",5,12,"conf_358",250,193,3206271.26611019,4,5
"4754",5,12,"conf_358",500,193,2026793.93998603,4,5
"4755",5,12,"conf_358",1500,193,257776.490774952,4,5
"4756",5,12,"conf_358",2500,193,67462.2492492992,4,5
"4757",5,12,"conf_358",5000,193,928.0268312805,4,5
"4758",5,12,"conf_358",7500,193,75.6532796479,4,5
"4759",5,12,"conf_358",250,194,6518313.2650056,4,5
"4760",5,12,"conf_358",500,194,1714284.45852116,4,5
"4761",5,12,"conf_358",1500,194,138428.945023358,4,5
"4762",5,12,"conf_358",2500,194,23718.0098206475,4,5
"4763",5,12,"conf_358",5000,194,979.2680531573,4,5
"4764",5,12,"conf_358",7500,194,427.6301489365,4,5
"4765",5,12,"conf_358",250,195,3058407.77567968,4,5
"4766",5,12,"conf_358",500,195,1026169.7258424,4,5
"4767",5,12,"conf_358",1500,195,76769.1139417809,4,5
"4768",5,12,"conf_358",2500,195,36667.7265856703,4,5
"4769",5,12,"conf_358",5000,195,418.7793107639,4,5
"4770",5,12,"conf_358",7500,195,38.4829305275,4,5
"4771",5,12,"conf_358",250,196,3521929.56498868,4,5
"4772",5,12,"conf_358",500,196,2382613.2568128,4,5
"4773",5,12,"conf_358",1500,196,55925.9230545314,4,5
"4774",5,12,"conf_358",2500,196,8440.1256794002,4,5
"4775",5,12,"conf_358",5000,196,2336.6552863466,4,5
"4776",5,12,"conf_358",7500,196,401.7401601559,4,5
"4777",5,12,"conf_358",250,197,1290742.82602746,4,5
"4778",5,12,"conf_358",500,197,1290742.82602746,4,5
"4779",5,12,"conf_358",1500,197,221645.777064626,4,5
"4780",5,12,"conf_358",2500,197,59850.6609127268,4,5
"4781",5,12,"conf_358",5000,197,1042.9940105402,4,5
"4782",5,12,"conf_358",7500,197,159.059455021,4,5
"4783",5,12,"conf_358",250,198,2985203.45976711,4,5
"4784",5,12,"conf_358",500,198,1954089.0566424,4,5
"4785",5,12,"conf_358",1500,198,15525.8744149621,4,5
"4786",5,12,"conf_358",2500,198,15525.8744149621,4,5
"4787",5,12,"conf_358",5000,198,1517.9104739803,4,5
"4788",5,12,"conf_358",7500,198,263.0025864953,4,5
"4789",5,12,"conf_358",250,199,4680401.69875968,4,5
"4790",5,12,"conf_358",500,199,1682587.93138168,4,5
"4791",5,12,"conf_358",1500,199,140900.268433075,4,5
"4792",5,12,"conf_358",2500,199,51629.6441398232,4,5
"4793",5,12,"conf_358",5000,199,3262.4547090657,4,5
"4794",5,12,"conf_358",7500,199,296.15647551,4,5
"4795",5,12,"conf_358",250,200,1070245.54892599,4,5
"4796",5,12,"conf_358",500,200,1070245.54892599,4,5
"4797",5,12,"conf_358",1500,200,160466.823539214,4,5
"4798",5,12,"conf_358",2500,200,26989.4745983704,4,5
"4799",5,12,"conf_358",5000,200,2731.9138490579,4,5
"4800",5,12,"conf_358",7500,200,275.7085132794,4,5
"4801",5,13,"conf_358",250,1,172.3168634823,2,5
"4802",5,13,"conf_358",500,1,158.6725013418,2,5
"4803",5,13,"conf_358",1500,1,90.6986844279,2,5
"4804",5,13,"conf_358",2500,1,35.4054061752,2,5
"4805",5,13,"conf_358",5000,1,13.4986586577,2,5
"4806",5,13,"conf_358",7500,1,2.8261027852,2,5
"4807",5,13,"conf_358",250,2,358.3631523871,2,5
"4808",5,13,"conf_358",500,2,167.2561405457,2,5
"4809",5,13,"conf_358",1500,2,64.9241842355,2,5
"4810",5,13,"conf_358",2500,2,19.0752284732,2,5
"4811",5,13,"conf_358",5000,2,4.9613435918,2,5
"4812",5,13,"conf_358",7500,2,2.0863705167,2,5
"4813",5,13,"conf_358",250,3,196.3152261341,2,5
"4814",5,13,"conf_358",500,3,127.8073508154,2,5
"4815",5,13,"conf_358",1500,3,53.2969132926,2,5
"4816",5,13,"conf_358",2500,3,27.9282787779,2,5
"4817",5,13,"conf_358",5000,3,7.8181759685,2,5
"4818",5,13,"conf_358",7500,3,1.6945081307,2,5
"4819",5,13,"conf_358",250,4,119.198505362,2,5
"4820",5,13,"conf_358",500,4,119.198505362,2,5
"4821",5,13,"conf_358",1500,4,64.978271744,2,5
"4822",5,13,"conf_358",2500,4,57.7731829103,2,5
"4823",5,13,"conf_358",5000,4,8.4400556276,2,5
"4824",5,13,"conf_358",7500,4,3.9407680258,2,5
"4825",5,13,"conf_358",250,5,265.2511041105,2,5
"4826",5,13,"conf_358",500,5,259.435742451,2,5
"4827",5,13,"conf_358",1500,5,51.793173082,2,5
"4828",5,13,"conf_358",2500,5,38.310755899,2,5
"4829",5,13,"conf_358",5000,5,10.244118962,2,5
"4830",5,13,"conf_358",7500,5,4.6495029701,2,5
"4831",5,13,"conf_358",250,6,335.6952283523,2,5
"4832",5,13,"conf_358",500,6,203.1260635345,2,5
"4833",5,13,"conf_358",1500,6,124.627612705,2,5
"4834",5,13,"conf_358",2500,6,52.8715616513,2,5
"4835",5,13,"conf_358",5000,6,11.8779879267,2,5
"4836",5,13,"conf_358",7500,6,2.6961574312,2,5
"4837",5,13,"conf_358",250,7,250.3571766736,2,5
"4838",5,13,"conf_358",500,7,216.8219095039,2,5
"4839",5,13,"conf_358",1500,7,79.7562847308,2,5
"4840",5,13,"conf_358",2500,7,26.6876922931,2,5
"4841",5,13,"conf_358",5000,7,6.9858386663,2,5
"4842",5,13,"conf_358",7500,7,4.0098010875,2,5
"4843",5,13,"conf_358",250,8,427.5350057733,2,5
"4844",5,13,"conf_358",500,8,175.7515681131,2,5
"4845",5,13,"conf_358",1500,8,99.094996948,2,5
"4846",5,13,"conf_358",2500,8,48.4509242908,2,5
"4847",5,13,"conf_358",5000,8,8.895556787,2,5
"4848",5,13,"conf_358",7500,8,3.1474273974,2,5
"4849",5,13,"conf_358",250,9,158.262059488,2,5
"4850",5,13,"conf_358",500,9,158.262059488,2,5
"4851",5,13,"conf_358",1500,9,67.0618491871,2,5
"4852",5,13,"conf_358",2500,9,49.3608354103,2,5
"4853",5,13,"conf_358",5000,9,8.7171603847,2,5
"4854",5,13,"conf_358",7500,9,2.1033088206,2,5
"4855",5,13,"conf_358",250,10,320.7097782899,2,5
"4856",5,13,"conf_358",500,10,179.0111202562,2,5
"4857",5,13,"conf_358",1500,10,76.6502603702,2,5
"4858",5,13,"conf_358",2500,10,32.4270704466,2,5
"4859",5,13,"conf_358",5000,10,14.044427734,2,5
"4860",5,13,"conf_358",7500,10,2.9756298887,2,5
"4861",5,13,"conf_358",250,11,325.7310239921,2,5
"4862",5,13,"conf_358",500,11,196.3344013928,2,5
"4863",5,13,"conf_358",1500,11,81.2437359292,2,5
"4864",5,13,"conf_358",2500,11,67.0261750207,2,5
"4865",5,13,"conf_358",5000,11,13.5539959851,2,5
"4866",5,13,"conf_358",7500,11,5.3077369685,2,5
"4867",5,13,"conf_358",250,12,261.5462618604,2,5
"4868",5,13,"conf_358",500,12,261.5462618604,2,5
"4869",5,13,"conf_358",1500,12,54.8660745332,2,5
"4870",5,13,"conf_358",2500,12,54.8660745332,2,5
"4871",5,13,"conf_358",5000,12,16.427373412,2,5
"4872",5,13,"conf_358",7500,12,4.5083241387,2,5
"4873",5,13,"conf_358",250,13,328.1779554592,2,5
"4874",5,13,"conf_358",500,13,168.3345203555,2,5
"4875",5,13,"conf_358",1500,13,89.8591176434,2,5
"4876",5,13,"conf_358",2500,13,47.9600246522,2,5
"4877",5,13,"conf_358",5000,13,5.5294343838,2,5
"4878",5,13,"conf_358",7500,13,0.8424883634,2,5
"4879",5,13,"conf_358",250,14,195.4144436819,2,5
"4880",5,13,"conf_358",500,14,152.8284070646,2,5
"4881",5,13,"conf_358",1500,14,50.0432193345,2,5
"4882",5,13,"conf_358",2500,14,24.6893395826,2,5
"4883",5,13,"conf_358",5000,14,8.8076972905,2,5
"4884",5,13,"conf_358",7500,14,2.2632358703,2,5
"4885",5,13,"conf_358",250,15,381.1404129987,2,5
"4886",5,13,"conf_358",500,15,223.2773341039,2,5
"4887",5,13,"conf_358",1500,15,73.2492888629,2,5
"4888",5,13,"conf_358",2500,15,51.1024505111,2,5
"4889",5,13,"conf_358",5000,15,8.9353544116,2,5
"4890",5,13,"conf_358",7500,15,3.5411748826,2,5
"4891",5,13,"conf_358",250,16,334.5792262439,2,5
"4892",5,13,"conf_358",500,16,174.5722489201,2,5
"4893",5,13,"conf_358",1500,16,63.110423424,2,5
"4894",5,13,"conf_358",2500,16,40.5563596813,2,5
"4895",5,13,"conf_358",5000,16,9.2137163285,2,5
"4896",5,13,"conf_358",7500,16,4.1502635224,2,5
"4897",5,13,"conf_358",250,17,161.0130887504,2,5
"4898",5,13,"conf_358",500,17,161.0130887504,2,5
"4899",5,13,"conf_358",1500,17,81.8654383564,2,5
"4900",5,13,"conf_358",2500,17,30.2754856299,2,5
"4901",5,13,"conf_358",5000,17,10.7884980946,2,5
"4902",5,13,"conf_358",7500,17,3.8134419931,2,5
"4903",5,13,"conf_358",250,18,339.7498775502,2,5
"4904",5,13,"conf_358",500,18,206.6452876837,2,5
"4905",5,13,"conf_358",1500,18,80.9425650969,2,5
"4906",5,13,"conf_358",2500,18,57.3882874174,2,5
"4907",5,13,"conf_358",5000,18,9.2466402967,2,5
"4908",5,13,"conf_358",7500,18,3.1484935084,2,5
"4909",5,13,"conf_358",250,19,137.041772772,2,5
"4910",5,13,"conf_358",500,19,137.041772772,2,5
"4911",5,13,"conf_358",1500,19,72.623081712,2,5
"4912",5,13,"conf_358",2500,19,39.0320964443,2,5
"4913",5,13,"conf_358",5000,19,8.9164762984,2,5
"4914",5,13,"conf_358",7500,19,3.6203887616,2,5
"4915",5,13,"conf_358",250,20,242.013581535,2,5
"4916",5,13,"conf_358",500,20,182.5006266395,2,5
"4917",5,13,"conf_358",1500,20,37.960705852,2,5
"4918",5,13,"conf_358",2500,20,36.9122841854,2,5
"4919",5,13,"conf_358",5000,20,8.2362014471,2,5
"4920",5,13,"conf_358",7500,20,3.0951891885,2,5
"4921",5,13,"conf_358",250,21,291.5710993032,2,5
"4922",5,13,"conf_358",500,21,107.4777338003,2,5
"4923",5,13,"conf_358",1500,21,55.7431845204,2,5
"4924",5,13,"conf_358",2500,21,44.9879472627,2,5
"4925",5,13,"conf_358",5000,21,6.5056156375,2,5
"4926",5,13,"conf_358",7500,21,1.9356305311,2,5
"4927",5,13,"conf_358",250,22,221.7710982738,2,5
"4928",5,13,"conf_358",500,22,221.7710982738,2,5
"4929",5,13,"conf_358",1500,22,83.9414194393,2,5
"4930",5,13,"conf_358",2500,22,43.0432921753,2,5
"4931",5,13,"conf_358",5000,22,12.5208230619,2,5
"4932",5,13,"conf_358",7500,22,2.8972701582,2,5
"4933",5,13,"conf_358",250,23,218.1682207847,2,5
"4934",5,13,"conf_358",500,23,158.3514780345,2,5
"4935",5,13,"conf_358",1500,23,36.6366245613,2,5
"4936",5,13,"conf_358",2500,23,31.5471104701,2,5
"4937",5,13,"conf_358",5000,23,14.5143303482,2,5
"4938",5,13,"conf_358",7500,23,3.9907428485,2,5
"4939",5,13,"conf_358",250,24,274.0518106806,2,5
"4940",5,13,"conf_358",500,24,205.6807517088,2,5
"4941",5,13,"conf_358",1500,24,88.4594345675,2,5
"4942",5,13,"conf_358",2500,24,41.2510044253,2,5
"4943",5,13,"conf_358",5000,24,6.865316774,2,5
"4944",5,13,"conf_358",7500,24,3.4600847711,2,5
"4945",5,13,"conf_358",250,25,229.5314901253,2,5
"4946",5,13,"conf_358",500,25,229.5314901253,2,5
"4947",5,13,"conf_358",1500,25,62.7349922134,2,5
"4948",5,13,"conf_358",2500,25,36.7262105214,2,5
"4949",5,13,"conf_358",5000,25,17.6798995877,2,5
"4950",5,13,"conf_358",7500,25,1.5317508472,2,5
"4951",5,13,"conf_358",250,26,280.9296977869,2,5
"4952",5,13,"conf_358",500,26,136.573001551,2,5
"4953",5,13,"conf_358",1500,26,66.4762678391,2,5
"4954",5,13,"conf_358",2500,26,35.4504667194,2,5
"4955",5,13,"conf_358",5000,26,4.4027033783,2,5
"4956",5,13,"conf_358",7500,26,3.2515081426,2,5
"4957",5,13,"conf_358",250,27,172.4024998599,2,5
"4958",5,13,"conf_358",500,27,172.4024998599,2,5
"4959",5,13,"conf_358",1500,27,51.6857014879,2,5
"4960",5,13,"conf_358",2500,27,36.8881913259,2,5
"4961",5,13,"conf_358",5000,27,6.8541045197,2,5
"4962",5,13,"conf_358",7500,27,2.7895079521,2,5
"4963",5,13,"conf_358",250,28,223.1106447375,2,5
"4964",5,13,"conf_358",500,28,188.3673755296,2,5
"4965",5,13,"conf_358",1500,28,50.7024115954,2,5
"4966",5,13,"conf_358",2500,28,18.2497970915,2,5
"4967",5,13,"conf_358",5000,28,15.5365022552,2,5
"4968",5,13,"conf_358",7500,28,2.3238351561,2,5
"4969",5,13,"conf_358",250,29,220.5458361784,2,5
"4970",5,13,"conf_358",500,29,173.9870924044,2,5
"4971",5,13,"conf_358",1500,29,48.7209654224,2,5
"4972",5,13,"conf_358",2500,29,45.057284246,2,5
"4973",5,13,"conf_358",5000,29,4.6569862321,2,5
"4974",5,13,"conf_358",7500,29,1.7950397411,2,5
"4975",5,13,"conf_358",250,30,289.9568337166,2,5
"4976",5,13,"conf_358",500,30,193.9382119723,2,5
"4977",5,13,"conf_358",1500,30,80.6253171306,2,5
"4978",5,13,"conf_358",2500,30,42.5048195269,2,5
"4979",5,13,"conf_358",5000,30,12.8702325914,2,5
"4980",5,13,"conf_358",7500,30,5.7797160157,2,5
"4981",5,13,"conf_358",250,31,321.8392568889,2,5
"4982",5,13,"conf_358",500,31,152.2709370693,2,5
"4983",5,13,"conf_358",1500,31,80.8268360299,2,5
"4984",5,13,"conf_358",2500,31,42.4416001651,2,5
"4985",5,13,"conf_358",5000,31,11.4819904837,2,5
"4986",5,13,"conf_358",7500,31,2.9663090232,2,5
"4987",5,13,"conf_358",250,32,297.8867140885,2,5
"4988",5,13,"conf_358",500,32,297.8867140885,2,5
"4989",5,13,"conf_358",1500,32,87.5500232592,2,5
"4990",5,13,"conf_358",2500,32,42.8368241814,2,5
"4991",5,13,"conf_358",5000,32,13.268568772,2,5
"4992",5,13,"conf_358",7500,32,1.8775537128,2,5
"4993",5,13,"conf_358",250,33,304.451424794,2,5
"4994",5,13,"conf_358",500,33,244.3020822272,2,5
"4995",5,13,"conf_358",1500,33,50.4448235575,2,5
"4996",5,13,"conf_358",2500,33,21.2710404302,2,5
"4997",5,13,"conf_358",5000,33,6.2355387446,2,5
"4998",5,13,"conf_358",7500,33,2.8384767631,2,5
"4999",5,13,"conf_358",250,34,191.6723121454,2,5
"5000",5,13,"conf_358",500,34,191.6723121454,2,5
"5001",5,13,"conf_358",1500,34,87.6448636122,2,5
"5002",5,13,"conf_358",2500,34,31.9361861555,2,5
"5003",5,13,"conf_358",5000,34,12.0988144152,2,5
"5004",5,13,"conf_358",7500,34,3.082120061,2,5
"5005",5,13,"conf_358",250,35,318.5721388406,2,5
"5006",5,13,"conf_358",500,35,224.4735168732,2,5
"5007",5,13,"conf_358",1500,35,35.4294246365,2,5
"5008",5,13,"conf_358",2500,35,35.3675145988,2,5
"5009",5,13,"conf_358",5000,35,9.591593375,2,5
"5010",5,13,"conf_358",7500,35,2.7169170648,2,5
"5011",5,13,"conf_358",250,36,154.7715030252,2,5
"5012",5,13,"conf_358",500,36,154.7715030252,2,5
"5013",5,13,"conf_358",1500,36,63.392054342,2,5
"5014",5,13,"conf_358",2500,36,30.448937734,2,5
"5015",5,13,"conf_358",5000,36,10.2357132186,2,5
"5016",5,13,"conf_358",7500,36,2.8892914232,2,5
"5017",5,13,"conf_358",250,37,275.8246031269,2,5
"5018",5,13,"conf_358",500,37,122.1039648525,2,5
"5019",5,13,"conf_358",1500,37,103.9163729291,2,5
"5020",5,13,"conf_358",2500,37,42.164472814,2,5
"5021",5,13,"conf_358",5000,37,8.3498717163,2,5
"5022",5,13,"conf_358",7500,37,1.9096052679,2,5
"5023",5,13,"conf_358",250,38,274.1779042226,2,5
"5024",5,13,"conf_358",500,38,206.1224432412,2,5
"5025",5,13,"conf_358",1500,38,81.2713877296,2,5
"5026",5,13,"conf_358",2500,38,25.7044228117,2,5
"5027",5,13,"conf_358",5000,38,10.7123902939,2,5
"5028",5,13,"conf_358",7500,38,3.5166495689,2,5
"5029",5,13,"conf_358",250,39,227.7796654771,2,5
"5030",5,13,"conf_358",500,39,188.8516835862,2,5
"5031",5,13,"conf_358",1500,39,34.6507025995,2,5
"5032",5,13,"conf_358",2500,39,34.6507025995,2,5
"5033",5,13,"conf_358",5000,39,11.7013586845,2,5
"5034",5,13,"conf_358",7500,39,1.6027080897,2,5
"5035",5,13,"conf_358",250,40,318.1581921809,2,5
"5036",5,13,"conf_358",500,40,188.6452827991,2,5
"5037",5,13,"conf_358",1500,40,43.5751393672,2,5
"5038",5,13,"conf_358",2500,40,43.5751393672,2,5
"5039",5,13,"conf_358",5000,40,8.3337690035,2,5
"5040",5,13,"conf_358",7500,40,2.2644240509,2,5
"5041",5,13,"conf_358",250,41,231.5495545289,2,5
"5042",5,13,"conf_358",500,41,231.5495545289,2,5
"5043",5,13,"conf_358",1500,41,86.7259587538,2,5
"5044",5,13,"conf_358",2500,41,20.9028414151,2,5
"5045",5,13,"conf_358",5000,41,14.0637224201,2,5
"5046",5,13,"conf_358",7500,41,3.2169000448,2,5
"5047",5,13,"conf_358",250,42,404.2042492091,2,5
"5048",5,13,"conf_358",500,42,158.4184789846,2,5
"5049",5,13,"conf_358",1500,42,66.5211903365,2,5
"5050",5,13,"conf_358",2500,42,28.6411401254,2,5
"5051",5,13,"conf_358",5000,42,11.6990507139,2,5
"5052",5,13,"conf_358",7500,42,3.6615678307,2,5
"5053",5,13,"conf_358",250,43,328.4780365709,2,5
"5054",5,13,"conf_358",500,43,208.0409936394,2,5
"5055",5,13,"conf_358",1500,43,72.0339992665,2,5
"5056",5,13,"conf_358",2500,43,37.9643593646,2,5
"5057",5,13,"conf_358",5000,43,11.8117200246,2,5
"5058",5,13,"conf_358",7500,43,3.4267153887,2,5
"5059",5,13,"conf_358",250,44,364.484769877,2,5
"5060",5,13,"conf_358",500,44,272.5660277436,2,5
"5061",5,13,"conf_358",1500,44,83.1018605061,2,5
"5062",5,13,"conf_358",2500,44,59.7349893446,2,5
"5063",5,13,"conf_358",5000,44,10.4858355321,2,5
"5064",5,13,"conf_358",7500,44,2.6321746376,2,5
"5065",5,13,"conf_358",250,45,297.8988201218,2,5
"5066",5,13,"conf_358",500,45,155.7701926173,2,5
"5067",5,13,"conf_358",1500,45,93.1745355236,2,5
"5068",5,13,"conf_358",2500,45,39.0080727311,2,5
"5069",5,13,"conf_358",5000,45,16.6443630057,2,5
"5070",5,13,"conf_358",7500,45,2.8951089075,2,5
"5071",5,13,"conf_358",250,46,167.8361796307,2,5
"5072",5,13,"conf_358",500,46,167.8361796307,2,5
"5073",5,13,"conf_358",1500,46,90.8734124403,2,5
"5074",5,13,"conf_358",2500,46,55.7205481614,2,5
"5075",5,13,"conf_358",5000,46,11.6740700397,2,5
"5076",5,13,"conf_358",7500,46,4.3568833673,2,5
"5077",5,13,"conf_358",250,47,311.8468851127,2,5
"5078",5,13,"conf_358",500,47,99.9578600367,2,5
"5079",5,13,"conf_358",1500,47,70.1922154479,2,5
"5080",5,13,"conf_358",2500,47,28.0382561219,2,5
"5081",5,13,"conf_358",5000,47,12.850724691,2,5
"5082",5,13,"conf_358",7500,47,3.1775366706,2,5
"5083",5,13,"conf_358",250,48,218.8435924797,2,5
"5084",5,13,"conf_358",500,48,212.1867453939,2,5
"5085",5,13,"conf_358",1500,48,90.6909786763,2,5
"5086",5,13,"conf_358",2500,48,63.3050240683,2,5
"5087",5,13,"conf_358",5000,48,6.3849320088,2,5
"5088",5,13,"conf_358",7500,48,3.2731387727,2,5
"5089",5,13,"conf_358",250,49,146.2358850839,2,5
"5090",5,13,"conf_358",500,49,140.5786348389,2,5
"5091",5,13,"conf_358",1500,49,81.5749461531,2,5
"5092",5,13,"conf_358",2500,49,29.409645755,2,5
"5093",5,13,"conf_358",5000,49,10.6571510659,2,5
"5094",5,13,"conf_358",7500,49,5.6582108447,2,5
"5095",5,13,"conf_358",250,50,251.1158622834,2,5
"5096",5,13,"conf_358",500,50,125.0794468798,2,5
"5097",5,13,"conf_358",1500,50,54.2508496235,2,5
"5098",5,13,"conf_358",2500,50,54.2508496235,2,5
"5099",5,13,"conf_358",5000,50,7.5305494337,2,5
"5100",5,13,"conf_358",7500,50,1.3974633424,2,5
"5101",5,13,"conf_358",250,51,335.0388560398,3,5
"5102",5,13,"conf_358",500,51,276.6983801096,3,5
"5103",5,13,"conf_358",1500,51,45.2398410248,3,5
"5104",5,13,"conf_358",2500,51,34.2380032133,3,5
"5105",5,13,"conf_358",5000,51,10.0945323994,3,5
"5106",5,13,"conf_358",7500,51,4.0922993991,3,5
"5107",5,13,"conf_358",250,52,236.6485224587,3,5
"5108",5,13,"conf_358",500,52,160.3517101822,3,5
"5109",5,13,"conf_358",1500,52,68.706198012,3,5
"5110",5,13,"conf_358",2500,52,42.2689404936,3,5
"5111",5,13,"conf_358",5000,52,13.5068224645,3,5
"5112",5,13,"conf_358",7500,52,3.880782161,3,5
"5113",5,13,"conf_358",250,53,222.2262240915,3,5
"5114",5,13,"conf_358",500,53,134.6103314853,3,5
"5115",5,13,"conf_358",1500,53,64.6544416498,3,5
"5116",5,13,"conf_358",2500,53,25.7403117109,3,5
"5117",5,13,"conf_358",5000,53,4.7271718004,3,5
"5118",5,13,"conf_358",7500,53,2.2959461883,3,5
"5119",5,13,"conf_358",250,54,281.1889964477,3,5
"5120",5,13,"conf_358",500,54,171.8162107956,3,5
"5121",5,13,"conf_358",1500,54,48.6886120521,3,5
"5122",5,13,"conf_358",2500,54,13.8282627891,3,5
"5123",5,13,"conf_358",5000,54,7.4962206196,3,5
"5124",5,13,"conf_358",7500,54,3.6337721035,3,5
"5125",5,13,"conf_358",250,55,75.97483022,3,5
"5126",5,13,"conf_358",500,55,75.97483022,3,5
"5127",5,13,"conf_358",1500,55,71.0660229015,3,5
"5128",5,13,"conf_358",2500,55,15.2543431481,3,5
"5129",5,13,"conf_358",5000,55,10.5693165235,3,5
"5130",5,13,"conf_358",7500,55,2.0954163027,3,5
"5131",5,13,"conf_358",250,56,248.9967023417,3,5
"5132",5,13,"conf_358",500,56,233.4006540306,3,5
"5133",5,13,"conf_358",1500,56,54.4806413885,3,5
"5134",5,13,"conf_358",2500,56,39.396481016,3,5
"5135",5,13,"conf_358",5000,56,7.6874339478,3,5
"5136",5,13,"conf_358",7500,56,1.7166382966,3,5
"5137",5,13,"conf_358",250,57,287.0654326724,3,5
"5138",5,13,"conf_358",500,57,169.0012125173,3,5
"5139",5,13,"conf_358",1500,57,97.6434081226,3,5
"5140",5,13,"conf_358",2500,57,31.2536083435,3,5
"5141",5,13,"conf_358",5000,57,6.9158720712,3,5
"5142",5,13,"conf_358",7500,57,3.1558592545,3,5
"5143",5,13,"conf_358",250,58,131.2466109197,3,5
"5144",5,13,"conf_358",500,58,131.2466109197,3,5
"5145",5,13,"conf_358",1500,58,90.3469529552,3,5
"5146",5,13,"conf_358",2500,58,53.9470848779,3,5
"5147",5,13,"conf_358",5000,58,6.6775031114,3,5
"5148",5,13,"conf_358",7500,58,4.7698325045,3,5
"5149",5,13,"conf_358",250,59,396.9646561232,3,5
"5150",5,13,"conf_358",500,59,230.0731222323,3,5
"5151",5,13,"conf_358",1500,59,91.0040382569,3,5
"5152",5,13,"conf_358",2500,59,35.7427977605,3,5
"5153",5,13,"conf_358",5000,59,7.3046319281,3,5
"5154",5,13,"conf_358",7500,59,3.2943817882,3,5
"5155",5,13,"conf_358",250,60,251.0117444824,3,5
"5156",5,13,"conf_358",500,60,170.9557881372,3,5
"5157",5,13,"conf_358",1500,60,72.7427049718,3,5
"5158",5,13,"conf_358",2500,60,46.1657336585,3,5
"5159",5,13,"conf_358",5000,60,10.3186260244,3,5
"5160",5,13,"conf_358",7500,60,3.16132225,3,5
"5161",5,13,"conf_358",250,61,267.7862222207,3,5
"5162",5,13,"conf_358",500,61,215.1559771711,3,5
"5163",5,13,"conf_358",1500,61,101.372487543,3,5
"5164",5,13,"conf_358",2500,61,44.7523007847,3,5
"5165",5,13,"conf_358",5000,61,6.3535286308,3,5
"5166",5,13,"conf_358",7500,61,3.5022316799,3,5
"5167",5,13,"conf_358",250,62,143.9300242354,3,5
"5168",5,13,"conf_358",500,62,143.9300242354,3,5
"5169",5,13,"conf_358",1500,62,65.9168681686,3,5
"5170",5,13,"conf_358",2500,62,46.2656380004,3,5
"5171",5,13,"conf_358",5000,62,14.7404760559,3,5
"5172",5,13,"conf_358",7500,62,3.0290892369,3,5
"5173",5,13,"conf_358",250,63,282.8825467575,3,5
"5174",5,13,"conf_358",500,63,200.4947761149,3,5
"5175",5,13,"conf_358",1500,63,76.1857867466,3,5
"5176",5,13,"conf_358",2500,63,29.9011002434,3,5
"5177",5,13,"conf_358",5000,63,11.7067890034,3,5
"5178",5,13,"conf_358",7500,63,3.456304777,3,5
"5179",5,13,"conf_358",250,64,482.9281276012,3,5
"5180",5,13,"conf_358",500,64,298.009721498,3,5
"5181",5,13,"conf_358",1500,64,83.0040278556,3,5
"5182",5,13,"conf_358",2500,64,31.2409036566,3,5
"5183",5,13,"conf_358",5000,64,9.3872653494,3,5
"5184",5,13,"conf_358",7500,64,4.2328675251,3,5
"5185",5,13,"conf_358",250,65,299.7952366726,3,5
"5186",5,13,"conf_358",500,65,281.3754075553,3,5
"5187",5,13,"conf_358",1500,65,46.5367785652,3,5
"5188",5,13,"conf_358",2500,65,38.3761535104,3,5
"5189",5,13,"conf_358",5000,65,12.1765509134,3,5
"5190",5,13,"conf_358",7500,65,3.9598860434,3,5
"5191",5,13,"conf_358",250,66,268.0598324664,3,5
"5192",5,13,"conf_358",500,66,169.1892976874,3,5
"5193",5,13,"conf_358",1500,66,79.6049456739,3,5
"5194",5,13,"conf_358",2500,66,18.5861502465,3,5
"5195",5,13,"conf_358",5000,66,9.3909220177,3,5
"5196",5,13,"conf_358",7500,66,4.4476267427,3,5
"5197",5,13,"conf_358",250,67,339.2322146569,3,5
"5198",5,13,"conf_358",500,67,193.3777850775,3,5
"5199",5,13,"conf_358",1500,67,49.235269262,3,5
"5200",5,13,"conf_358",2500,67,36.4037402102,3,5
"5201",5,13,"conf_358",5000,67,12.2438242483,3,5
"5202",5,13,"conf_358",7500,67,2.7070687865,3,5
"5203",5,13,"conf_358",250,68,309.0582000434,3,5
"5204",5,13,"conf_358",500,68,186.6383052151,3,5
"5205",5,13,"conf_358",1500,68,70.0501896107,3,5
"5206",5,13,"conf_358",2500,68,39.0886845506,3,5
"5207",5,13,"conf_358",5000,68,15.5954099678,3,5
"5208",5,13,"conf_358",7500,68,3.5157034175,3,5
"5209",5,13,"conf_358",250,69,141.7914940263,3,5
"5210",5,13,"conf_358",500,69,99.0415268983,3,5
"5211",5,13,"conf_358",1500,69,53.0461099884,3,5
"5212",5,13,"conf_358",2500,69,27.122598789,3,5
"5213",5,13,"conf_358",5000,69,6.7374529604,3,5
"5214",5,13,"conf_358",7500,69,5.7484358352,3,5
"5215",5,13,"conf_358",250,70,217.0457014633,3,5
"5216",5,13,"conf_358",500,70,159.8036674284,3,5
"5217",5,13,"conf_358",1500,70,91.726524798,3,5
"5218",5,13,"conf_358",2500,70,29.5552265683,3,5
"5219",5,13,"conf_358",5000,70,12.4531756262,3,5
"5220",5,13,"conf_358",7500,70,4.4211536431,3,5
"5221",5,13,"conf_358",250,71,317.3970174182,3,5
"5222",5,13,"conf_358",500,71,78.7095235287,3,5
"5223",5,13,"conf_358",1500,71,61.2359491191,3,5
"5224",5,13,"conf_358",2500,71,41.9604480679,3,5
"5225",5,13,"conf_358",5000,71,8.8253336866,3,5
"5226",5,13,"conf_358",7500,71,3.0037980163,3,5
"5227",5,13,"conf_358",250,72,185.8806376351,3,5
"5228",5,13,"conf_358",500,72,185.8806376351,3,5
"5229",5,13,"conf_358",1500,72,89.6258010832,3,5
"5230",5,13,"conf_358",2500,72,44.7749259542,3,5
"5231",5,13,"conf_358",5000,72,9.2109033582,3,5
"5232",5,13,"conf_358",7500,72,5.3484252726,3,5
"5233",5,13,"conf_358",250,73,279.8537525262,3,5
"5234",5,13,"conf_358",500,73,271.4580182312,3,5
"5235",5,13,"conf_358",1500,73,71.748187484,3,5
"5236",5,13,"conf_358",2500,73,47.1138464565,3,5
"5237",5,13,"conf_358",5000,73,7.2450220176,3,5
"5238",5,13,"conf_358",7500,73,2.7268774664,3,5
"5239",5,13,"conf_358",250,74,343.1449440727,3,5
"5240",5,13,"conf_358",500,74,199.4027218534,3,5
"5241",5,13,"conf_358",1500,74,53.5933065855,3,5
"5242",5,13,"conf_358",2500,74,29.0636296104,3,5
"5243",5,13,"conf_358",5000,74,7.2444977738,3,5
"5244",5,13,"conf_358",7500,74,3.1961807343,3,5
"5245",5,13,"conf_358",250,75,379.3804812953,3,5
"5246",5,13,"conf_358",500,75,153.4093496371,3,5
"5247",5,13,"conf_358",1500,75,76.6631536875,3,5
"5248",5,13,"conf_358",2500,75,39.1456078991,3,5
"5249",5,13,"conf_358",5000,75,10.0177333034,3,5
"5250",5,13,"conf_358",7500,75,3.7009875899,3,5
"5251",5,13,"conf_358",250,76,449.2376193841,3,5
"5252",5,13,"conf_358",500,76,77.7654002735,3,5
"5253",5,13,"conf_358",1500,76,45.934961507,3,5
"5254",5,13,"conf_358",2500,76,24.0013670285,3,5
"5255",5,13,"conf_358",5000,76,12.525817387,3,5
"5256",5,13,"conf_358",7500,76,4.9700540977,3,5
"5257",5,13,"conf_358",250,77,364.6319091332,3,5
"5258",5,13,"conf_358",500,77,221.788240918,3,5
"5259",5,13,"conf_358",1500,77,66.7704022779,3,5
"5260",5,13,"conf_358",2500,77,40.7047962569,3,5
"5261",5,13,"conf_358",5000,77,17.2042105745,3,5
"5262",5,13,"conf_358",7500,77,3.2607774678,3,5
"5263",5,13,"conf_358",250,78,176.6936898972,3,5
"5264",5,13,"conf_358",500,78,166.3677365253,3,5
"5265",5,13,"conf_358",1500,78,90.9666628188,3,5
"5266",5,13,"conf_358",2500,78,21.1372614147,3,5
"5267",5,13,"conf_358",5000,78,8.9504086567,3,5
"5268",5,13,"conf_358",7500,78,4.555382215,3,5
"5269",5,13,"conf_358",250,79,277.2163555671,3,5
"5270",5,13,"conf_358",500,79,161.7323317754,3,5
"5271",5,13,"conf_358",1500,79,60.3203853237,3,5
"5272",5,13,"conf_358",2500,79,40.6126065135,3,5
"5273",5,13,"conf_358",5000,79,10.3153450615,3,5
"5274",5,13,"conf_358",7500,79,4.1811044695,3,5
"5275",5,13,"conf_358",250,80,500.3659652308,3,5
"5276",5,13,"conf_358",500,80,215.5830465181,3,5
"5277",5,13,"conf_358",1500,80,89.5900498864,3,5
"5278",5,13,"conf_358",2500,80,46.3471917043,3,5
"5279",5,13,"conf_358",5000,80,9.8260919155,3,5
"5280",5,13,"conf_358",7500,80,4.6642093008,3,5
"5281",5,13,"conf_358",250,81,222.7629086806,3,5
"5282",5,13,"conf_358",500,81,222.7629086806,3,5
"5283",5,13,"conf_358",1500,81,105.8980570586,3,5
"5284",5,13,"conf_358",2500,81,65.2402398326,3,5
"5285",5,13,"conf_358",5000,81,14.9526168176,3,5
"5286",5,13,"conf_358",7500,81,4.9666208718,3,5
"5287",5,13,"conf_358",250,82,174.2401501728,3,5
"5288",5,13,"conf_358",500,82,174.2401501728,3,5
"5289",5,13,"conf_358",1500,82,84.3160389099,3,5
"5290",5,13,"conf_358",2500,82,42.1846353653,3,5
"5291",5,13,"conf_358",5000,82,11.4489290827,3,5
"5292",5,13,"conf_358",7500,82,4.001641662,3,5
"5293",5,13,"conf_358",250,83,266.2209214346,3,5
"5294",5,13,"conf_358",500,83,194.3608135522,3,5
"5295",5,13,"conf_358",1500,83,58.9322869681,3,5
"5296",5,13,"conf_358",2500,83,31.7033126621,3,5
"5297",5,13,"conf_358",5000,83,8.9852352255,3,5
"5298",5,13,"conf_358",7500,83,2.1668015524,3,5
"5299",5,13,"conf_358",250,84,282.9686564931,3,5
"5300",5,13,"conf_358",500,84,163.8154941326,3,5
"5301",5,13,"conf_358",1500,84,58.694787487,3,5
"5302",5,13,"conf_358",2500,84,37.5541899474,3,5
"5303",5,13,"conf_358",5000,84,16.0023970424,3,5
"5304",5,13,"conf_358",7500,84,3.539398957,3,5
"5305",5,13,"conf_358",250,85,200.0946346824,3,5
"5306",5,13,"conf_358",500,85,180.5713251264,3,5
"5307",5,13,"conf_358",1500,85,80.068779657,3,5
"5308",5,13,"conf_358",2500,85,27.8051049488,3,5
"5309",5,13,"conf_358",5000,85,6.362516396,3,5
"5310",5,13,"conf_358",7500,85,4.7955686066,3,5
"5311",5,13,"conf_358",250,86,198.6743855183,3,5
"5312",5,13,"conf_358",500,86,174.9993774031,3,5
"5313",5,13,"conf_358",1500,86,57.7061960552,3,5
"5314",5,13,"conf_358",2500,86,33.0671604726,3,5
"5315",5,13,"conf_358",5000,86,8.3767107106,3,5
"5316",5,13,"conf_358",7500,86,2.4770130064,3,5
"5317",5,13,"conf_358",250,87,170.3239031196,3,5
"5318",5,13,"conf_358",500,87,170.3239031196,3,5
"5319",5,13,"conf_358",1500,87,97.8451136757,3,5
"5320",5,13,"conf_358",2500,87,37.0564650371,3,5
"5321",5,13,"conf_358",5000,87,14.0057791888,3,5
"5322",5,13,"conf_358",7500,87,4.7600842608,3,5
"5323",5,13,"conf_358",250,88,328.3014795494,3,5
"5324",5,13,"conf_358",500,88,246.822222068,3,5
"5325",5,13,"conf_358",1500,88,62.124993691,3,5
"5326",5,13,"conf_358",2500,88,52.2685637036,3,5
"5327",5,13,"conf_358",5000,88,14.3081006112,3,5
"5328",5,13,"conf_358",7500,88,5.4237723894,3,5
"5329",5,13,"conf_358",250,89,248.8265640489,3,5
"5330",5,13,"conf_358",500,89,84.4543046114,3,5
"5331",5,13,"conf_358",1500,89,84.4543046114,3,5
"5332",5,13,"conf_358",2500,89,34.8478010065,3,5
"5333",5,13,"conf_358",5000,89,9.5058097499,3,5
"5334",5,13,"conf_358",7500,89,3.7047595358,3,5
"5335",5,13,"conf_358",250,90,154.6862966323,3,5
"5336",5,13,"conf_358",500,90,132.9138229164,3,5
"5337",5,13,"conf_358",1500,90,74.2083975582,3,5
"5338",5,13,"conf_358",2500,90,43.5881723131,3,5
"5339",5,13,"conf_358",5000,90,14.0517173099,3,5
"5340",5,13,"conf_358",7500,90,2.4334652029,3,5
"5341",5,13,"conf_358",250,91,286.3807248452,3,5
"5342",5,13,"conf_358",500,91,202.1717407038,3,5
"5343",5,13,"conf_358",1500,91,89.4716132921,3,5
"5344",5,13,"conf_358",2500,91,42.2670630641,3,5
"5345",5,13,"conf_358",5000,91,10.3781544335,3,5
"5346",5,13,"conf_358",7500,91,5.4707499319,3,5
"5347",5,13,"conf_358",250,92,249.1295098293,3,5
"5348",5,13,"conf_358",500,92,219.1794438754,3,5
"5349",5,13,"conf_358",1500,92,59.1001713945,3,5
"5350",5,13,"conf_358",2500,92,44.2408813728,3,5
"5351",5,13,"conf_358",5000,92,5.1150985226,3,5
"5352",5,13,"conf_358",7500,92,3.3041686971,3,5
"5353",5,13,"conf_358",250,93,284.5987044266,3,5
"5354",5,13,"conf_358",500,93,270.0884519748,3,5
"5355",5,13,"conf_358",1500,93,82.3475122181,3,5
"5356",5,13,"conf_358",2500,93,39.4039659108,3,5
"5357",5,13,"conf_358",5000,93,14.5772318503,3,5
"5358",5,13,"conf_358",7500,93,4.9414114906,3,5
"5359",5,13,"conf_358",250,94,186.3568619097,3,5
"5360",5,13,"conf_358",500,94,140.9992425167,3,5
"5361",5,13,"conf_358",1500,94,60.3985545974,3,5
"5362",5,13,"conf_358",2500,94,46.6734423529,3,5
"5363",5,13,"conf_358",5000,94,8.6276758045,3,5
"5364",5,13,"conf_358",7500,94,4.0068502586,3,5
"5365",5,13,"conf_358",250,95,338.9113620093,3,5
"5366",5,13,"conf_358",500,95,80.7142097363,3,5
"5367",5,13,"conf_358",1500,95,64.5819804496,3,5
"5368",5,13,"conf_358",2500,95,46.9153020244,3,5
"5369",5,13,"conf_358",5000,95,4.9044899544,3,5
"5370",5,13,"conf_358",7500,95,2.2820511557,3,5
"5371",5,13,"conf_358",250,96,247.7305631467,3,5
"5372",5,13,"conf_358",500,96,247.7305631467,3,5
"5373",5,13,"conf_358",1500,96,38.3919168683,3,5
"5374",5,13,"conf_358",2500,96,38.3919168683,3,5
"5375",5,13,"conf_358",5000,96,6.6753399836,3,5
"5376",5,13,"conf_358",7500,96,2.4213420155,3,5
"5377",5,13,"conf_358",250,97,226.1418526263,3,5
"5378",5,13,"conf_358",500,97,151.7034316376,3,5
"5379",5,13,"conf_358",1500,97,69.5367212946,3,5
"5380",5,13,"conf_358",2500,97,41.7957845665,3,5
"5381",5,13,"conf_358",5000,97,12.9752111666,3,5
"5382",5,13,"conf_358",7500,97,2.4510435071,3,5
"5383",5,13,"conf_358",250,98,174.763847693,3,5
"5384",5,13,"conf_358",500,98,159.5307021765,3,5
"5385",5,13,"conf_358",1500,98,88.4631190578,3,5
"5386",5,13,"conf_358",2500,98,33.365339519,3,5
"5387",5,13,"conf_358",5000,98,7.3932698988,3,5
"5388",5,13,"conf_358",7500,98,3.7521360098,3,5
"5389",5,13,"conf_358",250,99,280.2524039027,3,5
"5390",5,13,"conf_358",500,99,113.3188042527,3,5
"5391",5,13,"conf_358",1500,99,72.0137340231,3,5
"5392",5,13,"conf_358",2500,99,42.9970544029,3,5
"5393",5,13,"conf_358",5000,99,5.7040786866,3,5
"5394",5,13,"conf_358",7500,99,4.357554953,3,5
"5395",5,13,"conf_358",250,100,358.2352841389,3,5
"5396",5,13,"conf_358",500,100,149.1330171904,3,5
"5397",5,13,"conf_358",1500,100,53.1968213801,3,5
"5398",5,13,"conf_358",2500,100,46.9340855141,3,5
"5399",5,13,"conf_358",5000,100,7.7962083493,3,5
"5400",5,13,"conf_358",7500,100,3.110009859,3,5
"5401",5,13,"conf_358",250,101,200.5061240917,4,5
"5402",5,13,"conf_358",500,101,156.7371953708,4,5
"5403",5,13,"conf_358",1500,101,113.5402138316,4,5
"5404",5,13,"conf_358",2500,101,70.1303240287,4,5
"5405",5,13,"conf_358",5000,101,18.3237043348,4,5
"5406",5,13,"conf_358",7500,101,6.4721654757,4,5
"5407",5,13,"conf_358",250,102,386.8173503625,4,5
"5408",5,13,"conf_358",500,102,167.6670097156,4,5
"5409",5,13,"conf_358",1500,102,95.2546885117,4,5
"5410",5,13,"conf_358",2500,102,72.2825197807,4,5
"5411",5,13,"conf_358",5000,102,10.2690944467,4,5
"5412",5,13,"conf_358",7500,102,5.0890902807,4,5
"5413",5,13,"conf_358",250,103,239.5624679459,4,5
"5414",5,13,"conf_358",500,103,63.0919013898,4,5
"5415",5,13,"conf_358",1500,103,49.3706227227,4,5
"5416",5,13,"conf_358",2500,103,46.3763533735,4,5
"5417",5,13,"conf_358",5000,103,13.3170606568,4,5
"5418",5,13,"conf_358",7500,103,2.3625591303,4,5
"5419",5,13,"conf_358",250,104,182.564175499,4,5
"5420",5,13,"conf_358",500,104,182.564175499,4,5
"5421",5,13,"conf_358",1500,104,109.1242900141,4,5
"5422",5,13,"conf_358",2500,104,36.6836642625,4,5
"5423",5,13,"conf_358",5000,104,11.3279035846,4,5
"5424",5,13,"conf_358",7500,104,4.7593078436,4,5
"5425",5,13,"conf_358",250,105,153.2799289814,4,5
"5426",5,13,"conf_358",500,105,153.2799289814,4,5
"5427",5,13,"conf_358",1500,105,71.3504551409,4,5
"5428",5,13,"conf_358",2500,105,58.5860705426,4,5
"5429",5,13,"conf_358",5000,105,9.3758487734,4,5
"5430",5,13,"conf_358",7500,105,3.9819971938,4,5
"5431",5,13,"conf_358",250,106,270.5490817137,4,5
"5432",5,13,"conf_358",500,106,234.1521691127,4,5
"5433",5,13,"conf_358",1500,106,77.4783683574,4,5
"5434",5,13,"conf_358",2500,106,39.1862500952,4,5
"5435",5,13,"conf_358",5000,106,20.1642012675,4,5
"5436",5,13,"conf_358",7500,106,6.2823224864,4,5
"5437",5,13,"conf_358",250,107,252.7140964871,4,5
"5438",5,13,"conf_358",500,107,237.1281933556,4,5
"5439",5,13,"conf_358",1500,107,99.3727644943,4,5
"5440",5,13,"conf_358",2500,107,58.8665454735,4,5
"5441",5,13,"conf_358",5000,107,28.51392324,4,5
"5442",5,13,"conf_358",7500,107,9.0907563529,4,5
"5443",5,13,"conf_358",250,108,269.7689564167,4,5
"5444",5,13,"conf_358",500,108,215.968784194,4,5
"5445",5,13,"conf_358",1500,108,51.3075727772,4,5
"5446",5,13,"conf_358",2500,108,51.3075727772,4,5
"5447",5,13,"conf_358",5000,108,19.9336057978,4,5
"5448",5,13,"conf_358",7500,108,6.2704222677,4,5
"5449",5,13,"conf_358",250,109,386.3235197948,4,5
"5450",5,13,"conf_358",500,109,246.1905785518,4,5
"5451",5,13,"conf_358",1500,109,47.8220864153,4,5
"5452",5,13,"conf_358",2500,109,35.7468636783,4,5
"5453",5,13,"conf_358",5000,109,10.8436557388,4,5
"5454",5,13,"conf_358",7500,109,5.6118922061,4,5
"5455",5,13,"conf_358",250,110,363.0885419697,4,5
"5456",5,13,"conf_358",500,110,144.8947603116,4,5
"5457",5,13,"conf_358",1500,110,100.1423444922,4,5
"5458",5,13,"conf_358",2500,110,30.351525698,4,5
"5459",5,13,"conf_358",5000,110,9.0338976865,4,5
"5460",5,13,"conf_358",7500,110,2.4420210666,4,5
"5461",5,13,"conf_358",250,111,211.4449761782,4,5
"5462",5,13,"conf_358",500,111,203.785092616,4,5
"5463",5,13,"conf_358",1500,111,104.8064148743,4,5
"5464",5,13,"conf_358",2500,111,50.6688708413,4,5
"5465",5,13,"conf_358",5000,111,10.5335572597,4,5
"5466",5,13,"conf_358",7500,111,6.7478781912,4,5
"5467",5,13,"conf_358",250,112,200.2261151309,4,5
"5468",5,13,"conf_358",500,112,191.9492649282,4,5
"5469",5,13,"conf_358",1500,112,98.7441822681,4,5
"5470",5,13,"conf_358",2500,112,83.6660847135,4,5
"5471",5,13,"conf_358",5000,112,16.6764853687,4,5
"5472",5,13,"conf_358",7500,112,5.6177243733,4,5
"5473",5,13,"conf_358",250,113,310.3770188731,4,5
"5474",5,13,"conf_358",500,113,282.8821342102,4,5
"5475",5,13,"conf_358",1500,113,58.1697635994,4,5
"5476",5,13,"conf_358",2500,113,58.1697635994,4,5
"5477",5,13,"conf_358",5000,113,11.8532951113,4,5
"5478",5,13,"conf_358",7500,113,3.2624704771,4,5
"5479",5,13,"conf_358",250,114,297.3004510856,4,5
"5480",5,13,"conf_358",500,114,265.5442258622,4,5
"5481",5,13,"conf_358",1500,114,102.0891808073,4,5
"5482",5,13,"conf_358",2500,114,33.0485469496,4,5
"5483",5,13,"conf_358",5000,114,17.0191093664,4,5
"5484",5,13,"conf_358",7500,114,6.8100223294,4,5
"5485",5,13,"conf_358",250,115,243.5123933267,4,5
"5486",5,13,"conf_358",500,115,243.5123933267,4,5
"5487",5,13,"conf_358",1500,115,129.6078531185,4,5
"5488",5,13,"conf_358",2500,115,65.0118466908,4,5
"5489",5,13,"conf_358",5000,115,18.0881080756,4,5
"5490",5,13,"conf_358",7500,115,5.7077343358,4,5
"5491",5,13,"conf_358",250,116,240.4638582797,4,5
"5492",5,13,"conf_358",500,116,129.4052616302,4,5
"5493",5,13,"conf_358",1500,116,100.8137612308,4,5
"5494",5,13,"conf_358",2500,116,43.0480566102,4,5
"5495",5,13,"conf_358",5000,116,11.5058580862,4,5
"5496",5,13,"conf_358",7500,116,4.5151329233,4,5
"5497",5,13,"conf_358",250,117,402.8549244557,4,5
"5498",5,13,"conf_358",500,117,402.8549244557,4,5
"5499",5,13,"conf_358",1500,117,133.843977698,4,5
"5500",5,13,"conf_358",2500,117,60.7435603524,4,5
"5501",5,13,"conf_358",5000,117,19.8420571011,4,5
"5502",5,13,"conf_358",7500,117,7.1555784228,4,5
"5503",5,13,"conf_358",250,118,317.3009630897,4,5
"5504",5,13,"conf_358",500,118,252.659080493,4,5
"5505",5,13,"conf_358",1500,118,76.6370089106,4,5
"5506",5,13,"conf_358",2500,118,65.8099379765,4,5
"5507",5,13,"conf_358",5000,118,15.9982371554,4,5
"5508",5,13,"conf_358",7500,118,6.2662791688,4,5
"5509",5,13,"conf_358",250,119,313.5243366413,4,5
"5510",5,13,"conf_358",500,119,259.4904922489,4,5
"5511",5,13,"conf_358",1500,119,143.8195501467,4,5
"5512",5,13,"conf_358",2500,119,26.71598552,4,5
"5513",5,13,"conf_358",5000,119,8.1115077224,4,5
"5514",5,13,"conf_358",7500,119,5.4090263166,4,5
"5515",5,13,"conf_358",250,120,228.1079074144,4,5
"5516",5,13,"conf_358",500,120,154.286469959,4,5
"5517",5,13,"conf_358",1500,120,48.4879124081,4,5
"5518",5,13,"conf_358",2500,120,48.4879124081,4,5
"5519",5,13,"conf_358",5000,120,18.8323851491,4,5
"5520",5,13,"conf_358",7500,120,6.2527691166,4,5
"5521",5,13,"conf_358",250,121,257.0504720846,4,5
"5522",5,13,"conf_358",500,121,257.0504720846,4,5
"5523",5,13,"conf_358",1500,121,130.3025752592,4,5
"5524",5,13,"conf_358",2500,121,81.3734540681,4,5
"5525",5,13,"conf_358",5000,121,17.6157372506,4,5
"5526",5,13,"conf_358",7500,121,4.8135661662,4,5
"5527",5,13,"conf_358",250,122,377.3551161197,4,5
"5528",5,13,"conf_358",500,122,130.7012252516,4,5
"5529",5,13,"conf_358",1500,122,116.9676215601,4,5
"5530",5,13,"conf_358",2500,122,57.8663465374,4,5
"5531",5,13,"conf_358",5000,122,14.6840984517,4,5
"5532",5,13,"conf_358",7500,122,8.6891552863,4,5
"5533",5,13,"conf_358",250,123,309.3552012058,4,5
"5534",5,13,"conf_358",500,123,144.213919424,4,5
"5535",5,13,"conf_358",1500,123,64.3977265315,4,5
"5536",5,13,"conf_358",2500,123,40.3388094878,4,5
"5537",5,13,"conf_358",5000,123,15.3545054971,4,5
"5538",5,13,"conf_358",7500,123,6.8161106667,4,5
"5539",5,13,"conf_358",250,124,302.0450174468,4,5
"5540",5,13,"conf_358",500,124,114.0505833288,4,5
"5541",5,13,"conf_358",1500,124,86.1337495727,4,5
"5542",5,13,"conf_358",2500,124,40.9794148459,4,5
"5543",5,13,"conf_358",5000,124,10.6401562927,4,5
"5544",5,13,"conf_358",7500,124,5.9240435811,4,5
"5545",5,13,"conf_358",250,125,384.8070777742,4,5
"5546",5,13,"conf_358",500,125,174.3881993248,4,5
"5547",5,13,"conf_358",1500,125,115.8727929325,4,5
"5548",5,13,"conf_358",2500,125,29.8207922644,4,5
"5549",5,13,"conf_358",5000,125,8.0193519277,4,5
"5550",5,13,"conf_358",7500,125,5.2120296021,4,5
"5551",5,13,"conf_358",250,126,205.2417933606,4,5
"5552",5,13,"conf_358",500,126,159.3065892034,4,5
"5553",5,13,"conf_358",1500,126,77.5297003236,4,5
"5554",5,13,"conf_358",2500,126,47.9165374813,4,5
"5555",5,13,"conf_358",5000,126,11.2359282745,4,5
"5556",5,13,"conf_358",7500,126,5.7809294278,4,5
"5557",5,13,"conf_358",250,127,99.7626203066,4,5
"5558",5,13,"conf_358",500,127,99.7626203066,4,5
"5559",5,13,"conf_358",1500,127,74.7762004097,4,5
"5560",5,13,"conf_358",2500,127,62.9633627596,4,5
"5561",5,13,"conf_358",5000,127,11.301016621,4,5
"5562",5,13,"conf_358",7500,127,6.0241406798,4,5
"5563",5,13,"conf_358",250,128,280.3631777642,4,5
"5564",5,13,"conf_358",500,128,273.4659111901,4,5
"5565",5,13,"conf_358",1500,128,144.5630533841,4,5
"5566",5,13,"conf_358",2500,128,61.5809631184,4,5
"5567",5,13,"conf_358",5000,128,14.095056886,4,5
"5568",5,13,"conf_358",7500,128,5.6029000888,4,5
"5569",5,13,"conf_358",250,129,145.0298471833,4,5
"5570",5,13,"conf_358",500,129,138.8946195035,4,5
"5571",5,13,"conf_358",1500,129,71.7447314177,4,5
"5572",5,13,"conf_358",2500,129,48.5468635804,4,5
"5573",5,13,"conf_358",5000,129,8.6209133018,4,5
"5574",5,13,"conf_358",7500,129,2.5021438998,4,5
"5575",5,13,"conf_358",250,130,254.2267717452,4,5
"5576",5,13,"conf_358",500,130,169.9880328987,4,5
"5577",5,13,"conf_358",1500,130,77.7350311871,4,5
"5578",5,13,"conf_358",2500,130,32.808119742,4,5
"5579",5,13,"conf_358",5000,130,14.7010601469,4,5
"5580",5,13,"conf_358",7500,130,3.8791528116,4,5
"5581",5,13,"conf_358",250,131,451.4871900569,4,5
"5582",5,13,"conf_358",500,131,156.3830489915,4,5
"5583",5,13,"conf_358",1500,131,84.6510990301,4,5
"5584",5,13,"conf_358",2500,131,81.869529899,4,5
"5585",5,13,"conf_358",5000,131,17.0346753309,4,5
"5586",5,13,"conf_358",7500,131,7.5922897812,4,5
"5587",5,13,"conf_358",250,132,300.46720191,4,5
"5588",5,13,"conf_358",500,132,162.7740606948,4,5
"5589",5,13,"conf_358",1500,132,108.1897227228,4,5
"5590",5,13,"conf_358",2500,132,50.4798989433,4,5
"5591",5,13,"conf_358",5000,132,15.6287426788,4,5
"5592",5,13,"conf_358",7500,132,7.091427965,4,5
"5593",5,13,"conf_358",250,133,344.285280695,4,5
"5594",5,13,"conf_358",500,133,254.3299510666,4,5
"5595",5,13,"conf_358",1500,133,124.3632555831,4,5
"5596",5,13,"conf_358",2500,133,39.3881072133,4,5
"5597",5,13,"conf_358",5000,133,14.2013551521,4,5
"5598",5,13,"conf_358",7500,133,6.1907967197,4,5
"5599",5,13,"conf_358",250,134,231.3692177172,4,5
"5600",5,13,"conf_358",500,134,215.2425662487,4,5
"5601",5,13,"conf_358",1500,134,154.416374367,4,5
"5602",5,13,"conf_358",2500,134,64.0791985955,4,5
"5603",5,13,"conf_358",5000,134,17.4509569876,4,5
"5604",5,13,"conf_358",7500,134,6.5413056826,4,5
"5605",5,13,"conf_358",250,135,292.0414555162,4,5
"5606",5,13,"conf_358",500,135,263.4129414043,4,5
"5607",5,13,"conf_358",1500,135,99.1406203202,4,5
"5608",5,13,"conf_358",2500,135,58.1730767656,4,5
"5609",5,13,"conf_358",5000,135,8.1724649451,4,5
"5610",5,13,"conf_358",7500,135,4.2223325788,4,5
"5611",5,13,"conf_358",250,136,201.3245013857,4,5
"5612",5,13,"conf_358",500,136,144.9741846003,4,5
"5613",5,13,"conf_358",1500,136,129.2231047362,4,5
"5614",5,13,"conf_358",2500,136,64.5476428928,4,5
"5615",5,13,"conf_358",5000,136,20.4145318623,4,5
"5616",5,13,"conf_358",7500,136,7.7638013007,4,5
"5617",5,13,"conf_358",250,137,232.6104945455,4,5
"5618",5,13,"conf_358",500,137,226.1295298925,4,5
"5619",5,13,"conf_358",1500,137,158.1698074967,4,5
"5620",5,13,"conf_358",2500,137,44.0057690195,4,5
"5621",5,13,"conf_358",5000,137,13.9439899779,4,5
"5622",5,13,"conf_358",7500,137,4.0302722731,4,5
"5623",5,13,"conf_358",250,138,306.9938552775,4,5
"5624",5,13,"conf_358",500,138,147.2686621813,4,5
"5625",5,13,"conf_358",1500,138,94.9799841138,4,5
"5626",5,13,"conf_358",2500,138,32.2348049941,4,5
"5627",5,13,"conf_358",5000,138,23.6599021878,4,5
"5628",5,13,"conf_358",7500,138,5.7060869716,4,5
"5629",5,13,"conf_358",250,139,314.1948405936,4,5
"5630",5,13,"conf_358",500,139,220.8813772813,4,5
"5631",5,13,"conf_358",1500,139,127.1653770106,4,5
"5632",5,13,"conf_358",2500,139,58.4154114622,4,5
"5633",5,13,"conf_358",5000,139,17.0476293585,4,5
"5634",5,13,"conf_358",7500,139,8.8780046634,4,5
"5635",5,13,"conf_358",250,140,273.8500401179,4,5
"5636",5,13,"conf_358",500,140,243.0476684828,4,5
"5637",5,13,"conf_358",1500,140,44.3560560292,4,5
"5638",5,13,"conf_358",2500,140,34.8373419211,4,5
"5639",5,13,"conf_358",5000,140,19.3724821831,4,5
"5640",5,13,"conf_358",7500,140,2.707332899,4,5
"5641",5,13,"conf_358",250,141,242.333174536,4,5
"5642",5,13,"conf_358",500,141,90.1169648883,4,5
"5643",5,13,"conf_358",1500,141,90.1169648883,4,5
"5644",5,13,"conf_358",2500,141,61.3547209441,4,5
"5645",5,13,"conf_358",5000,141,14.5132008808,4,5
"5646",5,13,"conf_358",7500,141,5.1401122504,4,5
"5647",5,13,"conf_358",250,142,299.6396903226,4,5
"5648",5,13,"conf_358",500,142,169.9610695936,4,5
"5649",5,13,"conf_358",1500,142,104.7528925358,4,5
"5650",5,13,"conf_358",2500,142,18.0344637241,4,5
"5651",5,13,"conf_358",5000,142,13.2268674335,4,5
"5652",5,13,"conf_358",7500,142,4.8615103147,4,5
"5653",5,13,"conf_358",250,143,307.7825764572,4,5
"5654",5,13,"conf_358",500,143,110.7660345527,4,5
"5655",5,13,"conf_358",1500,143,93.0360470906,4,5
"5656",5,13,"conf_358",2500,143,56.4817567918,4,5
"5657",5,13,"conf_358",5000,143,14.6972016046,4,5
"5658",5,13,"conf_358",7500,143,2.1501279316,4,5
"5659",5,13,"conf_358",250,144,213.120818297,4,5
"5660",5,13,"conf_358",500,144,213.120818297,4,5
"5661",5,13,"conf_358",1500,144,43.3345801951,4,5
"5662",5,13,"conf_358",2500,144,41.2297721943,4,5
"5663",5,13,"conf_358",5000,144,15.8154442046,4,5
"5664",5,13,"conf_358",7500,144,6.9437003639,4,5
"5665",5,13,"conf_358",250,145,249.5324361061,4,5
"5666",5,13,"conf_358",500,145,249.5324361061,4,5
"5667",5,13,"conf_358",1500,145,61.4954354327,4,5
"5668",5,13,"conf_358",2500,145,54.5748133759,4,5
"5669",5,13,"conf_358",5000,145,15.6841723344,4,5
"5670",5,13,"conf_358",7500,145,6.0223505461,4,5
"5671",5,13,"conf_358",250,146,315.6336547795,4,5
"5672",5,13,"conf_358",500,146,269.4834612966,4,5
"5673",5,13,"conf_358",1500,146,134.8183460118,4,5
"5674",5,13,"conf_358",2500,146,71.0465362918,4,5
"5675",5,13,"conf_358",5000,146,13.0013092492,4,5
"5676",5,13,"conf_358",7500,146,5.5826413958,4,5
"5677",5,13,"conf_358",250,147,357.8503444085,4,5
"5678",5,13,"conf_358",500,147,259.7604720368,4,5
"5679",5,13,"conf_358",1500,147,93.0559217335,4,5
"5680",5,13,"conf_358",2500,147,45.5328827244,4,5
"5681",5,13,"conf_358",5000,147,21.6486435024,4,5
"5682",5,13,"conf_358",7500,147,7.1733972576,4,5
"5683",5,13,"conf_358",250,148,324.9063868187,4,5
"5684",5,13,"conf_358",500,148,289.6083922361,4,5
"5685",5,13,"conf_358",1500,148,138.7153710667,4,5
"5686",5,13,"conf_358",2500,148,82.578809583,4,5
"5687",5,13,"conf_358",5000,148,29.2507931807,4,5
"5688",5,13,"conf_358",7500,148,8.3421664242,4,5
"5689",5,13,"conf_358",250,149,113.0796078655,4,5
"5690",5,13,"conf_358",500,149,113.0796078655,4,5
"5691",5,13,"conf_358",1500,149,113.0796078655,4,5
"5692",5,13,"conf_358",2500,149,73.7093857542,4,5
"5693",5,13,"conf_358",5000,149,23.1781305588,4,5
"5694",5,13,"conf_358",7500,149,7.2190549968,4,5
"5695",5,13,"conf_358",250,150,365.6632827536,4,5
"5696",5,13,"conf_358",500,150,216.1967296566,4,5
"5697",5,13,"conf_358",1500,150,96.0656234252,4,5
"5698",5,13,"conf_358",2500,150,39.3640117303,4,5
"5699",5,13,"conf_358",5000,150,20.4151762586,4,5
"5700",5,13,"conf_358",7500,150,5.6101712492,4,5
"5701",5,13,"conf_358",250,151,243.0812468675,1,5
"5702",5,13,"conf_358",500,151,166.4996555441,1,5
"5703",5,13,"conf_358",1500,151,58.6712767219,1,5
"5704",5,13,"conf_358",2500,151,40.1537288494,1,5
"5705",5,13,"conf_358",5000,151,6.2729783885,1,5
"5706",5,13,"conf_358",7500,151,2.4180222641,1,5
"5707",5,13,"conf_358",250,152,225.2409642023,1,5
"5708",5,13,"conf_358",500,152,225.2409642023,1,5
"5709",5,13,"conf_358",1500,152,93.8346793939,1,5
"5710",5,13,"conf_358",2500,152,56.4560390497,1,5
"5711",5,13,"conf_358",5000,152,12.3447562288,1,5
"5712",5,13,"conf_358",7500,152,5.3467206105,1,5
"5713",5,13,"conf_358",250,153,384.1071423893,1,5
"5714",5,13,"conf_358",500,153,156.678161374,1,5
"5715",5,13,"conf_358",1500,153,47.6097032651,1,5
"5716",5,13,"conf_358",2500,153,38.1574254081,1,5
"5717",5,13,"conf_358",5000,153,14.5853262156,1,5
"5718",5,13,"conf_358",7500,153,1.561064065,1,5
"5719",5,13,"conf_358",250,154,209.8950502059,1,5
"5720",5,13,"conf_358",500,154,209.8950502059,1,5
"5721",5,13,"conf_358",1500,154,115.4328341057,1,5
"5722",5,13,"conf_358",2500,154,44.7761485571,1,5
"5723",5,13,"conf_358",5000,154,16.9765275084,1,5
"5724",5,13,"conf_358",7500,154,3.7814920328,1,5
"5725",5,13,"conf_358",250,155,296.8816122783,1,5
"5726",5,13,"conf_358",500,155,205.6191689632,1,5
"5727",5,13,"conf_358",1500,155,65.2399460722,1,5
"5728",5,13,"conf_358",2500,155,41.9706333451,1,5
"5729",5,13,"conf_358",5000,155,8.2951709347,1,5
"5730",5,13,"conf_358",7500,155,5.2459430695,1,5
"5731",5,13,"conf_358",250,156,352.7025042464,1,5
"5732",5,13,"conf_358",500,156,269.3813025485,1,5
"5733",5,13,"conf_358",1500,156,58.4809560936,1,5
"5734",5,13,"conf_358",2500,156,58.1257071303,1,5
"5735",5,13,"conf_358",5000,156,12.1750776098,1,5
"5736",5,13,"conf_358",7500,156,4.6495847079,1,5
"5737",5,13,"conf_358",250,157,158.444735058,1,5
"5738",5,13,"conf_358",500,157,158.444735058,1,5
"5739",5,13,"conf_358",1500,157,94.6412888321,1,5
"5740",5,13,"conf_358",2500,157,5.6429926828,1,5
"5741",5,13,"conf_358",5000,157,5.6429926828,1,5
"5742",5,13,"conf_358",7500,157,4.3662009022,1,5
"5743",5,13,"conf_358",250,158,382.5078146806,1,5
"5744",5,13,"conf_358",500,158,219.8248048937,1,5
"5745",5,13,"conf_358",1500,158,119.760843901,1,5
"5746",5,13,"conf_358",2500,158,46.6412647235,1,5
"5747",5,13,"conf_358",5000,158,17.6317851706,1,5
"5748",5,13,"conf_358",7500,158,4.9205408308,1,5
"5749",5,13,"conf_358",250,159,175.3815418013,1,5
"5750",5,13,"conf_358",500,159,136.9504098119,1,5
"5751",5,13,"conf_358",1500,159,84.172910223,1,5
"5752",5,13,"conf_358",2500,159,42.679335328,1,5
"5753",5,13,"conf_358",5000,159,9.1469336946,1,5
"5754",5,13,"conf_358",7500,159,3.7690211573,1,5
"5755",5,13,"conf_358",250,160,239.7187843002,1,5
"5756",5,13,"conf_358",500,160,239.7187843002,1,5
"5757",5,13,"conf_358",1500,160,100.9720369539,1,5
"5758",5,13,"conf_358",2500,160,57.3475721587,1,5
"5759",5,13,"conf_358",5000,160,10.7201366467,1,5
"5760",5,13,"conf_358",7500,160,2.9969278371,1,5
"5761",5,13,"conf_358",250,161,132.4900210859,1,5
"5762",5,13,"conf_358",500,161,132.4900210859,1,5
"5763",5,13,"conf_358",1500,161,79.1362964159,1,5
"5764",5,13,"conf_358",2500,161,37.6280668066,1,5
"5765",5,13,"conf_358",5000,161,8.4247062392,1,5
"5766",5,13,"conf_358",7500,161,3.3250046367,1,5
"5767",5,13,"conf_358",250,162,155.4616497109,1,5
"5768",5,13,"conf_358",500,162,155.4616497109,1,5
"5769",5,13,"conf_358",1500,162,117.4580726871,1,5
"5770",5,13,"conf_358",2500,162,24.3275594923,1,5
"5771",5,13,"conf_358",5000,162,14.2865843826,1,5
"5772",5,13,"conf_358",7500,162,2.8759194578,1,5
"5773",5,13,"conf_358",250,163,288.9151315414,1,5
"5774",5,13,"conf_358",500,163,215.7356228329,1,5
"5775",5,13,"conf_358",1500,163,81.9787036609,1,5
"5776",5,13,"conf_358",2500,163,44.2750240822,1,5
"5777",5,13,"conf_358",5000,163,9.8535096692,1,5
"5778",5,13,"conf_358",7500,163,5.1383789488,1,5
"5779",5,13,"conf_358",250,164,186.5531771621,1,5
"5780",5,13,"conf_358",500,164,64.1680961885,1,5
"5781",5,13,"conf_358",1500,164,64.1680961885,1,5
"5782",5,13,"conf_358",2500,164,50.2549767509,1,5
"5783",5,13,"conf_358",5000,164,7.0464758289,1,5
"5784",5,13,"conf_358",7500,164,3.6649015098,1,5
"5785",5,13,"conf_358",250,165,358.5481019162,1,5
"5786",5,13,"conf_358",500,165,228.5539481799,1,5
"5787",5,13,"conf_358",1500,165,63.7060269195,1,5
"5788",5,13,"conf_358",2500,165,55.6451714533,1,5
"5789",5,13,"conf_358",5000,165,12.770894829,1,5
"5790",5,13,"conf_358",7500,165,6.3647481808,1,5
"5791",5,13,"conf_358",250,166,288.0752249896,1,5
"5792",5,13,"conf_358",500,166,222.1885378144,1,5
"5793",5,13,"conf_358",1500,166,98.9502373808,1,5
"5794",5,13,"conf_358",2500,166,64.1244633821,1,5
"5795",5,13,"conf_358",5000,166,8.1952509017,1,5
"5796",5,13,"conf_358",7500,166,5.2156578784,1,5
"5797",5,13,"conf_358",250,167,229.3938020221,1,5
"5798",5,13,"conf_358",500,167,229.3938020221,1,5
"5799",5,13,"conf_358",1500,167,79.4039892651,1,5
"5800",5,13,"conf_358",2500,167,71.7084152453,1,5
"5801",5,13,"conf_358",5000,167,18.9953443822,1,5
"5802",5,13,"conf_358",7500,167,2.5923920577,1,5
"5803",5,13,"conf_358",250,168,205.4415857197,1,5
"5804",5,13,"conf_358",500,168,157.5031769272,1,5
"5805",5,13,"conf_358",1500,168,67.5719599281,1,5
"5806",5,13,"conf_358",2500,168,43.0703108381,1,5
"5807",5,13,"conf_358",5000,168,7.2254605562,1,5
"5808",5,13,"conf_358",7500,168,3.0660220953,1,5
"5809",5,13,"conf_358",250,169,391.2454586049,1,5
"5810",5,13,"conf_358",500,169,185.4425056804,1,5
"5811",5,13,"conf_358",1500,169,116.6857621269,1,5
"5812",5,13,"conf_358",2500,169,46.8290542122,1,5
"5813",5,13,"conf_358",5000,169,7.4176029178,1,5
"5814",5,13,"conf_358",7500,169,1.9820902537,1,5
"5815",5,13,"conf_358",250,170,324.261532414,1,5
"5816",5,13,"conf_358",500,170,149.7019640948,1,5
"5817",5,13,"conf_358",1500,170,95.1004666001,1,5
"5818",5,13,"conf_358",2500,170,37.9180536559,1,5
"5819",5,13,"conf_358",5000,170,10.2176586493,1,5
"5820",5,13,"conf_358",7500,170,2.7595734495,1,5
"5821",5,13,"conf_358",250,171,307.3216408412,1,5
"5822",5,13,"conf_358",500,171,212.7778054401,1,5
"5823",5,13,"conf_358",1500,171,63.8828671107,1,5
"5824",5,13,"conf_358",2500,171,63.8828671107,1,5
"5825",5,13,"conf_358",5000,171,10.6957553568,1,5
"5826",5,13,"conf_358",7500,171,3.9236710129,1,5
"5827",5,13,"conf_358",250,172,326.0018466134,1,5
"5828",5,13,"conf_358",500,172,304.0215336404,1,5
"5829",5,13,"conf_358",1500,172,112.2447252917,1,5
"5830",5,13,"conf_358",2500,172,57.4208737045,1,5
"5831",5,13,"conf_358",5000,172,21.8535111659,1,5
"5832",5,13,"conf_358",7500,172,4.6628211801,1,5
"5833",5,13,"conf_358",250,173,296.792289644,1,5
"5834",5,13,"conf_358",500,173,254.9163096134,1,5
"5835",5,13,"conf_358",1500,173,63.4220008495,1,5
"5836",5,13,"conf_358",2500,173,48.6733657754,1,5
"5837",5,13,"conf_358",5000,173,10.2345799666,1,5
"5838",5,13,"conf_358",7500,173,3.676341253,1,5
"5839",5,13,"conf_358",250,174,397.8458207532,1,5
"5840",5,13,"conf_358",500,174,208.3254344752,1,5
"5841",5,13,"conf_358",1500,174,95.6860747666,1,5
"5842",5,13,"conf_358",2500,174,42.1677440083,1,5
"5843",5,13,"conf_358",5000,174,6.9685113007,1,5
"5844",5,13,"conf_358",7500,174,3.2585277461,1,5
"5845",5,13,"conf_358",250,175,239.4381218805,1,5
"5846",5,13,"conf_358",500,175,239.4381218805,1,5
"5847",5,13,"conf_358",1500,175,84.7950923027,1,5
"5848",5,13,"conf_358",2500,175,38.8409170727,1,5
"5849",5,13,"conf_358",5000,175,15.2549216835,1,5
"5850",5,13,"conf_358",7500,175,5.5492893756,1,5
"5851",5,13,"conf_358",250,176,368.2014687108,1,5
"5852",5,13,"conf_358",500,176,251.430733751,1,5
"5853",5,13,"conf_358",1500,176,167.1046793823,1,5
"5854",5,13,"conf_358",2500,176,53.2856752436,1,5
"5855",5,13,"conf_358",5000,176,20.5334782874,1,5
"5856",5,13,"conf_358",7500,176,4.6756003916,1,5
"5857",5,13,"conf_358",250,177,314.2139853977,1,5
"5858",5,13,"conf_358",500,177,128.6306727649,1,5
"5859",5,13,"conf_358",1500,177,70.2396403374,1,5
"5860",5,13,"conf_358",2500,177,37.571748844,1,5
"5861",5,13,"conf_358",5000,177,7.4222762111,1,5
"5862",5,13,"conf_358",7500,177,3.3672348745,1,5
"5863",5,13,"conf_358",250,178,300.857798792,1,5
"5864",5,13,"conf_358",500,178,231.4035399975,1,5
"5865",5,13,"conf_358",1500,178,55.6024969502,1,5
"5866",5,13,"conf_358",2500,178,55.6024969502,1,5
"5867",5,13,"conf_358",5000,178,19.166891334,1,5
"5868",5,13,"conf_358",7500,178,4.2481291732,1,5
"5869",5,13,"conf_358",250,179,319.4747045811,1,5
"5870",5,13,"conf_358",500,179,123.8450081543,1,5
"5871",5,13,"conf_358",1500,179,123.8450081543,1,5
"5872",5,13,"conf_358",2500,179,60.9855306568,1,5
"5873",5,13,"conf_358",5000,179,16.1704133324,1,5
"5874",5,13,"conf_358",7500,179,4.8380434448,1,5
"5875",5,13,"conf_358",250,180,264.8330425395,1,5
"5876",5,13,"conf_358",500,180,183.7121536296,1,5
"5877",5,13,"conf_358",1500,180,74.8964094428,1,5
"5878",5,13,"conf_358",2500,180,33.9369860261,1,5
"5879",5,13,"conf_358",5000,180,14.3368502156,1,5
"5880",5,13,"conf_358",7500,180,4.5791517898,1,5
"5881",5,13,"conf_358",250,181,389.3216073748,1,5
"5882",5,13,"conf_358",500,181,277.3664784,1,5
"5883",5,13,"conf_358",1500,181,74.9183757808,1,5
"5884",5,13,"conf_358",2500,181,51.8910433163,1,5
"5885",5,13,"conf_358",5000,181,13.205612028,1,5
"5886",5,13,"conf_358",7500,181,4.952178211,1,5
"5887",5,13,"conf_358",250,182,273.8132478491,1,5
"5888",5,13,"conf_358",500,182,227.4012814355,1,5
"5889",5,13,"conf_358",1500,182,106.0224097211,1,5
"5890",5,13,"conf_358",2500,182,29.1349307875,1,5
"5891",5,13,"conf_358",5000,182,17.431117592,1,5
"5892",5,13,"conf_358",7500,182,2.9844860806,1,5
"5893",5,13,"conf_358",250,183,278.8084156718,1,5
"5894",5,13,"conf_358",500,183,114.768648069,1,5
"5895",5,13,"conf_358",1500,183,104.294646322,1,5
"5896",5,13,"conf_358",2500,183,29.8461287459,1,5
"5897",5,13,"conf_358",5000,183,10.173770274,1,5
"5898",5,13,"conf_358",7500,183,5.3299286789,1,5
"5899",5,13,"conf_358",250,184,178.1491685589,1,5
"5900",5,13,"conf_358",500,184,172.7129333815,1,5
"5901",5,13,"conf_358",1500,184,102.4161102446,1,5
"5902",5,13,"conf_358",2500,184,24.0373882235,1,5
"5903",5,13,"conf_358",5000,184,12.7713907019,1,5
"5904",5,13,"conf_358",7500,184,4.2696920551,1,5
"5905",5,13,"conf_358",250,185,167.8486327837,1,5
"5906",5,13,"conf_358",500,185,167.8486327837,1,5
"5907",5,13,"conf_358",1500,185,35.9024667077,1,5
"5908",5,13,"conf_358",2500,185,35.9024667077,1,5
"5909",5,13,"conf_358",5000,185,9.1592468769,1,5
"5910",5,13,"conf_358",7500,185,4.8625059828,1,5
"5911",5,13,"conf_358",250,186,275.9055186468,1,5
"5912",5,13,"conf_358",500,186,144.1912411659,1,5
"5913",5,13,"conf_358",1500,186,91.62134161,1,5
"5914",5,13,"conf_358",2500,186,35.1671684614,1,5
"5915",5,13,"conf_358",5000,186,16.1867305528,1,5
"5916",5,13,"conf_358",7500,186,4.1977166483,1,5
"5917",5,13,"conf_358",250,187,172.5725126864,1,5
"5918",5,13,"conf_358",500,187,172.5725126864,1,5
"5919",5,13,"conf_358",1500,187,105.5645738054,1,5
"5920",5,13,"conf_358",2500,187,51.1175777044,1,5
"5921",5,13,"conf_358",5000,187,15.609645299,1,5
"5922",5,13,"conf_358",7500,187,5.197655641,1,5
"5923",5,13,"conf_358",250,188,315.2153865464,1,5
"5924",5,13,"conf_358",500,188,276.8220489948,1,5
"5925",5,13,"conf_358",1500,188,69.863791765,1,5
"5926",5,13,"conf_358",2500,188,69.863791765,1,5
"5927",5,13,"conf_358",5000,188,13.5056296033,1,5
"5928",5,13,"conf_358",7500,188,4.59766658,1,5
"5929",5,13,"conf_358",250,189,261.1085515553,1,5
"5930",5,13,"conf_358",500,189,177.4696354201,1,5
"5931",5,13,"conf_358",1500,189,59.0324462671,1,5
"5932",5,13,"conf_358",2500,189,44.1274440157,1,5
"5933",5,13,"conf_358",5000,189,14.0632326422,1,5
"5934",5,13,"conf_358",7500,189,2.3772888157,1,5
"5935",5,13,"conf_358",250,190,225.1669276836,1,5
"5936",5,13,"conf_358",500,190,178.0206046415,1,5
"5937",5,13,"conf_358",1500,190,77.7152900714,1,5
"5938",5,13,"conf_358",2500,190,43.9784432961,1,5
"5939",5,13,"conf_358",5000,190,8.5760179448,1,5
"5940",5,13,"conf_358",7500,190,2.5177765894,1,5
"5941",5,13,"conf_358",250,191,281.9046020819,1,5
"5942",5,13,"conf_358",500,191,281.9046020819,1,5
"5943",5,13,"conf_358",1500,191,102.0660078246,1,5
"5944",5,13,"conf_358",2500,191,47.0977629967,1,5
"5945",5,13,"conf_358",5000,191,9.4543078578,1,5
"5946",5,13,"conf_358",7500,191,3.3265654778,1,5
"5947",5,13,"conf_358",250,192,234.4828627682,1,5
"5948",5,13,"conf_358",500,192,234.4828627682,1,5
"5949",5,13,"conf_358",1500,192,63.7684945366,1,5
"5950",5,13,"conf_358",2500,192,23.1788248288,1,5
"5951",5,13,"conf_358",5000,192,12.8470359041,1,5
"5952",5,13,"conf_358",7500,192,3.9674482221,1,5
"5953",5,13,"conf_358",250,193,244.180039772,1,5
"5954",5,13,"conf_358",500,193,239.5798031432,1,5
"5955",5,13,"conf_358",1500,193,81.3133550202,1,5
"5956",5,13,"conf_358",2500,193,32.1026524409,1,5
"5957",5,13,"conf_358",5000,193,9.100694476,1,5
"5958",5,13,"conf_358",7500,193,5.1823883133,1,5
"5959",5,13,"conf_358",250,194,287.1902524683,1,5
"5960",5,13,"conf_358",500,194,252.0002850819,1,5
"5961",5,13,"conf_358",1500,194,90.7307337218,1,5
"5962",5,13,"conf_358",2500,194,38.8188284023,1,5
"5963",5,13,"conf_358",5000,194,14.0495398123,1,5
"5964",5,13,"conf_358",7500,194,3.741027583,1,5
"5965",5,13,"conf_358",250,195,268.7237365744,1,5
"5966",5,13,"conf_358",500,195,250.1552549833,1,5
"5967",5,13,"conf_358",1500,195,108.459794533,1,5
"5968",5,13,"conf_358",2500,195,31.6051143042,1,5
"5969",5,13,"conf_358",5000,195,14.6495214606,1,5
"5970",5,13,"conf_358",7500,195,2.8689929709,1,5
"5971",5,13,"conf_358",250,196,318.1071444486,1,5
"5972",5,13,"conf_358",500,196,99.3897320698,1,5
"5973",5,13,"conf_358",1500,196,54.594505762,1,5
"5974",5,13,"conf_358",2500,196,29.7704790587,1,5
"5975",5,13,"conf_358",5000,196,11.746505107,1,5
"5976",5,13,"conf_358",7500,196,6.0646085419,1,5
"5977",5,13,"conf_358",250,197,420.4465390786,1,5
"5978",5,13,"conf_358",500,197,186.4615721479,1,5
"5979",5,13,"conf_358",1500,197,94.423818074,1,5
"5980",5,13,"conf_358",2500,197,71.42913594,1,5
"5981",5,13,"conf_358",5000,197,11.1818692222,1,5
"5982",5,13,"conf_358",7500,197,2.2897868487,1,5
"5983",5,13,"conf_358",250,198,269.5071792108,1,5
"5984",5,13,"conf_358",500,198,179.215275746,1,5
"5985",5,13,"conf_358",1500,198,100.8413076076,1,5
"5986",5,13,"conf_358",2500,198,33.0088776084,1,5
"5987",5,13,"conf_358",5000,198,10.3354335723,1,5
"5988",5,13,"conf_358",7500,198,5.7658544037,1,5
"5989",5,13,"conf_358",250,199,290.9681878867,1,5
"5990",5,13,"conf_358",500,199,110.6509944784,1,5
"5991",5,13,"conf_358",1500,199,84.0159736672,1,5
"5992",5,13,"conf_358",2500,199,24.0973755124,1,5
"5993",5,13,"conf_358",5000,199,12.4500782786,1,5
"5994",5,13,"conf_358",7500,199,4.7370602678,1,5
"5995",5,13,"conf_358",250,200,358.5341821722,1,5
"5996",5,13,"conf_358",500,200,128.0912084146,1,5
"5997",5,13,"conf_358",1500,200,63.9657677219,1,5
"5998",5,13,"conf_358",2500,200,42.0767843026,1,5
"5999",5,13,"conf_358",5000,200,12.2183022386,1,5
"6000",5,13,"conf_358",7500,200,3.9942760077,1,5
"6001",5,14,"conf_358",250,1,1.7677669713,1,5
"6002",5,14,"conf_358",500,1,1.7677669713,1,5
"6003",5,14,"conf_358",1500,1,0.4626845758,1,5
"6004",5,14,"conf_358",2500,1,0.0729291759,1,5
"6005",5,14,"conf_358",5000,1,0.0075762856,1,5
"6006",5,14,"conf_358",7500,1,0.002104071,1,5
"6007",5,14,"conf_358",250,2,2.3004143856,1,5
"6008",5,14,"conf_358",500,2,1.3607088262,1,5
"6009",5,14,"conf_358",1500,2,0.204623652,1,5
"6010",5,14,"conf_358",2500,2,0.108815614,1,5
"6011",5,14,"conf_358",5000,2,0.0014721988,1,5
"6012",5,14,"conf_358",7500,2,0.0010366481,1,5
"6013",5,14,"conf_358",250,3,4.3058210157,1,5
"6014",5,14,"conf_358",500,3,1.4942737801,1,5
"6015",5,14,"conf_358",1500,3,0.4137777677,1,5
"6016",5,14,"conf_358",2500,3,0.2503815699,1,5
"6017",5,14,"conf_358",5000,3,0.0089664397,1,5
"6018",5,14,"conf_358",7500,3,0.0008154223,1,5
"6019",5,14,"conf_358",250,4,0.8335948234,1,5
"6020",5,14,"conf_358",500,4,0.8335948234,1,5
"6021",5,14,"conf_358",1500,4,0.230214459,1,5
"6022",5,14,"conf_358",2500,4,0.0766937426,1,5
"6023",5,14,"conf_358",5000,4,0.0024483779,1,5
"6024",5,14,"conf_358",7500,4,0.0012076507,1,5
"6025",5,14,"conf_358",250,5,1.311089227,1,5
"6026",5,14,"conf_358",500,5,1.3014387918,1,5
"6027",5,14,"conf_358",1500,5,0.2802903081,1,5
"6028",5,14,"conf_358",2500,5,0.0599239848,1,5
"6029",5,14,"conf_358",5000,5,0.0074195877,1,5
"6030",5,14,"conf_358",7500,5,0.0011866314,1,5
"6031",5,14,"conf_358",250,6,3.8846170513,1,5
"6032",5,14,"conf_358",500,6,1.155334082,1,5
"6033",5,14,"conf_358",1500,6,0.4283848013,1,5
"6034",5,14,"conf_358",2500,6,0.1399341327,1,5
"6035",5,14,"conf_358",5000,6,0.004962109,1,5
"6036",5,14,"conf_358",7500,6,0.0008696331,1,5
"6037",5,14,"conf_358",250,7,2.1549818517,1,5
"6038",5,14,"conf_358",500,7,2.1549818517,1,5
"6039",5,14,"conf_358",1500,7,0.7104705832,1,5
"6040",5,14,"conf_358",2500,7,0.068801759,1,5
"6041",5,14,"conf_358",5000,7,0.002762234,1,5
"6042",5,14,"conf_358",7500,7,0.00028002,1,5
"6043",5,14,"conf_358",250,8,4.1168947446,1,5
"6044",5,14,"conf_358",500,8,3.0020966556,1,5
"6045",5,14,"conf_358",1500,8,0.4071095119,1,5
"6046",5,14,"conf_358",2500,8,0.1866698879,1,5
"6047",5,14,"conf_358",5000,8,0.0127477915,1,5
"6048",5,14,"conf_358",7500,8,0.0006908719,1,5
"6049",5,14,"conf_358",250,9,1.756365762,1,5
"6050",5,14,"conf_358",500,9,1.3311068068,1,5
"6051",5,14,"conf_358",1500,9,0.5664492173,1,5
"6052",5,14,"conf_358",2500,9,0.1506763802,1,5
"6053",5,14,"conf_358",5000,9,0.0061951158,1,5
"6054",5,14,"conf_358",7500,9,0.0013796129,1,5
"6055",5,14,"conf_358",250,10,2.2970567077,1,5
"6056",5,14,"conf_358",500,10,1.4502332633,1,5
"6057",5,14,"conf_358",1500,10,0.2036911503,1,5
"6058",5,14,"conf_358",2500,10,0.0683282472,1,5
"6059",5,14,"conf_358",5000,10,0.0033334936,1,5
"6060",5,14,"conf_358",7500,10,0.0007939512,1,5
"6061",5,14,"conf_358",250,11,4.2866310359,1,5
"6062",5,14,"conf_358",500,11,3.2348660939,1,5
"6063",5,14,"conf_358",1500,11,0.6474047021,1,5
"6064",5,14,"conf_358",2500,11,0.2691177283,1,5
"6065",5,14,"conf_358",5000,11,0.0111932714,1,5
"6066",5,14,"conf_358",7500,11,0.0009891134,1,5
"6067",5,14,"conf_358",250,12,3.8454848844,1,5
"6068",5,14,"conf_358",500,12,3.603921993,1,5
"6069",5,14,"conf_358",1500,12,1.0321373144,1,5
"6070",5,14,"conf_358",2500,12,0.0790931676,1,5
"6071",5,14,"conf_358",5000,12,0.0050688993,1,5
"6072",5,14,"conf_358",7500,12,0.0004181074,1,5
"6073",5,14,"conf_358",250,13,1.5374966485,1,5
"6074",5,14,"conf_358",500,13,1.5374966485,1,5
"6075",5,14,"conf_358",1500,13,0.2891110584,1,5
"6076",5,14,"conf_358",2500,13,0.1399099794,1,5
"6077",5,14,"conf_358",5000,13,0.0119711024,1,5
"6078",5,14,"conf_358",7500,13,0.0004755372,1,5
"6079",5,14,"conf_358",250,14,3.1454378816,1,5
"6080",5,14,"conf_358",500,14,1.257756541,1,5
"6081",5,14,"conf_358",1500,14,0.4894340515,1,5
"6082",5,14,"conf_358",2500,14,0.1728344126,1,5
"6083",5,14,"conf_358",5000,14,0.0110573019,1,5
"6084",5,14,"conf_358",7500,14,0.002280479,1,5
"6085",5,14,"conf_358",250,15,4.0764930234,1,5
"6086",5,14,"conf_358",500,15,1.3941932441,1,5
"6087",5,14,"conf_358",1500,15,0.4981133765,1,5
"6088",5,14,"conf_358",2500,15,0.0923375746,1,5
"6089",5,14,"conf_358",5000,15,0.0032453333,1,5
"6090",5,14,"conf_358",7500,15,0.0006354416,1,5
"6091",5,14,"conf_358",250,16,1.1804551691,1,5
"6092",5,14,"conf_358",500,16,0.9453372488,1,5
"6093",5,14,"conf_358",1500,16,0.1422914334,1,5
"6094",5,14,"conf_358",2500,16,0.098972255,1,5
"6095",5,14,"conf_358",5000,16,0.0045952505,1,5
"6096",5,14,"conf_358",7500,16,0.0005209988,1,5
"6097",5,14,"conf_358",250,17,1.0067692174,1,5
"6098",5,14,"conf_358",500,17,1.0067692174,1,5
"6099",5,14,"conf_358",1500,17,0.4003453371,1,5
"6100",5,14,"conf_358",2500,17,0.1724554682,1,5
"6101",5,14,"conf_358",5000,17,0.0109718818,1,5
"6102",5,14,"conf_358",7500,17,0.0016843608,1,5
"6103",5,14,"conf_358",250,18,1.6217658218,1,5
"6104",5,14,"conf_358",500,18,0.882773973,1,5
"6105",5,14,"conf_358",1500,18,0.7265867426,1,5
"6106",5,14,"conf_358",2500,18,0.0356973168,1,5
"6107",5,14,"conf_358",5000,18,0.0085917742,1,5
"6108",5,14,"conf_358",7500,18,0.0007842515,1,5
"6109",5,14,"conf_358",250,19,2.070293726,1,5
"6110",5,14,"conf_358",500,19,2.070293726,1,5
"6111",5,14,"conf_358",1500,19,0.236722435,1,5
"6112",5,14,"conf_358",2500,19,0.1016951344,1,5
"6113",5,14,"conf_358",5000,19,0.0034897622,1,5
"6114",5,14,"conf_358",7500,19,0.0010823039,1,5
"6115",5,14,"conf_358",250,20,1.3970481504,1,5
"6116",5,14,"conf_358",500,20,1.0037653468,1,5
"6117",5,14,"conf_358",1500,20,0.2203332843,1,5
"6118",5,14,"conf_358",2500,20,0.047458564,1,5
"6119",5,14,"conf_358",5000,20,0.0066738159,1,5
"6120",5,14,"conf_358",7500,20,0.0015813247,1,5
"6121",5,14,"conf_358",250,21,3.4740125336,1,5
"6122",5,14,"conf_358",500,21,2.1990793937,1,5
"6123",5,14,"conf_358",1500,21,0.3003325187,1,5
"6124",5,14,"conf_358",2500,21,0.1125683623,1,5
"6125",5,14,"conf_358",5000,21,0.0015787191,1,5
"6126",5,14,"conf_358",7500,21,0.0007816707,1,5
"6127",5,14,"conf_358",250,22,1.0398103504,1,5
"6128",5,14,"conf_358",500,22,1.0398103504,1,5
"6129",5,14,"conf_358",1500,22,0.328309737,1,5
"6130",5,14,"conf_358",2500,22,0.1301091875,1,5
"6131",5,14,"conf_358",5000,22,0.0048345226,1,5
"6132",5,14,"conf_358",7500,22,0.0007658031,1,5
"6133",5,14,"conf_358",250,23,3.0040782442,1,5
"6134",5,14,"conf_358",500,23,1.8277088329,1,5
"6135",5,14,"conf_358",1500,23,0.4065341521,1,5
"6136",5,14,"conf_358",2500,23,0.1154342516,1,5
"6137",5,14,"conf_358",5000,23,0.0106611468,1,5
"6138",5,14,"conf_358",7500,23,0.0006301029,1,5
"6139",5,14,"conf_358",250,24,1.5735713023,1,5
"6140",5,14,"conf_358",500,24,1.2911409299,1,5
"6141",5,14,"conf_358",1500,24,0.270242817,1,5
"6142",5,14,"conf_358",2500,24,0.1093720902,1,5
"6143",5,14,"conf_358",5000,24,0.003302501,1,5
"6144",5,14,"conf_358",7500,24,0.0011030654,1,5
"6145",5,14,"conf_358",250,25,4.3701162164,1,5
"6146",5,14,"conf_358",500,25,0.7216892339,1,5
"6147",5,14,"conf_358",1500,25,0.2964173882,1,5
"6148",5,14,"conf_358",2500,25,0.0928448273,1,5
"6149",5,14,"conf_358",5000,25,0.0109635206,1,5
"6150",5,14,"conf_358",7500,25,0.0018302757,1,5
"6151",5,14,"conf_358",250,26,2.0344948202,1,5
"6152",5,14,"conf_358",500,26,1.6773859777,1,5
"6153",5,14,"conf_358",1500,26,0.1887597891,1,5
"6154",5,14,"conf_358",2500,26,0.0681486493,1,5
"6155",5,14,"conf_358",5000,26,0.0064007059,1,5
"6156",5,14,"conf_358",7500,26,0.0013907942,1,5
"6157",5,14,"conf_358",250,27,3.0326156527,1,5
"6158",5,14,"conf_358",500,27,2.0831041362,1,5
"6159",5,14,"conf_358",1500,27,0.381608773,1,5
"6160",5,14,"conf_358",2500,27,0.0588623916,1,5
"6161",5,14,"conf_358",5000,27,0.0075107252,1,5
"6162",5,14,"conf_358",7500,27,0.00038367,1,5
"6163",5,14,"conf_358",250,28,3.5324797732,1,5
"6164",5,14,"conf_358",500,28,2.4625222666,1,5
"6165",5,14,"conf_358",1500,28,0.1844833675,1,5
"6166",5,14,"conf_358",2500,28,0.1404857675,1,5
"6167",5,14,"conf_358",5000,28,0.0053760903,1,5
"6168",5,14,"conf_358",7500,28,0.0008154816,1,5
"6169",5,14,"conf_358",250,29,1.5642026603,1,5
"6170",5,14,"conf_358",500,29,1.5195295135,1,5
"6171",5,14,"conf_358",1500,29,0.2939828702,1,5
"6172",5,14,"conf_358",2500,29,0.0841476576,1,5
"6173",5,14,"conf_358",5000,29,0.0032416557,1,5
"6174",5,14,"conf_358",7500,29,0.0004794121,1,5
"6175",5,14,"conf_358",250,30,1.4043767274,1,5
"6176",5,14,"conf_358",500,30,1.4043767274,1,5
"6177",5,14,"conf_358",1500,30,0.562790354,1,5
"6178",5,14,"conf_358",2500,30,0.1388622153,1,5
"6179",5,14,"conf_358",5000,30,0.0061629984,1,5
"6180",5,14,"conf_358",7500,30,0.000536408,1,5
"6181",5,14,"conf_358",250,31,2.2227447209,1,5
"6182",5,14,"conf_358",500,31,1.5874979854,1,5
"6183",5,14,"conf_358",1500,31,0.2565975579,1,5
"6184",5,14,"conf_358",2500,31,0.0454888083,1,5
"6185",5,14,"conf_358",5000,31,0.0085062744,1,5
"6186",5,14,"conf_358",7500,31,0.001052443,1,5
"6187",5,14,"conf_358",250,32,1.0047497115,1,5
"6188",5,14,"conf_358",500,32,1.0047497115,1,5
"6189",5,14,"conf_358",1500,32,0.2741771768,1,5
"6190",5,14,"conf_358",2500,32,0.0489154609,1,5
"6191",5,14,"conf_358",5000,32,0.0069972039,1,5
"6192",5,14,"conf_358",7500,32,0.0007218099,1,5
"6193",5,14,"conf_358",250,33,2.6534484833,1,5
"6194",5,14,"conf_358",500,33,1.8636115171,1,5
"6195",5,14,"conf_358",1500,33,0.2572980733,1,5
"6196",5,14,"conf_358",2500,33,0.0680118946,1,5
"6197",5,14,"conf_358",5000,33,0.0111399845,1,5
"6198",5,14,"conf_358",7500,33,0.000514637,1,5
"6199",5,14,"conf_358",250,34,4.2261225052,1,5
"6200",5,14,"conf_358",500,34,3.2445350929,1,5
"6201",5,14,"conf_358",1500,34,0.5334966129,1,5
"6202",5,14,"conf_358",2500,34,0.2596460921,1,5
"6203",5,14,"conf_358",5000,34,0.0127845418,1,5
"6204",5,14,"conf_358",7500,34,0.0027839167,1,5
"6205",5,14,"conf_358",250,35,3.1227484793,1,5
"6206",5,14,"conf_358",500,35,0.8515787915,1,5
"6207",5,14,"conf_358",1500,35,0.5879621499,1,5
"6208",5,14,"conf_358",2500,35,0.0675497937,1,5
"6209",5,14,"conf_358",5000,35,0.0045788094,1,5
"6210",5,14,"conf_358",7500,35,6.43529e-05,1,5
"6211",5,14,"conf_358",250,36,1.0192451885,1,5
"6212",5,14,"conf_358",500,36,1.0192451885,1,5
"6213",5,14,"conf_358",1500,36,0.2698417225,1,5
"6214",5,14,"conf_358",2500,36,0.1494197621,1,5
"6215",5,14,"conf_358",5000,36,0.0069317064,1,5
"6216",5,14,"conf_358",7500,36,0.0013196786,1,5
"6217",5,14,"conf_358",250,37,1.6531389773,1,5
"6218",5,14,"conf_358",500,37,1.6531389773,1,5
"6219",5,14,"conf_358",1500,37,0.2649547363,1,5
"6220",5,14,"conf_358",2500,37,0.128510941,1,5
"6221",5,14,"conf_358",5000,37,0.0052125772,1,5
"6222",5,14,"conf_358",7500,37,0.0013340108,1,5
"6223",5,14,"conf_358",250,38,2.966018222,1,5
"6224",5,14,"conf_358",500,38,0.5212691027,1,5
"6225",5,14,"conf_358",1500,38,0.5212691027,1,5
"6226",5,14,"conf_358",2500,38,0.0805764831,1,5
"6227",5,14,"conf_358",5000,38,0.0068113788,1,5
"6228",5,14,"conf_358",7500,38,0.0009411774,1,5
"6229",5,14,"conf_358",250,39,1.3894360061,1,5
"6230",5,14,"conf_358",500,39,0.9608092147,1,5
"6231",5,14,"conf_358",1500,39,0.3205458805,1,5
"6232",5,14,"conf_358",2500,39,0.0561937902,1,5
"6233",5,14,"conf_358",5000,39,0.0147577592,1,5
"6234",5,14,"conf_358",7500,39,0.000531001,1,5
"6235",5,14,"conf_358",250,40,2.3390760184,1,5
"6236",5,14,"conf_358",500,40,0.7986518405,1,5
"6237",5,14,"conf_358",1500,40,0.3953403907,1,5
"6238",5,14,"conf_358",2500,40,0.1117222904,1,5
"6239",5,14,"conf_358",5000,40,0.0061952091,1,5
"6240",5,14,"conf_358",7500,40,0.0005953898,1,5
"6241",5,14,"conf_358",250,41,2.7372787818,1,5
"6242",5,14,"conf_358",500,41,1.9451207671,1,5
"6243",5,14,"conf_358",1500,41,0.7853147854,1,5
"6244",5,14,"conf_358",2500,41,0.1570856181,1,5
"6245",5,14,"conf_358",5000,41,0.0039232372,1,5
"6246",5,14,"conf_358",7500,41,0.0002421214,1,5
"6247",5,14,"conf_358",250,42,1.724076869,1,5
"6248",5,14,"conf_358",500,42,0.4118620156,1,5
"6249",5,14,"conf_358",1500,42,0.3962977358,1,5
"6250",5,14,"conf_358",2500,42,0.1650152644,1,5
"6251",5,14,"conf_358",5000,42,0.0058264365,1,5
"6252",5,14,"conf_358",7500,42,0.0009269082,1,5
"6253",5,14,"conf_358",250,43,1.4841657068,1,5
"6254",5,14,"conf_358",500,43,1.4841657068,1,5
"6255",5,14,"conf_358",1500,43,0.3555723909,1,5
"6256",5,14,"conf_358",2500,43,0.0638609658,1,5
"6257",5,14,"conf_358",5000,43,0.0158468363,1,5
"6258",5,14,"conf_358",7500,43,0.0004208775,1,5
"6259",5,14,"conf_358",250,44,2.4292344376,1,5
"6260",5,14,"conf_358",500,44,1.2447158549,1,5
"6261",5,14,"conf_358",1500,44,0.3345771599,1,5
"6262",5,14,"conf_358",2500,44,0.1218890928,1,5
"6263",5,14,"conf_358",5000,44,0.0080872907,1,5
"6264",5,14,"conf_358",7500,44,0.0011951817,1,5
"6265",5,14,"conf_358",250,45,2.8261906098,1,5
"6266",5,14,"conf_358",500,45,2.1594736228,1,5
"6267",5,14,"conf_358",1500,45,0.2818766715,1,5
"6268",5,14,"conf_358",2500,45,0.1732204697,1,5
"6269",5,14,"conf_358",5000,45,0.0071969709,1,5
"6270",5,14,"conf_358",7500,45,0.0006349282,1,5
"6271",5,14,"conf_358",250,46,2.6838474924,1,5
"6272",5,14,"conf_358",500,46,1.4851863471,1,5
"6273",5,14,"conf_358",1500,46,0.5384244759,1,5
"6274",5,14,"conf_358",2500,46,0.0442010142,1,5
"6275",5,14,"conf_358",5000,46,0.0049324111,1,5
"6276",5,14,"conf_358",7500,46,0.0005226739,1,5
"6277",5,14,"conf_358",250,47,1.6695379742,1,5
"6278",5,14,"conf_358",500,47,1.0289870289,1,5
"6279",5,14,"conf_358",1500,47,0.0997852046,1,5
"6280",5,14,"conf_358",2500,47,0.0997852046,1,5
"6281",5,14,"conf_358",5000,47,0.0058836173,1,5
"6282",5,14,"conf_358",7500,47,0.0013416589,1,5
"6283",5,14,"conf_358",250,48,2.0925473946,1,5
"6284",5,14,"conf_358",500,48,1.6402995389,1,5
"6285",5,14,"conf_358",1500,48,0.3660023271,1,5
"6286",5,14,"conf_358",2500,48,0.0812193954,1,5
"6287",5,14,"conf_358",5000,48,0.0055957914,1,5
"6288",5,14,"conf_358",7500,48,0.0008216157,1,5
"6289",5,14,"conf_358",250,49,1.0659496992,1,5
"6290",5,14,"conf_358",500,49,1.0659496992,1,5
"6291",5,14,"conf_358",1500,49,0.7394679635,1,5
"6292",5,14,"conf_358",2500,49,0.2037900813,1,5
"6293",5,14,"conf_358",5000,49,0.0248797551,1,5
"6294",5,14,"conf_358",7500,49,0.0014247765,1,5
"6295",5,14,"conf_358",250,50,1.4552845857,1,5
"6296",5,14,"conf_358",500,50,1.0410920566,1,5
"6297",5,14,"conf_358",1500,50,0.1279097452,1,5
"6298",5,14,"conf_358",2500,50,0.1279097452,1,5
"6299",5,14,"conf_358",5000,50,0.0104718273,1,5
"6300",5,14,"conf_358",7500,50,0.0010644217,1,5
"6301",5,14,"conf_358",250,51,3.3446265806,2,5
"6302",5,14,"conf_358",500,51,1.7833295525,2,5
"6303",5,14,"conf_358",1500,51,0.3077830524,2,5
"6304",5,14,"conf_358",2500,51,0.0317771577,2,5
"6305",5,14,"conf_358",5000,51,0.0061681478,2,5
"6306",5,14,"conf_358",7500,51,0.0007942772,2,5
"6307",5,14,"conf_358",250,52,4.7508775339,2,5
"6308",5,14,"conf_358",500,52,1.8255942537,2,5
"6309",5,14,"conf_358",1500,52,0.4073063825,2,5
"6310",5,14,"conf_358",2500,52,0.0327599888,2,5
"6311",5,14,"conf_358",5000,52,0.0054628113,2,5
"6312",5,14,"conf_358",7500,52,0.0005130771,2,5
"6313",5,14,"conf_358",250,53,3.1453112624,2,5
"6314",5,14,"conf_358",500,53,1.1628613088,2,5
"6315",5,14,"conf_358",1500,53,0.2321376029,2,5
"6316",5,14,"conf_358",2500,53,0.0533420558,2,5
"6317",5,14,"conf_358",5000,53,0.0044535166,2,5
"6318",5,14,"conf_358",7500,53,0.0009889402,2,5
"6319",5,14,"conf_358",250,54,1.2627354713,2,5
"6320",5,14,"conf_358",500,54,0.997349202,2,5
"6321",5,14,"conf_358",1500,54,0.1809091652,2,5
"6322",5,14,"conf_358",2500,54,0.0625986116,2,5
"6323",5,14,"conf_358",5000,54,0.0082920752,2,5
"6324",5,14,"conf_358",7500,54,0.0004606207,2,5
"6325",5,14,"conf_358",250,55,2.3739661117,2,5
"6326",5,14,"conf_358",500,55,0.6585557763,2,5
"6327",5,14,"conf_358",1500,55,0.4891304405,2,5
"6328",5,14,"conf_358",2500,55,0.0766859292,2,5
"6329",5,14,"conf_358",5000,55,0.0034863256,2,5
"6330",5,14,"conf_358",7500,55,0.0008584203,2,5
"6331",5,14,"conf_358",250,56,0.9862917229,2,5
"6332",5,14,"conf_358",500,56,0.9584455662,2,5
"6333",5,14,"conf_358",1500,56,0.5044409836,2,5
"6334",5,14,"conf_358",2500,56,0.1182819081,2,5
"6335",5,14,"conf_358",5000,56,0.0065777288,2,5
"6336",5,14,"conf_358",7500,56,0.0013426872,2,5
"6337",5,14,"conf_358",250,57,2.7681729457,2,5
"6338",5,14,"conf_358",500,57,1.2590713505,2,5
"6339",5,14,"conf_358",1500,57,0.2267554506,2,5
"6340",5,14,"conf_358",2500,57,0.0693919875,2,5
"6341",5,14,"conf_358",5000,57,0.0061598217,2,5
"6342",5,14,"conf_358",7500,57,0.0011948941,2,5
"6343",5,14,"conf_358",250,58,2.6745294683,2,5
"6344",5,14,"conf_358",500,58,2.2724391055,2,5
"6345",5,14,"conf_358",1500,58,0.4318531162,2,5
"6346",5,14,"conf_358",2500,58,0.0476948914,2,5
"6347",5,14,"conf_358",5000,58,0.0033192293,2,5
"6348",5,14,"conf_358",7500,58,0.0011760291,2,5
"6349",5,14,"conf_358",250,59,1.5306425993,2,5
"6350",5,14,"conf_358",500,59,1.5306425993,2,5
"6351",5,14,"conf_358",1500,59,0.6433266411,2,5
"6352",5,14,"conf_358",2500,59,0.0271738491,2,5
"6353",5,14,"conf_358",5000,59,0.0030628716,2,5
"6354",5,14,"conf_358",7500,59,0.0015914204,2,5
"6355",5,14,"conf_358",250,60,0.6541501785,2,5
"6356",5,14,"conf_358",500,60,0.6405844058,2,5
"6357",5,14,"conf_358",1500,60,0.3582254329,2,5
"6358",5,14,"conf_358",2500,60,0.0672965472,2,5
"6359",5,14,"conf_358",5000,60,0.0032717119,2,5
"6360",5,14,"conf_358",7500,60,0.0010389667,2,5
"6361",5,14,"conf_358",250,61,1.0927273995,2,5
"6362",5,14,"conf_358",500,61,1.0927273995,2,5
"6363",5,14,"conf_358",1500,61,0.2395732359,2,5
"6364",5,14,"conf_358",2500,61,0.0862802149,2,5
"6365",5,14,"conf_358",5000,61,0.0023404921,2,5
"6366",5,14,"conf_358",7500,61,0.0008167931,2,5
"6367",5,14,"conf_358",250,62,3.1853482375,2,5
"6368",5,14,"conf_358",500,62,1.9016134437,2,5
"6369",5,14,"conf_358",1500,62,0.6353010684,2,5
"6370",5,14,"conf_358",2500,62,0.0591100956,2,5
"6371",5,14,"conf_358",5000,62,0.0048890741,2,5
"6372",5,14,"conf_358",7500,62,0.0015992815,2,5
"6373",5,14,"conf_358",250,63,2.2873989981,2,5
"6374",5,14,"conf_358",500,63,1.5278197058,2,5
"6375",5,14,"conf_358",1500,63,0.4400525536,2,5
"6376",5,14,"conf_358",2500,63,0.0955194074,2,5
"6377",5,14,"conf_358",5000,63,0.0098885489,2,5
"6378",5,14,"conf_358",7500,63,0.0012622896,2,5
"6379",5,14,"conf_358",250,64,5.4101715946,2,5
"6380",5,14,"conf_358",500,64,1.7101333176,2,5
"6381",5,14,"conf_358",1500,64,0.3334051551,2,5
"6382",5,14,"conf_358",2500,64,0.0489674806,2,5
"6383",5,14,"conf_358",5000,64,0.003893229,2,5
"6384",5,14,"conf_358",7500,64,0.0006648148,2,5
"6385",5,14,"conf_358",250,65,1.9780498392,2,5
"6386",5,14,"conf_358",500,65,1.1695063615,2,5
"6387",5,14,"conf_358",1500,65,0.1564341793,2,5
"6388",5,14,"conf_358",2500,65,0.0906993285,2,5
"6389",5,14,"conf_358",5000,65,0.002696005,2,5
"6390",5,14,"conf_358",7500,65,0.0012099635,2,5
"6391",5,14,"conf_358",250,66,3.2000412794,2,5
"6392",5,14,"conf_358",500,66,2.6004136505,2,5
"6393",5,14,"conf_358",1500,66,0.5568692972,2,5
"6394",5,14,"conf_358",2500,66,0.1087342516,2,5
"6395",5,14,"conf_358",5000,66,0.0088390615,2,5
"6396",5,14,"conf_358",7500,66,0.000863399,2,5
"6397",5,14,"conf_358",250,67,2.8120287525,2,5
"6398",5,14,"conf_358",500,67,1.4746962171,2,5
"6399",5,14,"conf_358",1500,67,0.2204081089,2,5
"6400",5,14,"conf_358",2500,67,0.09374389,2,5
"6401",5,14,"conf_358",5000,67,0.0088218511,2,5
"6402",5,14,"conf_358",7500,67,0.000326068,2,5
"6403",5,14,"conf_358",250,68,1.3923880878,2,5
"6404",5,14,"conf_358",500,68,1.3923880878,2,5
"6405",5,14,"conf_358",1500,68,0.1713981044,2,5
"6406",5,14,"conf_358",2500,68,0.0868166514,2,5
"6407",5,14,"conf_358",5000,68,0.0084010706,2,5
"6408",5,14,"conf_358",7500,68,0.000776006,2,5
"6409",5,14,"conf_358",250,69,2.5988399566,2,5
"6410",5,14,"conf_358",500,69,1.3397566488,2,5
"6411",5,14,"conf_358",1500,69,0.2659976725,2,5
"6412",5,14,"conf_358",2500,69,0.090722642,2,5
"6413",5,14,"conf_358",5000,69,0.0039746216,2,5
"6414",5,14,"conf_358",7500,69,0.0002533122,2,5
"6415",5,14,"conf_358",250,70,2.943454112,2,5
"6416",5,14,"conf_358",500,70,2.0090448115,2,5
"6417",5,14,"conf_358",1500,70,0.4580126586,2,5
"6418",5,14,"conf_358",2500,70,0.0686972252,2,5
"6419",5,14,"conf_358",5000,70,0.0125096602,2,5
"6420",5,14,"conf_358",7500,70,0.0010869049,2,5
"6421",5,14,"conf_358",250,71,0.8679368513,2,5
"6422",5,14,"conf_358",500,71,0.8001071113,2,5
"6423",5,14,"conf_358",1500,71,0.2724916392,2,5
"6424",5,14,"conf_358",2500,71,0.1342762361,2,5
"6425",5,14,"conf_358",5000,71,0.0022379173,2,5
"6426",5,14,"conf_358",7500,71,0.0013532592,2,5
"6427",5,14,"conf_358",250,72,2.2734958856,2,5
"6428",5,14,"conf_358",500,72,1.4884679391,2,5
"6429",5,14,"conf_358",1500,72,0.3936243235,2,5
"6430",5,14,"conf_358",2500,72,0.0762783309,2,5
"6431",5,14,"conf_358",5000,72,0.0074221449,2,5
"6432",5,14,"conf_358",7500,72,0.0010021682,2,5
"6433",5,14,"conf_358",250,73,2.7669307904,2,5
"6434",5,14,"conf_358",500,73,2.5889851742,2,5
"6435",5,14,"conf_358",1500,73,0.4977390643,2,5
"6436",5,14,"conf_358",2500,73,0.0937573012,2,5
"6437",5,14,"conf_358",5000,73,0.0071754379,2,5
"6438",5,14,"conf_358",7500,73,0.001198388,2,5
"6439",5,14,"conf_358",250,74,2.3051103513,2,5
"6440",5,14,"conf_358",500,74,1.2601051152,2,5
"6441",5,14,"conf_358",1500,74,0.1616184788,2,5
"6442",5,14,"conf_358",2500,74,0.0293474775,2,5
"6443",5,14,"conf_358",5000,74,0.0071834317,2,5
"6444",5,14,"conf_358",7500,74,0.0010421904,2,5
"6445",5,14,"conf_358",250,75,1.9788638843,2,5
"6446",5,14,"conf_358",500,75,1.9788638843,2,5
"6447",5,14,"conf_358",1500,75,0.8832765535,2,5
"6448",5,14,"conf_358",2500,75,0.0976816258,2,5
"6449",5,14,"conf_358",5000,75,0.0059329714,2,5
"6450",5,14,"conf_358",7500,75,0.0006069852,2,5
"6451",5,14,"conf_358",250,76,1.517588312,2,5
"6452",5,14,"conf_358",500,76,1.517588312,2,5
"6453",5,14,"conf_358",1500,76,0.7407481087,2,5
"6454",5,14,"conf_358",2500,76,0.1689262308,2,5
"6455",5,14,"conf_358",5000,76,0.0060365438,2,5
"6456",5,14,"conf_358",7500,76,0.0010295548,2,5
"6457",5,14,"conf_358",250,77,2.3812672999,2,5
"6458",5,14,"conf_358",500,77,2.2666365422,2,5
"6459",5,14,"conf_358",1500,77,0.4688701505,2,5
"6460",5,14,"conf_358",2500,77,0.1234836017,2,5
"6461",5,14,"conf_358",5000,77,0.0026619374,2,5
"6462",5,14,"conf_358",7500,77,0.0006293776,2,5
"6463",5,14,"conf_358",250,78,3.9504063675,2,5
"6464",5,14,"conf_358",500,78,1.2834463169,2,5
"6465",5,14,"conf_358",1500,78,0.2387109942,2,5
"6466",5,14,"conf_358",2500,78,0.1292616648,2,5
"6467",5,14,"conf_358",5000,78,0.0024406982,2,5
"6468",5,14,"conf_358",7500,78,0.0008937151,2,5
"6469",5,14,"conf_358",250,79,2.3530625566,2,5
"6470",5,14,"conf_358",500,79,1.6528903003,2,5
"6471",5,14,"conf_358",1500,79,0.5604377318,2,5
"6472",5,14,"conf_358",2500,79,0.1714311993,2,5
"6473",5,14,"conf_358",5000,79,0.0073355314,2,5
"6474",5,14,"conf_358",7500,79,0.0008784764,2,5
"6475",5,14,"conf_358",250,80,5.181418487,2,5
"6476",5,14,"conf_358",500,80,1.7480308232,2,5
"6477",5,14,"conf_358",1500,80,0.5049447909,2,5
"6478",5,14,"conf_358",2500,80,0.094328018,2,5
"6479",5,14,"conf_358",5000,80,0.0057663521,2,5
"6480",5,14,"conf_358",7500,80,0.001139355,2,5
"6481",5,14,"conf_358",250,81,3.0588414709,2,5
"6482",5,14,"conf_358",500,81,2.3954786346,2,5
"6483",5,14,"conf_358",1500,81,0.622177293,2,5
"6484",5,14,"conf_358",2500,81,0.0635083262,2,5
"6485",5,14,"conf_358",5000,81,0.0043115269,2,5
"6486",5,14,"conf_358",7500,81,0.0010194853,2,5
"6487",5,14,"conf_358",250,82,2.2446333307,2,5
"6488",5,14,"conf_358",500,82,2.2446333307,2,5
"6489",5,14,"conf_358",1500,82,0.253000051,2,5
"6490",5,14,"conf_358",2500,82,0.130685975,2,5
"6491",5,14,"conf_358",5000,82,0.0070334202,2,5
"6492",5,14,"conf_358",7500,82,0.0015765581,2,5
"6493",5,14,"conf_358",250,83,5.0191124739,2,5
"6494",5,14,"conf_358",500,83,2.3778117608,2,5
"6495",5,14,"conf_358",1500,83,0.385946339,2,5
"6496",5,14,"conf_358",2500,83,0.0800966049,2,5
"6497",5,14,"conf_358",5000,83,0.0045147016,2,5
"6498",5,14,"conf_358",7500,83,0.0018532537,2,5
"6499",5,14,"conf_358",250,84,2.0641190224,2,5
"6500",5,14,"conf_358",500,84,0.6543100986,2,5
"6501",5,14,"conf_358",1500,84,0.4368949197,2,5
"6502",5,14,"conf_358",2500,84,0.1419052467,2,5
"6503",5,14,"conf_358",5000,84,0.005306729,2,5
"6504",5,14,"conf_358",7500,84,0.0009600922,2,5
"6505",5,14,"conf_358",250,85,1.6796601513,2,5
"6506",5,14,"conf_358",500,85,1.3329958858,2,5
"6507",5,14,"conf_358",1500,85,0.4793073108,2,5
"6508",5,14,"conf_358",2500,85,0.0379268074,2,5
"6509",5,14,"conf_358",5000,85,0.0055347401,2,5
"6510",5,14,"conf_358",7500,85,0.0003777248,2,5
"6511",5,14,"conf_358",250,86,2.3288453705,2,5
"6512",5,14,"conf_358",500,86,1.3955078395,2,5
"6513",5,14,"conf_358",1500,86,0.2051869004,2,5
"6514",5,14,"conf_358",2500,86,0.0957773677,2,5
"6515",5,14,"conf_358",5000,86,0.0023106907,2,5
"6516",5,14,"conf_358",7500,86,0.0011753697,2,5
"6517",5,14,"conf_358",250,87,3.303337367,2,5
"6518",5,14,"conf_358",500,87,1.7166165275,2,5
"6519",5,14,"conf_358",1500,87,0.5630409605,2,5
"6520",5,14,"conf_358",2500,87,0.1846031465,2,5
"6521",5,14,"conf_358",5000,87,0.0022334851,2,5
"6522",5,14,"conf_358",7500,87,0.000607666,2,5
"6523",5,14,"conf_358",250,88,2.4276591866,2,5
"6524",5,14,"conf_358",500,88,1.3566688754,2,5
"6525",5,14,"conf_358",1500,88,0.1439993815,2,5
"6526",5,14,"conf_358",2500,88,0.0724037292,2,5
"6527",5,14,"conf_358",5000,88,0.0050995345,2,5
"6528",5,14,"conf_358",7500,88,0.0009376412,2,5
"6529",5,14,"conf_358",250,89,1.1312369781,2,5
"6530",5,14,"conf_358",500,89,1.1312369781,2,5
"6531",5,14,"conf_358",1500,89,0.141230926,2,5
"6532",5,14,"conf_358",2500,89,0.0738329306,2,5
"6533",5,14,"conf_358",5000,89,0.0051987503,2,5
"6534",5,14,"conf_358",7500,89,0.0011607583,2,5
"6535",5,14,"conf_358",250,90,2.5318431933,2,5
"6536",5,14,"conf_358",500,90,1.3839352647,2,5
"6537",5,14,"conf_358",1500,90,0.2118967001,2,5
"6538",5,14,"conf_358",2500,90,0.0785943191,2,5
"6539",5,14,"conf_358",5000,90,0.0050735026,2,5
"6540",5,14,"conf_358",7500,90,0.0004994449,2,5
"6541",5,14,"conf_358",250,91,3.1567475481,2,5
"6542",5,14,"conf_358",500,91,2.3454109118,2,5
"6543",5,14,"conf_358",1500,91,0.241011682,2,5
"6544",5,14,"conf_358",2500,91,0.0249010341,2,5
"6545",5,14,"conf_358",5000,91,0.00363324,2,5
"6546",5,14,"conf_358",7500,91,0.0007091647,2,5
"6547",5,14,"conf_358",250,92,2.5888648828,2,5
"6548",5,14,"conf_358",500,92,1.5322479926,2,5
"6549",5,14,"conf_358",1500,92,0.3625829907,2,5
"6550",5,14,"conf_358",2500,92,0.069183556,2,5
"6551",5,14,"conf_358",5000,92,0.0092369927,2,5
"6552",5,14,"conf_358",7500,92,0.0015066509,2,5
"6553",5,14,"conf_358",250,93,2.2671136916,2,5
"6554",5,14,"conf_358",500,93,1.659618726,2,5
"6555",5,14,"conf_358",1500,93,0.4238368522,2,5
"6556",5,14,"conf_358",2500,93,0.143687622,2,5
"6557",5,14,"conf_358",5000,93,0.0031773213,2,5
"6558",5,14,"conf_358",7500,93,0.0013889804,2,5
"6559",5,14,"conf_358",250,94,2.2251739212,2,5
"6560",5,14,"conf_358",500,94,2.2251739212,2,5
"6561",5,14,"conf_358",1500,94,0.4744507861,2,5
"6562",5,14,"conf_358",2500,94,0.1384800498,2,5
"6563",5,14,"conf_358",5000,94,0.0024190312,2,5
"6564",5,14,"conf_358",7500,94,0.0004249933,2,5
"6565",5,14,"conf_358",250,95,0.9088622054,2,5
"6566",5,14,"conf_358",500,95,0.9088622054,2,5
"6567",5,14,"conf_358",1500,95,0.3254064041,2,5
"6568",5,14,"conf_358",2500,95,0.1169775834,2,5
"6569",5,14,"conf_358",5000,95,0.0042038019,2,5
"6570",5,14,"conf_358",7500,95,0.0005013332,2,5
"6571",5,14,"conf_358",250,96,0.9523887959,2,5
"6572",5,14,"conf_358",500,96,0.9523887959,2,5
"6573",5,14,"conf_358",1500,96,0.2625450994,2,5
"6574",5,14,"conf_358",2500,96,0.159078842,2,5
"6575",5,14,"conf_358",5000,96,0.0064095541,2,5
"6576",5,14,"conf_358",7500,96,0.000313891,2,5
"6577",5,14,"conf_358",250,97,4.8806293615,2,5
"6578",5,14,"conf_358",500,97,1.5248060053,2,5
"6579",5,14,"conf_358",1500,97,0.2652229339,2,5
"6580",5,14,"conf_358",2500,97,0.0382447713,2,5
"6581",5,14,"conf_358",5000,97,0.0027675298,2,5
"6582",5,14,"conf_358",7500,97,0.001845226,2,5
"6583",5,14,"conf_358",250,98,2.7397777417,2,5
"6584",5,14,"conf_358",500,98,1.974893424,2,5
"6585",5,14,"conf_358",1500,98,0.6164526331,2,5
"6586",5,14,"conf_358",2500,98,0.1656703685,2,5
"6587",5,14,"conf_358",5000,98,0.0057737032,2,5
"6588",5,14,"conf_358",7500,98,0.0009606391,2,5
"6589",5,14,"conf_358",250,99,1.4625334924,2,5
"6590",5,14,"conf_358",500,99,1.4625334924,2,5
"6591",5,14,"conf_358",1500,99,0.587941268,2,5
"6592",5,14,"conf_358",2500,99,0.1110619229,2,5
"6593",5,14,"conf_358",5000,99,0.0017957325,2,5
"6594",5,14,"conf_358",7500,99,0.0009123054,2,5
"6595",5,14,"conf_358",250,100,1.9068134328,2,5
"6596",5,14,"conf_358",500,100,1.7868270864,2,5
"6597",5,14,"conf_358",1500,100,0.323640542,2,5
"6598",5,14,"conf_358",2500,100,0.0659076437,2,5
"6599",5,14,"conf_358",5000,100,0.0078980753,2,5
"6600",5,14,"conf_358",7500,100,0.0006416638,2,5
"6601",5,14,"conf_358",250,101,0.8892979901,3,5
"6602",5,14,"conf_358",500,101,0.8892979901,3,5
"6603",5,14,"conf_358",1500,101,0.3815508696,3,5
"6604",5,14,"conf_358",2500,101,0.1166775412,3,5
"6605",5,14,"conf_358",5000,101,0.0022666661,3,5
"6606",5,14,"conf_358",7500,101,0.0006949454,3,5
"6607",5,14,"conf_358",250,102,5.4708789447,3,5
"6608",5,14,"conf_358",500,102,2.5992396676,3,5
"6609",5,14,"conf_358",1500,102,0.5499359003,3,5
"6610",5,14,"conf_358",2500,102,0.1239024826,3,5
"6611",5,14,"conf_358",5000,102,0.0109483159,3,5
"6612",5,14,"conf_358",7500,102,0.0011312978,3,5
"6613",5,14,"conf_358",250,103,2.3898894722,3,5
"6614",5,14,"conf_358",500,103,0.7839431832,3,5
"6615",5,14,"conf_358",1500,103,0.7523336558,3,5
"6616",5,14,"conf_358",2500,103,0.1051649356,3,5
"6617",5,14,"conf_358",5000,103,0.0044581295,3,5
"6618",5,14,"conf_358",7500,103,0.0007486598,3,5
"6619",5,14,"conf_358",250,104,1.7087735441,3,5
"6620",5,14,"conf_358",500,104,1.6927157684,3,5
"6621",5,14,"conf_358",1500,104,0.32568835,3,5
"6622",5,14,"conf_358",2500,104,0.2049691889,3,5
"6623",5,14,"conf_358",5000,104,0.0023623442,3,5
"6624",5,14,"conf_358",7500,104,0.0014581019,3,5
"6625",5,14,"conf_358",250,105,3.3323967107,3,5
"6626",5,14,"conf_358",500,105,1.2385475281,3,5
"6627",5,14,"conf_358",1500,105,0.5999846959,3,5
"6628",5,14,"conf_358",2500,105,0.1857138359,3,5
"6629",5,14,"conf_358",5000,105,0.0130772885,3,5
"6630",5,14,"conf_358",7500,105,0.0010948557,3,5
"6631",5,14,"conf_358",250,106,1.0962873866,3,5
"6632",5,14,"conf_358",500,106,0.5867890834,3,5
"6633",5,14,"conf_358",1500,106,0.4698542592,3,5
"6634",5,14,"conf_358",2500,106,0.1036166827,3,5
"6635",5,14,"conf_358",5000,106,0.0048572665,3,5
"6636",5,14,"conf_358",7500,106,0.0009169318,3,5
"6637",5,14,"conf_358",250,107,1.6168764862,3,5
"6638",5,14,"conf_358",500,107,1.6168764862,3,5
"6639",5,14,"conf_358",1500,107,0.4736106427,3,5
"6640",5,14,"conf_358",2500,107,0.0592413268,3,5
"6641",5,14,"conf_358",5000,107,0.0090211941,3,5
"6642",5,14,"conf_358",7500,107,0.0005809983,3,5
"6643",5,14,"conf_358",250,108,1.3845918622,3,5
"6644",5,14,"conf_358",500,108,1.3845918622,3,5
"6645",5,14,"conf_358",1500,108,0.8484471418,3,5
"6646",5,14,"conf_358",2500,108,0.141583499,3,5
"6647",5,14,"conf_358",5000,108,0.0028330632,3,5
"6648",5,14,"conf_358",7500,108,0.000697114,3,5
"6649",5,14,"conf_358",250,109,4.7673296249,3,5
"6650",5,14,"conf_358",500,109,3.41246747,3,5
"6651",5,14,"conf_358",1500,109,0.1402227571,3,5
"6652",5,14,"conf_358",2500,109,0.1402227571,3,5
"6653",5,14,"conf_358",5000,109,0.0058734953,3,5
"6654",5,14,"conf_358",7500,109,0.0008471808,3,5
"6655",5,14,"conf_358",250,110,3.6261062426,3,5
"6656",5,14,"conf_358",500,110,2.7367267994,3,5
"6657",5,14,"conf_358",1500,110,0.6123335494,3,5
"6658",5,14,"conf_358",2500,110,0.0931137535,3,5
"6659",5,14,"conf_358",5000,110,0.0042658777,3,5
"6660",5,14,"conf_358",7500,110,0.0007243397,3,5
"6661",5,14,"conf_358",250,111,3.5025279231,3,5
"6662",5,14,"conf_358",500,111,1.7461731027,3,5
"6663",5,14,"conf_358",1500,111,0.6944203367,3,5
"6664",5,14,"conf_358",2500,111,0.1355184867,3,5
"6665",5,14,"conf_358",5000,111,0.0060138675,3,5
"6666",5,14,"conf_358",7500,111,0.0009836935,3,5
"6667",5,14,"conf_358",250,112,2.3056604512,3,5
"6668",5,14,"conf_358",500,112,2.0646087877,3,5
"6669",5,14,"conf_358",1500,112,0.394489796,3,5
"6670",5,14,"conf_358",2500,112,0.095112627,3,5
"6671",5,14,"conf_358",5000,112,0.0063981609,3,5
"6672",5,14,"conf_358",7500,112,0.0013013082,3,5
"6673",5,14,"conf_358",250,113,3.5667411465,3,5
"6674",5,14,"conf_358",500,113,2.4186971969,3,5
"6675",5,14,"conf_358",1500,113,0.415460886,3,5
"6676",5,14,"conf_358",2500,113,0.074462324,3,5
"6677",5,14,"conf_358",5000,113,0.0068382916,3,5
"6678",5,14,"conf_358",7500,113,0.0006830303,3,5
"6679",5,14,"conf_358",250,114,0.7720234197,3,5
"6680",5,14,"conf_358",500,114,0.7034225465,3,5
"6681",5,14,"conf_358",1500,114,0.1857154133,3,5
"6682",5,14,"conf_358",2500,114,0.1516052016,3,5
"6683",5,14,"conf_358",5000,114,0.0055720761,3,5
"6684",5,14,"conf_358",7500,114,0.0006247205,3,5
"6685",5,14,"conf_358",250,115,2.1726514907,3,5
"6686",5,14,"conf_358",500,115,2.1726514907,3,5
"6687",5,14,"conf_358",1500,115,0.5875297055,3,5
"6688",5,14,"conf_358",2500,115,0.1012937801,3,5
"6689",5,14,"conf_358",5000,115,0.012060921,3,5
"6690",5,14,"conf_358",7500,115,0.0012902874,3,5
"6691",5,14,"conf_358",250,116,4.3701222462,3,5
"6692",5,14,"conf_358",500,116,3.0462148775,3,5
"6693",5,14,"conf_358",1500,116,0.3070296943,3,5
"6694",5,14,"conf_358",2500,116,0.2213021639,3,5
"6695",5,14,"conf_358",5000,116,0.0042127627,3,5
"6696",5,14,"conf_358",7500,116,0.0008081617,3,5
"6697",5,14,"conf_358",250,117,3.1942242371,3,5
"6698",5,14,"conf_358",500,117,2.1439049759,3,5
"6699",5,14,"conf_358",1500,117,0.2128315649,3,5
"6700",5,14,"conf_358",2500,117,0.0964223453,3,5
"6701",5,14,"conf_358",5000,117,0.0072766351,3,5
"6702",5,14,"conf_358",7500,117,0.0007100697,3,5
"6703",5,14,"conf_358",250,118,1.6528512776,3,5
"6704",5,14,"conf_358",500,118,1.4759439233,3,5
"6705",5,14,"conf_358",1500,118,0.5671264705,3,5
"6706",5,14,"conf_358",2500,118,0.1366676274,3,5
"6707",5,14,"conf_358",5000,118,0.0101595277,3,5
"6708",5,14,"conf_358",7500,118,0.0006088798,3,5
"6709",5,14,"conf_358",250,119,2.1833935025,3,5
"6710",5,14,"conf_358",500,119,0.7338261545,3,5
"6711",5,14,"conf_358",1500,119,0.7338261545,3,5
"6712",5,14,"conf_358",2500,119,0.1811666978,3,5
"6713",5,14,"conf_358",5000,119,0.0064059585,3,5
"6714",5,14,"conf_358",7500,119,0.0014789588,3,5
"6715",5,14,"conf_358",250,120,2.8526954037,3,5
"6716",5,14,"conf_358",500,120,2.4374627495,3,5
"6717",5,14,"conf_358",1500,120,0.5388939569,3,5
"6718",5,14,"conf_358",2500,120,0.2209137185,3,5
"6719",5,14,"conf_358",5000,120,0.0086541103,3,5
"6720",5,14,"conf_358",7500,120,0.0016582454,3,5
"6721",5,14,"conf_358",250,121,2.8938410456,3,5
"6722",5,14,"conf_358",500,121,1.6814595454,3,5
"6723",5,14,"conf_358",1500,121,0.2637157121,3,5
"6724",5,14,"conf_358",2500,121,0.1008268434,3,5
"6725",5,14,"conf_358",5000,121,0.0129582776,3,5
"6726",5,14,"conf_358",7500,121,0.0004756962,3,5
"6727",5,14,"conf_358",250,122,2.2048624111,3,5
"6728",5,14,"conf_358",500,122,2.1287002799,3,5
"6729",5,14,"conf_358",1500,122,0.2938817645,3,5
"6730",5,14,"conf_358",2500,122,0.0947462908,3,5
"6731",5,14,"conf_358",5000,122,0.009922372,3,5
"6732",5,14,"conf_358",7500,122,0.0006930326,3,5
"6733",5,14,"conf_358",250,123,1.8477392407,3,5
"6734",5,14,"conf_358",500,123,1.4383734806,3,5
"6735",5,14,"conf_358",1500,123,0.4958265454,3,5
"6736",5,14,"conf_358",2500,123,0.103033013,3,5
"6737",5,14,"conf_358",5000,123,0.0061891956,3,5
"6738",5,14,"conf_358",7500,123,0.0007533306,3,5
"6739",5,14,"conf_358",250,124,1.5644968059,3,5
"6740",5,14,"conf_358",500,124,1.5644968059,3,5
"6741",5,14,"conf_358",1500,124,0.295472474,3,5
"6742",5,14,"conf_358",2500,124,0.0951635552,3,5
"6743",5,14,"conf_358",5000,124,0.0028746828,3,5
"6744",5,14,"conf_358",7500,124,0.0004950338,3,5
"6745",5,14,"conf_358",250,125,5.5269670174,3,5
"6746",5,14,"conf_358",500,125,1.1579107617,3,5
"6747",5,14,"conf_358",1500,125,0.1728013561,3,5
"6748",5,14,"conf_358",2500,125,0.1483602125,3,5
"6749",5,14,"conf_358",5000,125,0.0040166106,3,5
"6750",5,14,"conf_358",7500,125,0.0015264446,3,5
"6751",5,14,"conf_358",250,126,6.0212575455,3,5
"6752",5,14,"conf_358",500,126,4.353879261,3,5
"6753",5,14,"conf_358",1500,126,1.4059984235,3,5
"6754",5,14,"conf_358",2500,126,0.257697558,3,5
"6755",5,14,"conf_358",5000,126,0.0173297073,3,5
"6756",5,14,"conf_358",7500,126,0.0012575852,3,5
"6757",5,14,"conf_358",250,127,1.2003482402,3,5
"6758",5,14,"conf_358",500,127,1.1166200996,3,5
"6759",5,14,"conf_358",1500,127,0.402549349,3,5
"6760",5,14,"conf_358",2500,127,0.2722065894,3,5
"6761",5,14,"conf_358",5000,127,0.0033398476,3,5
"6762",5,14,"conf_358",7500,127,0.0007160244,3,5
"6763",5,14,"conf_358",250,128,2.4991499485,3,5
"6764",5,14,"conf_358",500,128,1.8056850903,3,5
"6765",5,14,"conf_358",1500,128,0.1259515634,3,5
"6766",5,14,"conf_358",2500,128,0.1154834573,3,5
"6767",5,14,"conf_358",5000,128,0.0050569311,3,5
"6768",5,14,"conf_358",7500,128,0.0011345429,3,5
"6769",5,14,"conf_358",250,129,2.6095406872,3,5
"6770",5,14,"conf_358",500,129,1.9320450459,3,5
"6771",5,14,"conf_358",1500,129,0.4266231628,3,5
"6772",5,14,"conf_358",2500,129,0.1411257848,3,5
"6773",5,14,"conf_358",5000,129,0.0060850098,3,5
"6774",5,14,"conf_358",7500,129,0.0009656207,3,5
"6775",5,14,"conf_358",250,130,1.081163744,3,5
"6776",5,14,"conf_358",500,130,1.081163744,3,5
"6777",5,14,"conf_358",1500,130,0.3461222169,3,5
"6778",5,14,"conf_358",2500,130,0.1197071634,3,5
"6779",5,14,"conf_358",5000,130,0.010270766,3,5
"6780",5,14,"conf_358",7500,130,0.0009007267,3,5
"6781",5,14,"conf_358",250,131,4.9999160869,3,5
"6782",5,14,"conf_358",500,131,2.7790549841,3,5
"6783",5,14,"conf_358",1500,131,0.4070534921,3,5
"6784",5,14,"conf_358",2500,131,0.148063004,3,5
"6785",5,14,"conf_358",5000,131,0.0131484862,3,5
"6786",5,14,"conf_358",7500,131,0.0014041704,3,5
"6787",5,14,"conf_358",250,132,4.550464155,3,5
"6788",5,14,"conf_358",500,132,2.4048215689,3,5
"6789",5,14,"conf_358",1500,132,0.884015734,3,5
"6790",5,14,"conf_358",2500,132,0.0763288993,3,5
"6791",5,14,"conf_358",5000,132,0.0097831004,3,5
"6792",5,14,"conf_358",7500,132,0.0003352984,3,5
"6793",5,14,"conf_358",250,133,1.9555897408,3,5
"6794",5,14,"conf_358",500,133,1.6928064477,3,5
"6795",5,14,"conf_358",1500,133,0.4456104844,3,5
"6796",5,14,"conf_358",2500,133,0.0623034133,3,5
"6797",5,14,"conf_358",5000,133,0.0086407575,3,5
"6798",5,14,"conf_358",7500,133,0.0008945492,3,5
"6799",5,14,"conf_358",250,134,2.5957599882,3,5
"6800",5,14,"conf_358",500,134,1.6936767299,3,5
"6801",5,14,"conf_358",1500,134,0.0786315211,3,5
"6802",5,14,"conf_358",2500,134,0.0786315211,3,5
"6803",5,14,"conf_358",5000,134,0.0071133521,3,5
"6804",5,14,"conf_358",7500,134,0.0006082644,3,5
"6805",5,14,"conf_358",250,135,2.0461227191,3,5
"6806",5,14,"conf_358",500,135,1.3337274028,3,5
"6807",5,14,"conf_358",1500,135,0.6930272415,3,5
"6808",5,14,"conf_358",2500,135,0.1479303915,3,5
"6809",5,14,"conf_358",5000,135,0.0033792004,3,5
"6810",5,14,"conf_358",7500,135,0.0008767692,3,5
"6811",5,14,"conf_358",250,136,1.8086740457,3,5
"6812",5,14,"conf_358",500,136,1.8086740457,3,5
"6813",5,14,"conf_358",1500,136,0.3012074897,3,5
"6814",5,14,"conf_358",2500,136,0.1740271005,3,5
"6815",5,14,"conf_358",5000,136,0.0082717907,3,5
"6816",5,14,"conf_358",7500,136,0.0011361763,3,5
"6817",5,14,"conf_358",250,137,2.3739660532,3,5
"6818",5,14,"conf_358",500,137,2.3386976623,3,5
"6819",5,14,"conf_358",1500,137,0.1987742893,3,5
"6820",5,14,"conf_358",2500,137,0.1297297598,3,5
"6821",5,14,"conf_358",5000,137,0.0122633975,3,5
"6822",5,14,"conf_358",7500,137,0.0009573198,3,5
"6823",5,14,"conf_358",250,138,1.5349001344,3,5
"6824",5,14,"conf_358",500,138,1.3583101755,3,5
"6825",5,14,"conf_358",1500,138,0.4057189085,3,5
"6826",5,14,"conf_358",2500,138,0.2811896652,3,5
"6827",5,14,"conf_358",5000,138,0.0093096256,3,5
"6828",5,14,"conf_358",7500,138,0.0008496694,3,5
"6829",5,14,"conf_358",250,139,1.7922916576,3,5
"6830",5,14,"conf_358",500,139,1.1387402766,3,5
"6831",5,14,"conf_358",1500,139,0.6709510218,3,5
"6832",5,14,"conf_358",2500,139,0.1364929715,3,5
"6833",5,14,"conf_358",5000,139,0.0053607677,3,5
"6834",5,14,"conf_358",7500,139,0.0008765523,3,5
"6835",5,14,"conf_358",250,140,2.2611377056,3,5
"6836",5,14,"conf_358",500,140,1.5825786594,3,5
"6837",5,14,"conf_358",1500,140,0.677082721,3,5
"6838",5,14,"conf_358",2500,140,0.2678745629,3,5
"6839",5,14,"conf_358",5000,140,0.0096962613,3,5
"6840",5,14,"conf_358",7500,140,0.0007711368,3,5
"6841",5,14,"conf_358",250,141,3.3277642354,3,5
"6842",5,14,"conf_358",500,141,1.5885151454,3,5
"6843",5,14,"conf_358",1500,141,0.7631140214,3,5
"6844",5,14,"conf_358",2500,141,0.3674116396,3,5
"6845",5,14,"conf_358",5000,141,0.0070866498,3,5
"6846",5,14,"conf_358",7500,141,0.0012013837,3,5
"6847",5,14,"conf_358",250,142,3.4911816868,3,5
"6848",5,14,"conf_358",500,142,2.5558662249,3,5
"6849",5,14,"conf_358",1500,142,0.4346998254,3,5
"6850",5,14,"conf_358",2500,142,0.0435300635,3,5
"6851",5,14,"conf_358",5000,142,0.0129588617,3,5
"6852",5,14,"conf_358",7500,142,0.000437079,3,5
"6853",5,14,"conf_358",250,143,4.2496083724,3,5
"6854",5,14,"conf_358",500,143,1.1083284497,3,5
"6855",5,14,"conf_358",1500,143,0.400725846,3,5
"6856",5,14,"conf_358",2500,143,0.1065861545,3,5
"6857",5,14,"conf_358",5000,143,0.0046806966,3,5
"6858",5,14,"conf_358",7500,143,0.001039342,3,5
"6859",5,14,"conf_358",250,144,1.1225213295,3,5
"6860",5,14,"conf_358",500,144,1.1225213295,3,5
"6861",5,14,"conf_358",1500,144,0.5606174547,3,5
"6862",5,14,"conf_358",2500,144,0.1626535587,3,5
"6863",5,14,"conf_358",5000,144,0.003839916,3,5
"6864",5,14,"conf_358",7500,144,0.0015512703,3,5
"6865",5,14,"conf_358",250,145,4.5389519462,3,5
"6866",5,14,"conf_358",500,145,2.0578470254,3,5
"6867",5,14,"conf_358",1500,145,0.4057487935,3,5
"6868",5,14,"conf_358",2500,145,0.1580442636,3,5
"6869",5,14,"conf_358",5000,145,0.0052772575,3,5
"6870",5,14,"conf_358",7500,145,0.0005328885,3,5
"6871",5,14,"conf_358",250,146,2.9417503287,3,5
"6872",5,14,"conf_358",500,146,1.8291712705,3,5
"6873",5,14,"conf_358",1500,146,0.7732294056,3,5
"6874",5,14,"conf_358",2500,146,0.2128881224,3,5
"6875",5,14,"conf_358",5000,146,0.0117387368,3,5
"6876",5,14,"conf_358",7500,146,0.0013328728,3,5
"6877",5,14,"conf_358",250,147,3.0092800003,3,5
"6878",5,14,"conf_358",500,147,1.3771777692,3,5
"6879",5,14,"conf_358",1500,147,0.7488353525,3,5
"6880",5,14,"conf_358",2500,147,0.1350649742,3,5
"6881",5,14,"conf_358",5000,147,0.0035653306,3,5
"6882",5,14,"conf_358",7500,147,0.0010528292,3,5
"6883",5,14,"conf_358",250,148,1.9903887246,3,5
"6884",5,14,"conf_358",500,148,0.8258086755,3,5
"6885",5,14,"conf_358",1500,148,0.3733751757,3,5
"6886",5,14,"conf_358",2500,148,0.1116497196,3,5
"6887",5,14,"conf_358",5000,148,0.0139115297,3,5
"6888",5,14,"conf_358",7500,148,0.0014438564,3,5
"6889",5,14,"conf_358",250,149,4.5865984496,3,5
"6890",5,14,"conf_358",500,149,4.4761764364,3,5
"6891",5,14,"conf_358",1500,149,0.7432978504,3,5
"6892",5,14,"conf_358",2500,149,0.1556232731,3,5
"6893",5,14,"conf_358",5000,149,0.0096314971,3,5
"6894",5,14,"conf_358",7500,149,0.0012204924,3,5
"6895",5,14,"conf_358",250,150,3.7850995736,3,5
"6896",5,14,"conf_358",500,150,3.0217718426,3,5
"6897",5,14,"conf_358",1500,150,0.6002195738,3,5
"6898",5,14,"conf_358",2500,150,0.1244797463,3,5
"6899",5,14,"conf_358",5000,150,0.0081765355,3,5
"6900",5,14,"conf_358",7500,150,0.0010838034,3,5
"6901",5,14,"conf_358",250,151,3.0364332556,4,5
"6902",5,14,"conf_358",500,151,1.6153003379,4,5
"6903",5,14,"conf_358",1500,151,0.3016374387,4,5
"6904",5,14,"conf_358",2500,151,0.0446194099,4,5
"6905",5,14,"conf_358",5000,151,0.0065138692,4,5
"6906",5,14,"conf_358",7500,151,0.0012381957,4,5
"6907",5,14,"conf_358",250,152,1.8619008392,4,5
"6908",5,14,"conf_358",500,152,1.2926066794,4,5
"6909",5,14,"conf_358",1500,152,0.6283673404,4,5
"6910",5,14,"conf_358",2500,152,0.0386884201,4,5
"6911",5,14,"conf_358",5000,152,0.0110873445,4,5
"6912",5,14,"conf_358",7500,152,0.0025336832,4,5
"6913",5,14,"conf_358",250,153,4.6313830938,4,5
"6914",5,14,"conf_358",500,153,2.205577644,4,5
"6915",5,14,"conf_358",1500,153,0.8582781447,4,5
"6916",5,14,"conf_358",2500,153,0.2068986514,4,5
"6917",5,14,"conf_358",5000,153,0.0050972607,4,5
"6918",5,14,"conf_358",7500,153,0.0007007354,4,5
"6919",5,14,"conf_358",250,154,2.3742335432,4,5
"6920",5,14,"conf_358",500,154,1.6014068421,4,5
"6921",5,14,"conf_358",1500,154,0.7529716806,4,5
"6922",5,14,"conf_358",2500,154,0.1563081771,4,5
"6923",5,14,"conf_358",5000,154,0.0120462009,4,5
"6924",5,14,"conf_358",7500,154,0.0008688562,4,5
"6925",5,14,"conf_358",250,155,1.8852067986,4,5
"6926",5,14,"conf_358",500,155,1.8253293003,4,5
"6927",5,14,"conf_358",1500,155,0.8626385907,4,5
"6928",5,14,"conf_358",2500,155,0.1547886967,4,5
"6929",5,14,"conf_358",5000,155,0.0110466934,4,5
"6930",5,14,"conf_358",7500,155,0.0011555653,4,5
"6931",5,14,"conf_358",250,156,2.4865128058,4,5
"6932",5,14,"conf_358",500,156,1.2893523812,4,5
"6933",5,14,"conf_358",1500,156,0.0986790142,4,5
"6934",5,14,"conf_358",2500,156,0.0806195129,4,5
"6935",5,14,"conf_358",5000,156,0.0053030167,4,5
"6936",5,14,"conf_358",7500,156,0.0013280672,4,5
"6937",5,14,"conf_358",250,157,3.2363354975,4,5
"6938",5,14,"conf_358",500,157,1.8059285847,4,5
"6939",5,14,"conf_358",1500,157,0.7881727249,4,5
"6940",5,14,"conf_358",2500,157,0.0357987521,4,5
"6941",5,14,"conf_358",5000,157,0.0025102209,4,5
"6942",5,14,"conf_358",7500,157,0.0011037113,4,5
"6943",5,14,"conf_358",250,158,4.4168987633,4,5
"6944",5,14,"conf_358",500,158,1.4809860116,4,5
"6945",5,14,"conf_358",1500,158,0.4812775904,4,5
"6946",5,14,"conf_358",2500,158,0.1571946813,4,5
"6947",5,14,"conf_358",5000,158,0.0161038786,4,5
"6948",5,14,"conf_358",7500,158,0.001117717,4,5
"6949",5,14,"conf_358",250,159,1.9335712396,4,5
"6950",5,14,"conf_358",500,159,1.4134493289,4,5
"6951",5,14,"conf_358",1500,159,0.5200210939,4,5
"6952",5,14,"conf_358",2500,159,0.1963677518,4,5
"6953",5,14,"conf_358",5000,159,0.0027569144,4,5
"6954",5,14,"conf_358",7500,159,0.001693543,4,5
"6955",5,14,"conf_358",250,160,2.2323910891,4,5
"6956",5,14,"conf_358",500,160,1.4402744456,4,5
"6957",5,14,"conf_358",1500,160,0.2713089078,4,5
"6958",5,14,"conf_358",2500,160,0.1265321424,4,5
"6959",5,14,"conf_358",5000,160,0.0127782123,4,5
"6960",5,14,"conf_358",7500,160,0.0005798509,4,5
"6961",5,14,"conf_358",250,161,2.0946853514,4,5
"6962",5,14,"conf_358",500,161,1.6978894341,4,5
"6963",5,14,"conf_358",1500,161,0.3760737987,4,5
"6964",5,14,"conf_358",2500,161,0.0530227502,4,5
"6965",5,14,"conf_358",5000,161,0.0131128573,4,5
"6966",5,14,"conf_358",7500,161,0.0008051704,4,5
"6967",5,14,"conf_358",250,162,1.7897080633,4,5
"6968",5,14,"conf_358",500,162,1.7897080633,4,5
"6969",5,14,"conf_358",1500,162,0.8578649542,4,5
"6970",5,14,"conf_358",2500,162,0.092200404,4,5
"6971",5,14,"conf_358",5000,162,0.0035209283,4,5
"6972",5,14,"conf_358",7500,162,0.0010410139,4,5
"6973",5,14,"conf_358",250,163,1.7567891693,4,5
"6974",5,14,"conf_358",500,163,1.5457694784,4,5
"6975",5,14,"conf_358",1500,163,0.2710181355,4,5
"6976",5,14,"conf_358",2500,163,0.0795471042,4,5
"6977",5,14,"conf_358",5000,163,0.0114408886,4,5
"6978",5,14,"conf_358",7500,163,0.0016505677,4,5
"6979",5,14,"conf_358",250,164,1.6094546483,4,5
"6980",5,14,"conf_358",500,164,0.50415072,4,5
"6981",5,14,"conf_358",1500,164,0.50415072,4,5
"6982",5,14,"conf_358",2500,164,0.1006361461,4,5
"6983",5,14,"conf_358",5000,164,0.0059548862,4,5
"6984",5,14,"conf_358",7500,164,0.0006341466,4,5
"6985",5,14,"conf_358",250,165,1.1567707659,4,5
"6986",5,14,"conf_358",500,165,1.1567707659,4,5
"6987",5,14,"conf_358",1500,165,0.1772673214,4,5
"6988",5,14,"conf_358",2500,165,0.0749599529,4,5
"6989",5,14,"conf_358",5000,165,0.0121093169,4,5
"6990",5,14,"conf_358",7500,165,0.0009761837,4,5
"6991",5,14,"conf_358",250,166,2.21052764,4,5
"6992",5,14,"conf_358",500,166,1.3807852976,4,5
"6993",5,14,"conf_358",1500,166,0.4222789613,4,5
"6994",5,14,"conf_358",2500,166,0.0645885987,4,5
"6995",5,14,"conf_358",5000,166,0.014378458,4,5
"6996",5,14,"conf_358",7500,166,0.002096586,4,5
"6997",5,14,"conf_358",250,167,1.8274253746,4,5
"6998",5,14,"conf_358",500,167,1.4692079561,4,5
"6999",5,14,"conf_358",1500,167,0.1358194055,4,5
"7000",5,14,"conf_358",2500,167,0.0208039795,4,5
"7001",5,14,"conf_358",5000,167,0.0059555346,4,5
"7002",5,14,"conf_358",7500,167,0.0016646207,4,5
"7003",5,14,"conf_358",250,168,5.1340226002,4,5
"7004",5,14,"conf_358",500,168,3.6114447565,4,5
"7005",5,14,"conf_358",1500,168,0.2286238221,4,5
"7006",5,14,"conf_358",2500,168,0.1234612321,4,5
"7007",5,14,"conf_358",5000,168,0.010580914,4,5
"7008",5,14,"conf_358",7500,168,0.0009840695,4,5
"7009",5,14,"conf_358",250,169,2.0076760187,4,5
"7010",5,14,"conf_358",500,169,1.7915756839,4,5
"7011",5,14,"conf_358",1500,169,0.3567815773,4,5
"7012",5,14,"conf_358",2500,169,0.0476515415,4,5
"7013",5,14,"conf_358",5000,169,0.0052289024,4,5
"7014",5,14,"conf_358",7500,169,0.0001964178,4,5
"7015",5,14,"conf_358",250,170,3.8727334057,4,5
"7016",5,14,"conf_358",500,170,3.4602587921,4,5
"7017",5,14,"conf_358",1500,170,0.4001494782,4,5
"7018",5,14,"conf_358",2500,170,0.1660581646,4,5
"7019",5,14,"conf_358",5000,170,0.0095666953,4,5
"7020",5,14,"conf_358",7500,170,0.0010667544,4,5
"7021",5,14,"conf_358",250,171,3.162462368,4,5
"7022",5,14,"conf_358",500,171,1.183075478,4,5
"7023",5,14,"conf_358",1500,171,0.2152454328,4,5
"7024",5,14,"conf_358",2500,171,0.0998092092,4,5
"7025",5,14,"conf_358",5000,171,0.003135091,4,5
"7026",5,14,"conf_358",7500,171,0.0010639268,4,5
"7027",5,14,"conf_358",250,172,1.4258947163,4,5
"7028",5,14,"conf_358",500,172,1.4258947163,4,5
"7029",5,14,"conf_358",1500,172,0.3553247783,4,5
"7030",5,14,"conf_358",2500,172,0.0802433376,4,5
"7031",5,14,"conf_358",5000,172,0.0060150723,4,5
"7032",5,14,"conf_358",7500,172,0.0021820141,4,5
"7033",5,14,"conf_358",250,173,1.5038832823,4,5
"7034",5,14,"conf_358",500,173,1.3284849685,4,5
"7035",5,14,"conf_358",1500,173,0.2831187134,4,5
"7036",5,14,"conf_358",2500,173,0.0877093397,4,5
"7037",5,14,"conf_358",5000,173,0.0093428436,4,5
"7038",5,14,"conf_358",7500,173,0.0010980446,4,5
"7039",5,14,"conf_358",250,174,1.1053766306,4,5
"7040",5,14,"conf_358",500,174,1.1053766306,4,5
"7041",5,14,"conf_358",1500,174,0.4726229021,4,5
"7042",5,14,"conf_358",2500,174,0.213234933,4,5
"7043",5,14,"conf_358",5000,174,0.0080266439,4,5
"7044",5,14,"conf_358",7500,174,0.000458969,4,5
"7045",5,14,"conf_358",250,175,1.2226278603,4,5
"7046",5,14,"conf_358",500,175,1.2226278603,4,5
"7047",5,14,"conf_358",1500,175,0.2269202621,4,5
"7048",5,14,"conf_358",2500,175,0.1407264713,4,5
"7049",5,14,"conf_358",5000,175,0.0025960897,4,5
"7050",5,14,"conf_358",7500,175,0.0013238929,4,5
"7051",5,14,"conf_358",250,176,2.1224269161,4,5
"7052",5,14,"conf_358",500,176,1.1778477644,4,5
"7053",5,14,"conf_358",1500,176,0.4757790098,4,5
"7054",5,14,"conf_358",2500,176,0.0663131312,4,5
"7055",5,14,"conf_358",5000,176,0.0076773634,4,5
"7056",5,14,"conf_358",7500,176,0.0003364024,4,5
"7057",5,14,"conf_358",250,177,0.5979085887,4,5
"7058",5,14,"conf_358",500,177,0.5979085887,4,5
"7059",5,14,"conf_358",1500,177,0.4369352999,4,5
"7060",5,14,"conf_358",2500,177,0.115507628,4,5
"7061",5,14,"conf_358",5000,177,0.0129227644,4,5
"7062",5,14,"conf_358",7500,177,0.0010843608,4,5
"7063",5,14,"conf_358",250,178,3.6047741501,4,5
"7064",5,14,"conf_358",500,178,3.1210442897,4,5
"7065",5,14,"conf_358",1500,178,0.5740357021,4,5
"7066",5,14,"conf_358",2500,178,0.2499808403,4,5
"7067",5,14,"conf_358",5000,178,0.0158157093,4,5
"7068",5,14,"conf_358",7500,178,0.0016606393,4,5
"7069",5,14,"conf_358",250,179,1.2179900696,4,5
"7070",5,14,"conf_358",500,179,1.1375565027,4,5
"7071",5,14,"conf_358",1500,179,0.4229424197,4,5
"7072",5,14,"conf_358",2500,179,0.1274177861,4,5
"7073",5,14,"conf_358",5000,179,0.0061987568,4,5
"7074",5,14,"conf_358",7500,179,0.0007868777,4,5
"7075",5,14,"conf_358",250,180,2.1578118173,4,5
"7076",5,14,"conf_358",500,180,0.5528097738,4,5
"7077",5,14,"conf_358",1500,180,0.2972044984,4,5
"7078",5,14,"conf_358",2500,180,0.1141263606,4,5
"7079",5,14,"conf_358",5000,180,0.0043797922,4,5
"7080",5,14,"conf_358",7500,180,0.0025811184,4,5
"7081",5,14,"conf_358",250,181,2.4500799354,4,5
"7082",5,14,"conf_358",500,181,1.4968524773,4,5
"7083",5,14,"conf_358",1500,181,0.4900089455,4,5
"7084",5,14,"conf_358",2500,181,0.0119579583,4,5
"7085",5,14,"conf_358",5000,181,0.00606417,4,5
"7086",5,14,"conf_358",7500,181,0.0027614223,4,5
"7087",5,14,"conf_358",250,182,3.6721878579,4,5
"7088",5,14,"conf_358",500,182,2.2378342718,4,5
"7089",5,14,"conf_358",1500,182,0.5584067467,4,5
"7090",5,14,"conf_358",2500,182,0.1168765923,4,5
"7091",5,14,"conf_358",5000,182,0.0058832186,4,5
"7092",5,14,"conf_358",7500,182,0.0010522586,4,5
"7093",5,14,"conf_358",250,183,5.4706638566,4,5
"7094",5,14,"conf_358",500,183,3.0777751935,4,5
"7095",5,14,"conf_358",1500,183,0.3495288438,4,5
"7096",5,14,"conf_358",2500,183,0.1127656107,4,5
"7097",5,14,"conf_358",5000,183,0.0078289594,4,5
"7098",5,14,"conf_358",7500,183,0.0019709982,4,5
"7099",5,14,"conf_358",250,184,3.5111872343,4,5
"7100",5,14,"conf_358",500,184,2.1272990632,4,5
"7101",5,14,"conf_358",1500,184,0.3752983891,4,5
"7102",5,14,"conf_358",2500,184,0.1535354704,4,5
"7103",5,14,"conf_358",5000,184,0.006890582,4,5
"7104",5,14,"conf_358",7500,184,0.0016071862,4,5
"7105",5,14,"conf_358",250,185,2.2830439921,4,5
"7106",5,14,"conf_358",500,185,0.6507653433,4,5
"7107",5,14,"conf_358",1500,185,0.577098562,4,5
"7108",5,14,"conf_358",2500,185,0.1460104772,4,5
"7109",5,14,"conf_358",5000,185,0.0039991905,4,5
"7110",5,14,"conf_358",7500,185,0.0006635609,4,5
"7111",5,14,"conf_358",250,186,1.6308653817,4,5
"7112",5,14,"conf_358",500,186,1.6308653817,4,5
"7113",5,14,"conf_358",1500,186,0.5693813489,4,5
"7114",5,14,"conf_358",2500,186,0.1172336913,4,5
"7115",5,14,"conf_358",5000,186,0.0037552992,4,5
"7116",5,14,"conf_358",7500,186,0.001340529,4,5
"7117",5,14,"conf_358",250,187,3.6418082493,4,5
"7118",5,14,"conf_358",500,187,1.0607488161,4,5
"7119",5,14,"conf_358",1500,187,0.5341185535,4,5
"7120",5,14,"conf_358",2500,187,0.1357873774,4,5
"7121",5,14,"conf_358",5000,187,0.003397676,4,5
"7122",5,14,"conf_358",7500,187,0.0010425141,4,5
"7123",5,14,"conf_358",250,188,5.1312419787,4,5
"7124",5,14,"conf_358",500,188,1.2532345006,4,5
"7125",5,14,"conf_358",1500,188,0.484722736,4,5
"7126",5,14,"conf_358",2500,188,0.1115640913,4,5
"7127",5,14,"conf_358",5000,188,0.0130458251,4,5
"7128",5,14,"conf_358",7500,188,0.0010441932,4,5
"7129",5,14,"conf_358",250,189,2.5749794006,4,5
"7130",5,14,"conf_358",500,189,1.3098174614,4,5
"7131",5,14,"conf_358",1500,189,0.5693757323,4,5
"7132",5,14,"conf_358",2500,189,0.1341946026,4,5
"7133",5,14,"conf_358",5000,189,0.0070197629,4,5
"7134",5,14,"conf_358",7500,189,0.0014096002,4,5
"7135",5,14,"conf_358",250,190,2.853054306,4,5
"7136",5,14,"conf_358",500,190,1.661518602,4,5
"7137",5,14,"conf_358",1500,190,0.3554268508,4,5
"7138",5,14,"conf_358",2500,190,0.0494222288,4,5
"7139",5,14,"conf_358",5000,190,0.0177525193,4,5
"7140",5,14,"conf_358",7500,190,0.0015852789,4,5
"7141",5,14,"conf_358",250,191,1.8617552761,4,5
"7142",5,14,"conf_358",500,191,1.4140447243,4,5
"7143",5,14,"conf_358",1500,191,0.1157549284,4,5
"7144",5,14,"conf_358",2500,191,0.0600607079,4,5
"7145",5,14,"conf_358",5000,191,0.0042759799,4,5
"7146",5,14,"conf_358",7500,191,0.0003991672,4,5
"7147",5,14,"conf_358",250,192,1.4093563491,4,5
"7148",5,14,"conf_358",500,192,1.4093563491,4,5
"7149",5,14,"conf_358",1500,192,0.5114965853,4,5
"7150",5,14,"conf_358",2500,192,0.2367191646,4,5
"7151",5,14,"conf_358",5000,192,0.0083907419,4,5
"7152",5,14,"conf_358",7500,192,0.0012293796,4,5
"7153",5,14,"conf_358",250,193,1.9916970337,4,5
"7154",5,14,"conf_358",500,193,1.8993984413,4,5
"7155",5,14,"conf_358",1500,193,0.3959994049,4,5
"7156",5,14,"conf_358",2500,193,0.2224113982,4,5
"7157",5,14,"conf_358",5000,193,0.013715498,4,5
"7158",5,14,"conf_358",7500,193,0.0014940292,4,5
"7159",5,14,"conf_358",250,194,1.6415097242,4,5
"7160",5,14,"conf_358",500,194,1.6415097242,4,5
"7161",5,14,"conf_358",1500,194,0.4094708071,4,5
"7162",5,14,"conf_358",2500,194,0.1823294723,4,5
"7163",5,14,"conf_358",5000,194,0.0105033237,4,5
"7164",5,14,"conf_358",7500,194,0.0028941712,4,5
"7165",5,14,"conf_358",250,195,3.0489771974,4,5
"7166",5,14,"conf_358",500,195,3.0283413136,4,5
"7167",5,14,"conf_358",1500,195,0.3110647489,4,5
"7168",5,14,"conf_358",2500,195,0.0711141004,4,5
"7169",5,14,"conf_358",5000,195,0.0075592079,4,5
"7170",5,14,"conf_358",7500,195,0.0021014139,4,5
"7171",5,14,"conf_358",250,196,2.5189202898,4,5
"7172",5,14,"conf_358",500,196,1.4288982647,4,5
"7173",5,14,"conf_358",1500,196,0.4168801246,4,5
"7174",5,14,"conf_358",2500,196,0.1894303346,4,5
"7175",5,14,"conf_358",5000,196,0.003208026,4,5
"7176",5,14,"conf_358",7500,196,0.0021442919,4,5
"7177",5,14,"conf_358",250,197,2.0786581294,4,5
"7178",5,14,"conf_358",500,197,1.7605415698,4,5
"7179",5,14,"conf_358",1500,197,0.4418317504,4,5
"7180",5,14,"conf_358",2500,197,0.1019161576,4,5
"7181",5,14,"conf_358",5000,197,0.0129969502,4,5
"7182",5,14,"conf_358",7500,197,0.0012148821,4,5
"7183",5,14,"conf_358",250,198,1.3113780991,4,5
"7184",5,14,"conf_358",500,198,1.3113780991,4,5
"7185",5,14,"conf_358",1500,198,0.2222988159,4,5
"7186",5,14,"conf_358",2500,198,0.0411211699,4,5
"7187",5,14,"conf_358",5000,198,0.0134665395,4,5
"7188",5,14,"conf_358",7500,198,0.0025664024,4,5
"7189",5,14,"conf_358",250,199,0.8988381002,4,5
"7190",5,14,"conf_358",500,199,0.8988381002,4,5
"7191",5,14,"conf_358",1500,199,0.3023938723,4,5
"7192",5,14,"conf_358",2500,199,0.136132596,4,5
"7193",5,14,"conf_358",5000,199,0.0028627342,4,5
"7194",5,14,"conf_358",7500,199,0.0013481306,4,5
"7195",5,14,"conf_358",250,200,1.2766849863,4,5
"7196",5,14,"conf_358",500,200,0.422494395,4,5
"7197",5,14,"conf_358",1500,200,0.1658398807,4,5
"7198",5,14,"conf_358",2500,200,0.0362509419,4,5
"7199",5,14,"conf_358",5000,200,0.0090647827,4,5
"7200",5,14,"conf_358",7500,200,0.0019087521,4,5
"7201",5,15,"conf_358",250,1,65.4217650994,2,5
"7202",5,15,"conf_358",500,1,49.3639821393,2,5
"7203",5,15,"conf_358",1500,1,15.0088327477,2,5
"7204",5,15,"conf_358",2500,1,15.0088327477,2,5
"7205",5,15,"conf_358",5000,1,12.9814934499,2,5
"7206",5,15,"conf_358",7500,1,4.052939226,2,5
"7207",5,15,"conf_358",250,2,66.0601293012,2,5
"7208",5,15,"conf_358",500,2,63.3236365253,2,5
"7209",5,15,"conf_358",1500,2,28.7615347065,2,5
"7210",5,15,"conf_358",2500,2,20.7220897742,2,5
"7211",5,15,"conf_358",5000,2,14.2760859376,2,5
"7212",5,15,"conf_358",7500,2,12.8443405115,2,5
"7213",5,15,"conf_358",250,3,38.6976957365,2,5
"7214",5,15,"conf_358",500,3,36.8450792845,2,5
"7215",5,15,"conf_358",1500,3,28.070494921,2,5
"7216",5,15,"conf_358",2500,3,17.582085884,2,5
"7217",5,15,"conf_358",5000,3,13.7659553568,2,5
"7218",5,15,"conf_358",7500,3,11.5955800728,2,5
"7219",5,15,"conf_358",250,4,44.505477864,2,5
"7220",5,15,"conf_358",500,4,37.2266613262,2,5
"7221",5,15,"conf_358",1500,4,27.736966366,2,5
"7222",5,15,"conf_358",2500,4,11.4212964844,2,5
"7223",5,15,"conf_358",5000,4,11.4212964844,2,5
"7224",5,15,"conf_358",7500,4,11.4212964844,2,5
"7225",5,15,"conf_358",250,5,57.9309979858,2,5
"7226",5,15,"conf_358",500,5,40.2604308511,2,5
"7227",5,15,"conf_358",1500,5,25.2864358154,2,5
"7228",5,15,"conf_358",2500,5,21.0659630221,2,5
"7229",5,15,"conf_358",5000,5,14.4743345794,2,5
"7230",5,15,"conf_358",7500,5,7.2669929567,2,5
"7231",5,15,"conf_358",250,6,40.0892083405,2,5
"7232",5,15,"conf_358",500,6,35.5135276497,2,5
"7233",5,15,"conf_358",1500,6,25.6877115456,2,5
"7234",5,15,"conf_358",2500,6,20.6233254341,2,5
"7235",5,15,"conf_358",5000,6,10.6574528165,2,5
"7236",5,15,"conf_358",7500,6,10.6574528165,2,5
"7237",5,15,"conf_358",250,7,64.0132831233,2,5
"7238",5,15,"conf_358",500,7,50.6824808125,2,5
"7239",5,15,"conf_358",1500,7,22.9178517457,2,5
"7240",5,15,"conf_358",2500,7,13.6680708126,2,5
"7241",5,15,"conf_358",5000,7,12.3788774908,2,5
"7242",5,15,"conf_358",7500,7,7.4126168348,2,5
"7243",5,15,"conf_358",250,8,26.9584845094,2,5
"7244",5,15,"conf_358",500,8,26.9584845094,2,5
"7245",5,15,"conf_358",1500,8,18.9919990874,2,5
"7246",5,15,"conf_358",2500,8,18.9919990874,2,5
"7247",5,15,"conf_358",5000,8,15.4648680708,2,5
"7248",5,15,"conf_358",7500,8,11.6363725775,2,5
"7249",5,15,"conf_358",250,9,74.4247742304,2,5
"7250",5,15,"conf_358",500,9,37.8529991235,2,5
"7251",5,15,"conf_358",1500,9,27.8597904431,2,5
"7252",5,15,"conf_358",2500,9,12.8955179211,2,5
"7253",5,15,"conf_358",5000,9,10.6520643764,2,5
"7254",5,15,"conf_358",7500,9,8.3974783779,2,5
"7255",5,15,"conf_358",250,10,60.0043513113,2,5
"7256",5,15,"conf_358",500,10,50.0454307148,2,5
"7257",5,15,"conf_358",1500,10,22.3063217908,2,5
"7258",5,15,"conf_358",2500,10,12.7585029833,2,5
"7259",5,15,"conf_358",5000,10,11.3550963494,2,5
"7260",5,15,"conf_358",7500,10,7.4723452127,2,5
"7261",5,15,"conf_358",250,11,45.448425044,2,5
"7262",5,15,"conf_358",500,11,45.448425044,2,5
"7263",5,15,"conf_358",1500,11,21.9691584464,2,5
"7264",5,15,"conf_358",2500,11,15.109202646,2,5
"7265",5,15,"conf_358",5000,11,15.109202646,2,5
"7266",5,15,"conf_358",7500,11,9.4373192073,2,5
"7267",5,15,"conf_358",250,12,55.8945754394,2,5
"7268",5,15,"conf_358",500,12,36.2913898112,2,5
"7269",5,15,"conf_358",1500,12,25.3160209141,2,5
"7270",5,15,"conf_358",2500,12,23.1412121416,2,5
"7271",5,15,"conf_358",5000,12,5.3873883195,2,5
"7272",5,15,"conf_358",7500,12,5.3873883195,2,5
"7273",5,15,"conf_358",250,13,71.6056663901,2,5
"7274",5,15,"conf_358",500,13,29.2734145737,2,5
"7275",5,15,"conf_358",1500,13,27.6584421866,2,5
"7276",5,15,"conf_358",2500,13,10.1495506389,2,5
"7277",5,15,"conf_358",5000,13,10.1495506389,2,5
"7278",5,15,"conf_358",7500,13,10.1495506389,2,5
"7279",5,15,"conf_358",250,14,59.884240262,2,5
"7280",5,15,"conf_358",500,14,49.4193834037,2,5
"7281",5,15,"conf_358",1500,14,21.3662147927,2,5
"7282",5,15,"conf_358",2500,14,11.3292521527,2,5
"7283",5,15,"conf_358",5000,14,11.3292521527,2,5
"7284",5,15,"conf_358",7500,14,11.3292521527,2,5
"7285",5,15,"conf_358",250,15,53.1393854239,2,5
"7286",5,15,"conf_358",500,15,53.1393854239,2,5
"7287",5,15,"conf_358",1500,15,28.3666760313,2,5
"7288",5,15,"conf_358",2500,15,15.2300484614,2,5
"7289",5,15,"conf_358",5000,15,15.2300484614,2,5
"7290",5,15,"conf_358",7500,15,5.1176460347,2,5
"7291",5,15,"conf_358",250,16,42.9748049791,2,5
"7292",5,15,"conf_358",500,16,42.9748049791,2,5
"7293",5,15,"conf_358",1500,16,14.6110663269,2,5
"7294",5,15,"conf_358",2500,16,14.6110663269,2,5
"7295",5,15,"conf_358",5000,16,13.1431157495,2,5
"7296",5,15,"conf_358",7500,16,11.8162154685,2,5
"7297",5,15,"conf_358",250,17,51.5686423614,2,5
"7298",5,15,"conf_358",500,17,44.504453222,2,5
"7299",5,15,"conf_358",1500,17,18.0103618138,2,5
"7300",5,15,"conf_358",2500,17,18.0103618138,2,5
"7301",5,15,"conf_358",5000,17,15.861815764,2,5
"7302",5,15,"conf_358",7500,17,8.4358955195,2,5
"7303",5,15,"conf_358",250,18,54.2479572896,2,5
"7304",5,15,"conf_358",500,18,49.6648030546,2,5
"7305",5,15,"conf_358",1500,18,23.3211612019,2,5
"7306",5,15,"conf_358",2500,18,20.0439455399,2,5
"7307",5,15,"conf_358",5000,18,11.7222682863,2,5
"7308",5,15,"conf_358",7500,18,4.5785936304,2,5
"7309",5,15,"conf_358",250,19,58.9622888979,2,5
"7310",5,15,"conf_358",500,19,33.4932052191,2,5
"7311",5,15,"conf_358",1500,19,23.7004291516,2,5
"7312",5,15,"conf_358",2500,19,21.7276798672,2,5
"7313",5,15,"conf_358",5000,19,11.0744204394,2,5
"7314",5,15,"conf_358",7500,19,11.0744204394,2,5
"7315",5,15,"conf_358",250,20,60.0065974789,2,5
"7316",5,15,"conf_358",500,20,40.2739568103,2,5
"7317",5,15,"conf_358",1500,20,20.8226797766,2,5
"7318",5,15,"conf_358",2500,20,16.9333374353,2,5
"7319",5,15,"conf_358",5000,20,8.3849007093,2,5
"7320",5,15,"conf_358",7500,20,7.2337680139,2,5
"7321",5,15,"conf_358",250,21,32.4782926585,2,5
"7322",5,15,"conf_358",500,21,32.4782926585,2,5
"7323",5,15,"conf_358",1500,21,25.2105714786,2,5
"7324",5,15,"conf_358",2500,21,19.5128600686,2,5
"7325",5,15,"conf_358",5000,21,14.3404341826,2,5
"7326",5,15,"conf_358",7500,21,10.0394065783,2,5
"7327",5,15,"conf_358",250,22,48.6862326555,2,5
"7328",5,15,"conf_358",500,22,48.6862326555,2,5
"7329",5,15,"conf_358",1500,22,25.5363716264,2,5
"7330",5,15,"conf_358",2500,22,18.8339324378,2,5
"7331",5,15,"conf_358",5000,22,17.9049292539,2,5
"7332",5,15,"conf_358",7500,22,9.642121519,2,5
"7333",5,15,"conf_358",250,23,46.6187221712,2,5
"7334",5,15,"conf_358",500,23,46.6187221712,2,5
"7335",5,15,"conf_358",1500,23,31.2450410248,2,5
"7336",5,15,"conf_358",2500,23,23.5237707479,2,5
"7337",5,15,"conf_358",5000,23,11.6225848053,2,5
"7338",5,15,"conf_358",7500,23,9.324734386,2,5
"7339",5,15,"conf_358",250,24,48.3676723553,2,5
"7340",5,15,"conf_358",500,24,48.3676723553,2,5
"7341",5,15,"conf_358",1500,24,25.3109332461,2,5
"7342",5,15,"conf_358",2500,24,24.0899584864,2,5
"7343",5,15,"conf_358",5000,24,16.5774981156,2,5
"7344",5,15,"conf_358",7500,24,9.8762776918,2,5
"7345",5,15,"conf_358",250,25,38.9021100792,2,5
"7346",5,15,"conf_358",500,25,29.0538886688,2,5
"7347",5,15,"conf_358",1500,25,23.7286854988,2,5
"7348",5,15,"conf_358",2500,25,23.7286854988,2,5
"7349",5,15,"conf_358",5000,25,9.5119071625,2,5
"7350",5,15,"conf_358",7500,25,9.5119071625,2,5
"7351",5,15,"conf_358",250,26,63.0894920882,2,5
"7352",5,15,"conf_358",500,26,36.45187057,2,5
"7353",5,15,"conf_358",1500,26,20.8458281999,2,5
"7354",5,15,"conf_358",2500,26,18.9125712858,2,5
"7355",5,15,"conf_358",5000,26,11.7004829309,2,5
"7356",5,15,"conf_358",7500,26,11.7004829309,2,5
"7357",5,15,"conf_358",250,27,48.5286756726,2,5
"7358",5,15,"conf_358",500,27,47.884337047,2,5
"7359",5,15,"conf_358",1500,27,30.0991276434,2,5
"7360",5,15,"conf_358",2500,27,16.4609162993,2,5
"7361",5,15,"conf_358",5000,27,5.2374537352,2,5
"7362",5,15,"conf_358",7500,27,5.2374537352,2,5
"7363",5,15,"conf_358",250,28,52.7598088602,2,5
"7364",5,15,"conf_358",500,28,37.8830929273,2,5
"7365",5,15,"conf_358",1500,28,26.2897091634,2,5
"7366",5,15,"conf_358",2500,28,19.030093623,2,5
"7367",5,15,"conf_358",5000,28,10.6519071324,2,5
"7368",5,15,"conf_358",7500,28,9.4997159383,2,5
"7369",5,15,"conf_358",250,29,37.8656289179,2,5
"7370",5,15,"conf_358",500,29,35.3405125297,2,5
"7371",5,15,"conf_358",1500,29,20.0819479324,2,5
"7372",5,15,"conf_358",2500,29,20.0819479324,2,5
"7373",5,15,"conf_358",5000,29,5.7699544611,2,5
"7374",5,15,"conf_358",7500,29,5.7699544611,2,5
"7375",5,15,"conf_358",250,30,55.6679052733,2,5
"7376",5,15,"conf_358",500,30,49.0464865667,2,5
"7377",5,15,"conf_358",1500,30,22.1876067386,2,5
"7378",5,15,"conf_358",2500,30,19.9690229833,2,5
"7379",5,15,"conf_358",5000,30,12.3134941338,2,5
"7380",5,15,"conf_358",7500,30,11.6234194344,2,5
"7381",5,15,"conf_358",250,31,43.0486668784,2,5
"7382",5,15,"conf_358",500,31,43.0486668784,2,5
"7383",5,15,"conf_358",1500,31,20.3466480042,2,5
"7384",5,15,"conf_358",2500,31,20.3466480042,2,5
"7385",5,15,"conf_358",5000,31,19.4046877972,2,5
"7386",5,15,"conf_358",7500,31,13.6705126275,2,5
"7387",5,15,"conf_358",250,32,44.1704859415,2,5
"7388",5,15,"conf_358",500,32,38.6472090753,2,5
"7389",5,15,"conf_358",1500,32,27.4585975712,2,5
"7390",5,15,"conf_358",2500,32,22.3279653383,2,5
"7391",5,15,"conf_358",5000,32,11.9660764923,2,5
"7392",5,15,"conf_358",7500,32,7.0364641961,2,5
"7393",5,15,"conf_358",250,33,37.376247852,2,5
"7394",5,15,"conf_358",500,33,37.376247852,2,5
"7395",5,15,"conf_358",1500,33,30.6789625002,2,5
"7396",5,15,"conf_358",2500,33,12.0569436103,2,5
"7397",5,15,"conf_358",5000,33,12.0569436103,2,5
"7398",5,15,"conf_358",7500,33,5.5281970123,2,5
"7399",5,15,"conf_358",250,34,60.9447786057,2,5
"7400",5,15,"conf_358",500,34,51.7901302361,2,5
"7401",5,15,"conf_358",1500,34,27.9873966054,2,5
"7402",5,15,"conf_358",2500,34,17.062346476,2,5
"7403",5,15,"conf_358",5000,34,11.312244667,2,5
"7404",5,15,"conf_358",7500,34,6.9520086668,2,5
"7405",5,15,"conf_358",250,35,22.3838283319,2,5
"7406",5,15,"conf_358",500,35,22.3838283319,2,5
"7407",5,15,"conf_358",1500,35,22.3838283319,2,5
"7408",5,15,"conf_358",2500,35,13.2311014544,2,5
"7409",5,15,"conf_358",5000,35,12.3268810422,2,5
"7410",5,15,"conf_358",7500,35,10.1397292678,2,5
"7411",5,15,"conf_358",250,36,24.1800759061,2,5
"7412",5,15,"conf_358",500,36,24.1800759061,2,5
"7413",5,15,"conf_358",1500,36,19.3794660528,2,5
"7414",5,15,"conf_358",2500,36,14.3625044329,2,5
"7415",5,15,"conf_358",5000,36,11.0661357783,2,5
"7416",5,15,"conf_358",7500,36,10.6863531047,2,5
"7417",5,15,"conf_358",250,37,59.4921045862,2,5
"7418",5,15,"conf_358",500,37,46.9280047237,2,5
"7419",5,15,"conf_358",1500,37,22.0323370724,2,5
"7420",5,15,"conf_358",2500,37,21.7957093924,2,5
"7421",5,15,"conf_358",5000,37,9.722332673,2,5
"7422",5,15,"conf_358",7500,37,9.722332673,2,5
"7423",5,15,"conf_358",250,38,65.3969445246,2,5
"7424",5,15,"conf_358",500,38,60.6163555722,2,5
"7425",5,15,"conf_358",1500,38,29.7324511252,2,5
"7426",5,15,"conf_358",2500,38,18.8815154212,2,5
"7427",5,15,"conf_358",5000,38,12.8741077798,2,5
"7428",5,15,"conf_358",7500,38,3.7084290882,2,5
"7429",5,15,"conf_358",250,39,50.4342418877,2,5
"7430",5,15,"conf_358",500,39,50.4342418877,2,5
"7431",5,15,"conf_358",1500,39,10.8241250674,2,5
"7432",5,15,"conf_358",2500,39,10.8241250674,2,5
"7433",5,15,"conf_358",5000,39,10.8241250674,2,5
"7434",5,15,"conf_358",7500,39,10.7164003299,2,5
"7435",5,15,"conf_358",250,40,40.8780899327,2,5
"7436",5,15,"conf_358",500,40,40.8780899327,2,5
"7437",5,15,"conf_358",1500,40,32.4388150358,2,5
"7438",5,15,"conf_358",2500,40,16.9116158546,2,5
"7439",5,15,"conf_358",5000,40,15.2139566728,2,5
"7440",5,15,"conf_358",7500,40,10.7803304373,2,5
"7441",5,15,"conf_358",250,41,48.0975636777,2,5
"7442",5,15,"conf_358",500,41,40.7723982215,2,5
"7443",5,15,"conf_358",1500,41,37.4411060795,2,5
"7444",5,15,"conf_358",2500,41,22.9056147734,2,5
"7445",5,15,"conf_358",5000,41,12.6003156967,2,5
"7446",5,15,"conf_358",7500,41,8.8280335094,2,5
"7447",5,15,"conf_358",250,42,57.094805055,2,5
"7448",5,15,"conf_358",500,42,49.5906347644,2,5
"7449",5,15,"conf_358",1500,42,32.2923778606,2,5
"7450",5,15,"conf_358",2500,42,29.982294891,2,5
"7451",5,15,"conf_358",5000,42,9.2031758571,2,5
"7452",5,15,"conf_358",7500,42,9.2031758571,2,5
"7453",5,15,"conf_358",250,43,49.1549169852,2,5
"7454",5,15,"conf_358",500,43,42.0900955423,2,5
"7455",5,15,"conf_358",1500,43,22.3285059602,2,5
"7456",5,15,"conf_358",2500,43,12.7709488459,2,5
"7457",5,15,"conf_358",5000,43,12.7709488459,2,5
"7458",5,15,"conf_358",7500,43,11.6968378731,2,5
"7459",5,15,"conf_358",250,44,63.1069607329,2,5
"7460",5,15,"conf_358",500,44,46.081716976,2,5
"7461",5,15,"conf_358",1500,44,20.1235050459,2,5
"7462",5,15,"conf_358",2500,44,16.111826977,2,5
"7463",5,15,"conf_358",5000,44,11.886975328,2,5
"7464",5,15,"conf_358",7500,44,3.9454419733,2,5
"7465",5,15,"conf_358",250,45,51.6702543145,2,5
"7466",5,15,"conf_358",500,45,47.764059286,2,5
"7467",5,15,"conf_358",1500,45,12.2571283284,2,5
"7468",5,15,"conf_358",2500,45,12.2571283284,2,5
"7469",5,15,"conf_358",5000,45,12.2571283284,2,5
"7470",5,15,"conf_358",7500,45,11.335897086,2,5
"7471",5,15,"conf_358",250,46,60.102453244,2,5
"7472",5,15,"conf_358",500,46,58.6951710645,2,5
"7473",5,15,"conf_358",1500,46,20.1142843613,2,5
"7474",5,15,"conf_358",2500,46,20.1142843613,2,5
"7475",5,15,"conf_358",5000,46,12.4685756808,2,5
"7476",5,15,"conf_358",7500,46,7.4584180448,2,5
"7477",5,15,"conf_358",250,47,61.5871704077,2,5
"7478",5,15,"conf_358",500,47,33.9060325723,2,5
"7479",5,15,"conf_358",1500,47,27.1976038738,2,5
"7480",5,15,"conf_358",2500,47,3.5675070115,2,5
"7481",5,15,"conf_358",5000,47,3.3065149146,2,5
"7482",5,15,"conf_358",7500,47,3.3065149146,2,5
"7483",5,15,"conf_358",250,48,40.8084797495,2,5
"7484",5,15,"conf_358",500,48,40.8084797495,2,5
"7485",5,15,"conf_358",1500,48,12.831801448,2,5
"7486",5,15,"conf_358",2500,48,12.6504303093,2,5
"7487",5,15,"conf_358",5000,48,12.6504303093,2,5
"7488",5,15,"conf_358",7500,48,11.751114702,2,5
"7489",5,15,"conf_358",250,49,53.0605869196,2,5
"7490",5,15,"conf_358",500,49,53.0605869196,2,5
"7491",5,15,"conf_358",1500,49,16.0386218263,2,5
"7492",5,15,"conf_358",2500,49,15.9214288291,2,5
"7493",5,15,"conf_358",5000,49,10.3836660075,2,5
"7494",5,15,"conf_358",7500,49,4.7670971118,2,5
"7495",5,15,"conf_358",250,50,68.1794629558,2,5
"7496",5,15,"conf_358",500,50,22.2503783204,2,5
"7497",5,15,"conf_358",1500,50,11.9924260948,2,5
"7498",5,15,"conf_358",2500,50,11.9924260948,2,5
"7499",5,15,"conf_358",5000,50,11.9924260948,2,5
"7500",5,15,"conf_358",7500,50,7.925708667,2,5
"7501",5,15,"conf_358",250,51,70.7357889481,3,5
"7502",5,15,"conf_358",500,51,30.5074571283,3,5
"7503",5,15,"conf_358",1500,51,26.470142177,3,5
"7504",5,15,"conf_358",2500,51,24.638688889,3,5
"7505",5,15,"conf_358",5000,51,14.3709170347,3,5
"7506",5,15,"conf_358",7500,51,9.3879710709,3,5
"7507",5,15,"conf_358",250,52,59.966963739,3,5
"7508",5,15,"conf_358",500,52,40.678621971,3,5
"7509",5,15,"conf_358",1500,52,17.2639500252,3,5
"7510",5,15,"conf_358",2500,52,14.5160450705,3,5
"7511",5,15,"conf_358",5000,52,8.6440179679,3,5
"7512",5,15,"conf_358",7500,52,6.2427901562,3,5
"7513",5,15,"conf_358",250,53,64.3571136981,3,5
"7514",5,15,"conf_358",500,53,47.6381336308,3,5
"7515",5,15,"conf_358",1500,53,16.1577632187,3,5
"7516",5,15,"conf_358",2500,53,16.1577632187,3,5
"7517",5,15,"conf_358",5000,53,9.555323569,3,5
"7518",5,15,"conf_358",7500,53,8.1838796654,3,5
"7519",5,15,"conf_358",250,54,60.1165230524,3,5
"7520",5,15,"conf_358",500,54,36.9513021903,3,5
"7521",5,15,"conf_358",1500,54,27.6079888319,3,5
"7522",5,15,"conf_358",2500,54,18.8764055506,3,5
"7523",5,15,"conf_358",5000,54,12.2042808263,3,5
"7524",5,15,"conf_358",7500,54,8.7478089656,3,5
"7525",5,15,"conf_358",250,55,48.9665449562,3,5
"7526",5,15,"conf_358",500,55,39.3869181877,3,5
"7527",5,15,"conf_358",1500,55,26.1074853633,3,5
"7528",5,15,"conf_358",2500,55,12.4653022205,3,5
"7529",5,15,"conf_358",5000,55,12.4653022205,3,5
"7530",5,15,"conf_358",7500,55,5.8491694414,3,5
"7531",5,15,"conf_358",250,56,29.7865679167,3,5
"7532",5,15,"conf_358",500,56,29.7865679167,3,5
"7533",5,15,"conf_358",1500,56,22.7816856382,3,5
"7534",5,15,"conf_358",2500,56,15.3291028412,3,5
"7535",5,15,"conf_358",5000,56,15.3291028412,3,5
"7536",5,15,"conf_358",7500,56,9.6226765256,3,5
"7537",5,15,"conf_358",250,57,36.3561196244,3,5
"7538",5,15,"conf_358",500,57,36.3561196244,3,5
"7539",5,15,"conf_358",1500,57,29.1453753963,3,5
"7540",5,15,"conf_358",2500,57,19.9967772812,3,5
"7541",5,15,"conf_358",5000,57,17.2707688016,3,5
"7542",5,15,"conf_358",7500,57,12.9890415278,3,5
"7543",5,15,"conf_358",250,58,34.2942167549,3,5
"7544",5,15,"conf_358",500,58,34.2942167549,3,5
"7545",5,15,"conf_358",1500,58,23.0638077083,3,5
"7546",5,15,"conf_358",2500,58,11.3723601214,3,5
"7547",5,15,"conf_358",5000,58,11.3723601214,3,5
"7548",5,15,"conf_358",7500,58,10.6398377616,3,5
"7549",5,15,"conf_358",250,59,43.5295894517,3,5
"7550",5,15,"conf_358",500,59,43.5295894517,3,5
"7551",5,15,"conf_358",1500,59,29.2903479951,3,5
"7552",5,15,"conf_358",2500,59,21.8992546307,3,5
"7553",5,15,"conf_358",5000,59,15.4887845093,3,5
"7554",5,15,"conf_358",7500,59,7.6154795644,3,5
"7555",5,15,"conf_358",250,60,41.1750748739,3,5
"7556",5,15,"conf_358",500,60,33.783764802,3,5
"7557",5,15,"conf_358",1500,60,14.5771730315,3,5
"7558",5,15,"conf_358",2500,60,11.9408787645,3,5
"7559",5,15,"conf_358",5000,60,9.2181147361,3,5
"7560",5,15,"conf_358",7500,60,5.3176035802,3,5
"7561",5,15,"conf_358",250,61,51.3083095345,3,5
"7562",5,15,"conf_358",500,61,33.8989692027,3,5
"7563",5,15,"conf_358",1500,61,28.8787038648,3,5
"7564",5,15,"conf_358",2500,61,15.7049587859,3,5
"7565",5,15,"conf_358",5000,61,14.2048138464,3,5
"7566",5,15,"conf_358",7500,61,10.2692098899,3,5
"7567",5,15,"conf_358",250,62,70.5021142332,3,5
"7568",5,15,"conf_358",500,62,57.050997182,3,5
"7569",5,15,"conf_358",1500,62,33.799916116,3,5
"7570",5,15,"conf_358",2500,62,22.21964325,3,5
"7571",5,15,"conf_358",5000,62,7.1732825687,3,5
"7572",5,15,"conf_358",7500,62,7.1732825687,3,5
"7573",5,15,"conf_358",250,63,47.0532593063,3,5
"7574",5,15,"conf_358",500,63,47.0532593063,3,5
"7575",5,15,"conf_358",1500,63,36.4011559672,3,5
"7576",5,15,"conf_358",2500,63,23.859139824,3,5
"7577",5,15,"conf_358",5000,63,18.2098861912,3,5
"7578",5,15,"conf_358",7500,63,18.2098861912,3,5
"7579",5,15,"conf_358",250,64,71.9459086042,3,5
"7580",5,15,"conf_358",500,64,28.3073370077,3,5
"7581",5,15,"conf_358",1500,64,27.1827697474,3,5
"7582",5,15,"conf_358",2500,64,20.4453307415,3,5
"7583",5,15,"conf_358",5000,64,14.446768702,3,5
"7584",5,15,"conf_358",7500,64,9.2270389731,3,5
"7585",5,15,"conf_358",250,65,69.4189885077,3,5
"7586",5,15,"conf_358",500,65,51.6470698203,3,5
"7587",5,15,"conf_358",1500,65,28.2809032004,3,5
"7588",5,15,"conf_358",2500,65,18.2055141673,3,5
"7589",5,15,"conf_358",5000,65,10.0747576135,3,5
"7590",5,15,"conf_358",7500,65,10.0747576135,3,5
"7591",5,15,"conf_358",250,66,47.0257112179,3,5
"7592",5,15,"conf_358",500,66,34.5941596678,3,5
"7593",5,15,"conf_358",1500,66,32.2905744599,3,5
"7594",5,15,"conf_358",2500,66,14.3582791061,3,5
"7595",5,15,"conf_358",5000,66,6.6968485596,3,5
"7596",5,15,"conf_358",7500,66,6.6968485596,3,5
"7597",5,15,"conf_358",250,67,46.5743976052,3,5
"7598",5,15,"conf_358",500,67,44.7131160446,3,5
"7599",5,15,"conf_358",1500,67,26.7986305089,3,5
"7600",5,15,"conf_358",2500,67,12.7112460871,3,5
"7601",5,15,"conf_358",5000,67,11.0203253226,3,5
"7602",5,15,"conf_358",7500,67,7.2535740329,3,5
"7603",5,15,"conf_358",250,68,53.7874820475,3,5
"7604",5,15,"conf_358",500,68,39.267401559,3,5
"7605",5,15,"conf_358",1500,68,17.0379431417,3,5
"7606",5,15,"conf_358",2500,68,12.6807499095,3,5
"7607",5,15,"conf_358",5000,68,8.8866191855,3,5
"7608",5,15,"conf_358",7500,68,7.0498521438,3,5
"7609",5,15,"conf_358",250,69,37.4737111045,3,5
"7610",5,15,"conf_358",500,69,37.4737111045,3,5
"7611",5,15,"conf_358",1500,69,16.9820472264,3,5
"7612",5,15,"conf_358",2500,69,16.9820472264,3,5
"7613",5,15,"conf_358",5000,69,8.959961316,3,5
"7614",5,15,"conf_358",7500,69,7.0219787216,3,5
"7615",5,15,"conf_358",250,70,52.4217580462,3,5
"7616",5,15,"conf_358",500,70,36.0603403536,3,5
"7617",5,15,"conf_358",1500,70,30.7987642188,3,5
"7618",5,15,"conf_358",2500,70,18.2905055486,3,5
"7619",5,15,"conf_358",5000,70,12.4642720251,3,5
"7620",5,15,"conf_358",7500,70,6.2196066823,3,5
"7621",5,15,"conf_358",250,71,56.2706800717,3,5
"7622",5,15,"conf_358",500,71,49.4389716574,3,5
"7623",5,15,"conf_358",1500,71,25.4707245281,3,5
"7624",5,15,"conf_358",2500,71,13.3443890415,3,5
"7625",5,15,"conf_358",5000,71,11.5915686588,3,5
"7626",5,15,"conf_358",7500,71,8.0715091755,3,5
"7627",5,15,"conf_358",250,72,65.1116049866,3,5
"7628",5,15,"conf_358",500,72,51.3211796694,3,5
"7629",5,15,"conf_358",1500,72,26.291547383,3,5
"7630",5,15,"conf_358",2500,72,17.8895700768,3,5
"7631",5,15,"conf_358",5000,72,16.4775905823,3,5
"7632",5,15,"conf_358",7500,72,9.2777372583,3,5
"7633",5,15,"conf_358",250,73,48.5552857925,3,5
"7634",5,15,"conf_358",500,73,40.6911012898,3,5
"7635",5,15,"conf_358",1500,73,26.0275514194,3,5
"7636",5,15,"conf_358",2500,73,18.2568174429,3,5
"7637",5,15,"conf_358",5000,73,7.9978002574,3,5
"7638",5,15,"conf_358",7500,73,1.4972948065,3,5
"7639",5,15,"conf_358",250,74,72.3397735295,3,5
"7640",5,15,"conf_358",500,74,39.821267785,3,5
"7641",5,15,"conf_358",1500,74,7.0603481643,3,5
"7642",5,15,"conf_358",2500,74,7.0603481643,3,5
"7643",5,15,"conf_358",5000,74,5.9795046338,3,5
"7644",5,15,"conf_358",7500,74,5.4223523374,3,5
"7645",5,15,"conf_358",250,75,71.5797237283,3,5
"7646",5,15,"conf_358",500,75,57.7490126982,3,5
"7647",5,15,"conf_358",1500,75,27.4013250693,3,5
"7648",5,15,"conf_358",2500,75,27.4013250693,3,5
"7649",5,15,"conf_358",5000,75,8.707103929,3,5
"7650",5,15,"conf_358",7500,75,7.341016112,3,5
"7651",5,15,"conf_358",250,76,11.2788833364,3,5
"7652",5,15,"conf_358",500,76,11.2788833364,3,5
"7653",5,15,"conf_358",1500,76,11.2788833364,3,5
"7654",5,15,"conf_358",2500,76,11.2788833364,3,5
"7655",5,15,"conf_358",5000,76,9.2397452715,3,5
"7656",5,15,"conf_358",7500,76,5.2370738384,3,5
"7657",5,15,"conf_358",250,77,69.6651358833,3,5
"7658",5,15,"conf_358",500,77,40.1709729374,3,5
"7659",5,15,"conf_358",1500,77,30.8214306197,3,5
"7660",5,15,"conf_358",2500,77,10.6978214978,3,5
"7661",5,15,"conf_358",5000,77,10.6978214978,3,5
"7662",5,15,"conf_358",7500,77,10.6838314903,3,5
"7663",5,15,"conf_358",250,78,56.8709964765,3,5
"7664",5,15,"conf_358",500,78,35.2911284668,3,5
"7665",5,15,"conf_358",1500,78,28.9958186103,3,5
"7666",5,15,"conf_358",2500,78,21.2435715848,3,5
"7667",5,15,"conf_358",5000,78,2.3379059257,3,5
"7668",5,15,"conf_358",7500,78,2.3379059257,3,5
"7669",5,15,"conf_358",250,79,82.3724433732,3,5
"7670",5,15,"conf_358",500,79,55.6534372625,3,5
"7671",5,15,"conf_358",1500,79,27.6122238351,3,5
"7672",5,15,"conf_358",2500,79,16.9664823035,3,5
"7673",5,15,"conf_358",5000,79,16.9664823035,3,5
"7674",5,15,"conf_358",7500,79,9.3490704365,3,5
"7675",5,15,"conf_358",250,80,46.3541509377,3,5
"7676",5,15,"conf_358",500,80,46.3541509377,3,5
"7677",5,15,"conf_358",1500,80,33.7882885623,3,5
"7678",5,15,"conf_358",2500,80,17.2773903425,3,5
"7679",5,15,"conf_358",5000,80,14.0342725548,3,5
"7680",5,15,"conf_358",7500,80,14.0342725548,3,5
"7681",5,15,"conf_358",250,81,62.8183813614,3,5
"7682",5,15,"conf_358",500,81,50.4350861148,3,5
"7683",5,15,"conf_358",1500,81,26.6553988935,3,5
"7684",5,15,"conf_358",2500,81,21.2508326887,3,5
"7685",5,15,"conf_358",5000,81,13.7481324386,3,5
"7686",5,15,"conf_358",7500,81,10.5872910061,3,5
"7687",5,15,"conf_358",250,82,64.043508033,3,5
"7688",5,15,"conf_358",500,82,43.5430221856,3,5
"7689",5,15,"conf_358",1500,82,38.5956727542,3,5
"7690",5,15,"conf_358",2500,82,23.7492273455,3,5
"7691",5,15,"conf_358",5000,82,15.7049632528,3,5
"7692",5,15,"conf_358",7500,82,8.1292614502,3,5
"7693",5,15,"conf_358",250,83,51.5872423346,3,5
"7694",5,15,"conf_358",500,83,49.5773963015,3,5
"7695",5,15,"conf_358",1500,83,23.68486351,3,5
"7696",5,15,"conf_358",2500,83,21.9030426893,3,5
"7697",5,15,"conf_358",5000,83,14.1236816368,3,5
"7698",5,15,"conf_358",7500,83,10.2518736663,3,5
"7699",5,15,"conf_358",250,84,65.1492007699,3,5
"7700",5,15,"conf_358",500,84,37.1820031545,3,5
"7701",5,15,"conf_358",1500,84,31.2197931699,3,5
"7702",5,15,"conf_358",2500,84,15.6428593014,3,5
"7703",5,15,"conf_358",5000,84,11.4100627864,3,5
"7704",5,15,"conf_358",7500,84,9.2979855814,3,5
"7705",5,15,"conf_358",250,85,74.8762861908,3,5
"7706",5,15,"conf_358",500,85,36.5450681962,3,5
"7707",5,15,"conf_358",1500,85,21.2979248998,3,5
"7708",5,15,"conf_358",2500,85,21.2979248998,3,5
"7709",5,15,"conf_358",5000,85,15.2555216791,3,5
"7710",5,15,"conf_358",7500,85,11.5635602307,3,5
"7711",5,15,"conf_358",250,86,88.0364009209,3,5
"7712",5,15,"conf_358",500,86,34.8998818067,3,5
"7713",5,15,"conf_358",1500,86,30.7395340312,3,5
"7714",5,15,"conf_358",2500,86,24.4665892424,3,5
"7715",5,15,"conf_358",5000,86,15.2176980111,3,5
"7716",5,15,"conf_358",7500,86,7.630204066,3,5
"7717",5,15,"conf_358",250,87,43.7144763825,3,5
"7718",5,15,"conf_358",500,87,43.7144763825,3,5
"7719",5,15,"conf_358",1500,87,20.993077675,3,5
"7720",5,15,"conf_358",2500,87,19.8770304425,3,5
"7721",5,15,"conf_358",5000,87,11.8474096675,3,5
"7722",5,15,"conf_358",7500,87,6.4349843274,3,5
"7723",5,15,"conf_358",250,88,40.7511852581,3,5
"7724",5,15,"conf_358",500,88,40.7511852581,3,5
"7725",5,15,"conf_358",1500,88,28.7524727316,3,5
"7726",5,15,"conf_358",2500,88,22.3827741576,3,5
"7727",5,15,"conf_358",5000,88,16.7821967659,3,5
"7728",5,15,"conf_358",7500,88,11.9488607894,3,5
"7729",5,15,"conf_358",250,89,29.327481707,3,5
"7730",5,15,"conf_358",500,89,29.327481707,3,5
"7731",5,15,"conf_358",1500,89,12.6115709201,3,5
"7732",5,15,"conf_358",2500,89,12.3819432808,3,5
"7733",5,15,"conf_358",5000,89,11.3174643242,3,5
"7734",5,15,"conf_358",7500,89,5.3001404003,3,5
"7735",5,15,"conf_358",250,90,61.7179890636,3,5
"7736",5,15,"conf_358",500,90,49.6844425043,3,5
"7737",5,15,"conf_358",1500,90,31.0942346817,3,5
"7738",5,15,"conf_358",2500,90,24.2542138885,3,5
"7739",5,15,"conf_358",5000,90,12.4942214358,3,5
"7740",5,15,"conf_358",7500,90,8.6835759619,3,5
"7741",5,15,"conf_358",250,91,52.5703828323,3,5
"7742",5,15,"conf_358",500,91,45.7947999297,3,5
"7743",5,15,"conf_358",1500,91,27.852397696,3,5
"7744",5,15,"conf_358",2500,91,24.0546053928,3,5
"7745",5,15,"conf_358",5000,91,12.3179251507,3,5
"7746",5,15,"conf_358",7500,91,7.2379550352,3,5
"7747",5,15,"conf_358",250,92,51.9795904992,3,5
"7748",5,15,"conf_358",500,92,51.9795904992,3,5
"7749",5,15,"conf_358",1500,92,34.4851686452,3,5
"7750",5,15,"conf_358",2500,92,16.4156438617,3,5
"7751",5,15,"conf_358",5000,92,16.4156438617,3,5
"7752",5,15,"conf_358",7500,92,9.8669258119,3,5
"7753",5,15,"conf_358",250,93,40.778873277,3,5
"7754",5,15,"conf_358",500,93,40.778873277,3,5
"7755",5,15,"conf_358",1500,93,30.5737978886,3,5
"7756",5,15,"conf_358",2500,93,19.8348523014,3,5
"7757",5,15,"conf_358",5000,93,10.2664531795,3,5
"7758",5,15,"conf_358",7500,93,5.7666865218,3,5
"7759",5,15,"conf_358",250,94,52.0409359408,3,5
"7760",5,15,"conf_358",500,94,47.3871517296,3,5
"7761",5,15,"conf_358",1500,94,25.1887073806,3,5
"7762",5,15,"conf_358",2500,94,19.5961025924,3,5
"7763",5,15,"conf_358",5000,94,16.2165605034,3,5
"7764",5,15,"conf_358",7500,94,11.8937370891,3,5
"7765",5,15,"conf_358",250,95,56.4983473245,3,5
"7766",5,15,"conf_358",500,95,42.4459939611,3,5
"7767",5,15,"conf_358",1500,95,17.3563597688,3,5
"7768",5,15,"conf_358",2500,95,16.2778404024,3,5
"7769",5,15,"conf_358",5000,95,9.7056149772,3,5
"7770",5,15,"conf_358",7500,95,9.1704860909,3,5
"7771",5,15,"conf_358",250,96,71.496308509,3,5
"7772",5,15,"conf_358",500,96,60.9461616471,3,5
"7773",5,15,"conf_358",1500,96,26.8427642056,3,5
"7774",5,15,"conf_358",2500,96,19.5570132157,3,5
"7775",5,15,"conf_358",5000,96,11.8856341981,3,5
"7776",5,15,"conf_358",7500,96,8.7926831195,3,5
"7777",5,15,"conf_358",250,97,63.2497020847,3,5
"7778",5,15,"conf_358",500,97,29.3994130732,3,5
"7779",5,15,"conf_358",1500,97,23.6038668943,3,5
"7780",5,15,"conf_358",2500,97,23.4442932544,3,5
"7781",5,15,"conf_358",5000,97,12.7936089865,3,5
"7782",5,15,"conf_358",7500,97,10.1482932219,3,5
"7783",5,15,"conf_358",250,98,66.2780865875,3,5
"7784",5,15,"conf_358",500,98,52.3370634983,3,5
"7785",5,15,"conf_358",1500,98,28.8580261211,3,5
"7786",5,15,"conf_358",2500,98,22.5583242095,3,5
"7787",5,15,"conf_358",5000,98,11.8295714927,3,5
"7788",5,15,"conf_358",7500,98,11.1502811346,3,5
"7789",5,15,"conf_358",250,99,52.1792929558,3,5
"7790",5,15,"conf_358",500,99,52.1792929558,3,5
"7791",5,15,"conf_358",1500,99,26.8841945909,3,5
"7792",5,15,"conf_358",2500,99,18.713901065,3,5
"7793",5,15,"conf_358",5000,99,10.7521793755,3,5
"7794",5,15,"conf_358",7500,99,10.7521793755,3,5
"7795",5,15,"conf_358",250,100,67.7692449868,3,5
"7796",5,15,"conf_358",500,100,50.0596169425,3,5
"7797",5,15,"conf_358",1500,100,30.0291938336,3,5
"7798",5,15,"conf_358",2500,100,15.7540794636,3,5
"7799",5,15,"conf_358",5000,100,11.5896975002,3,5
"7800",5,15,"conf_358",7500,100,9.9997207393,3,5
"7801",5,15,"conf_358",250,101,50.6675927253,1,5
"7802",5,15,"conf_358",500,101,50.6675927253,1,5
"7803",5,15,"conf_358",1500,101,27.2019198136,1,5
"7804",5,15,"conf_358",2500,101,9.1758213803,1,5
"7805",5,15,"conf_358",5000,101,6.4914368419,1,5
"7806",5,15,"conf_358",7500,101,4.5959069621,1,5
"7807",5,15,"conf_358",250,102,72.6277101157,1,5
"7808",5,15,"conf_358",500,102,46.8400360626,1,5
"7809",5,15,"conf_358",1500,102,18.6628837788,1,5
"7810",5,15,"conf_358",2500,102,18.6628837788,1,5
"7811",5,15,"conf_358",5000,102,11.6268497808,1,5
"7812",5,15,"conf_358",7500,102,7.5449068587,1,5
"7813",5,15,"conf_358",250,103,39.4244500919,1,5
"7814",5,15,"conf_358",500,103,26.5890295179,1,5
"7815",5,15,"conf_358",1500,103,23.347956643,1,5
"7816",5,15,"conf_358",2500,103,10.2746408647,1,5
"7817",5,15,"conf_358",5000,103,7.5889158992,1,5
"7818",5,15,"conf_358",7500,103,7.4235999613,1,5
"7819",5,15,"conf_358",250,104,54.9001163969,1,5
"7820",5,15,"conf_358",500,104,47.88326439,1,5
"7821",5,15,"conf_358",1500,104,23.1790037391,1,5
"7822",5,15,"conf_358",2500,104,16.7423195266,1,5
"7823",5,15,"conf_358",5000,104,11.9467033849,1,5
"7824",5,15,"conf_358",7500,104,7.4764940246,1,5
"7825",5,15,"conf_358",250,105,34.6097465576,1,5
"7826",5,15,"conf_358",500,105,34.6097465576,1,5
"7827",5,15,"conf_358",1500,105,23.3894399673,1,5
"7828",5,15,"conf_358",2500,105,6.2037924822,1,5
"7829",5,15,"conf_358",5000,105,5.2535251143,1,5
"7830",5,15,"conf_358",7500,105,5.2535251143,1,5
"7831",5,15,"conf_358",250,106,47.5835576435,1,5
"7832",5,15,"conf_358",500,106,47.5835576435,1,5
"7833",5,15,"conf_358",1500,106,14.3624416965,1,5
"7834",5,15,"conf_358",2500,106,14.3624416965,1,5
"7835",5,15,"conf_358",5000,106,14.3548280239,1,5
"7836",5,15,"conf_358",7500,106,8.2985000546,1,5
"7837",5,15,"conf_358",250,107,44.322364811,1,5
"7838",5,15,"conf_358",500,107,27.1724825471,1,5
"7839",5,15,"conf_358",1500,107,20.0595839925,1,5
"7840",5,15,"conf_358",2500,107,14.8996443288,1,5
"7841",5,15,"conf_358",5000,107,7.5228217845,1,5
"7842",5,15,"conf_358",7500,107,6.8121209076,1,5
"7843",5,15,"conf_358",250,108,43.5456978192,1,5
"7844",5,15,"conf_358",500,108,43.5456978192,1,5
"7845",5,15,"conf_358",1500,108,18.089866193,1,5
"7846",5,15,"conf_358",2500,108,13.5144631749,1,5
"7847",5,15,"conf_358",5000,108,10.0377577985,1,5
"7848",5,15,"conf_358",7500,108,7.5089998825,1,5
"7849",5,15,"conf_358",250,109,32.9995571807,1,5
"7850",5,15,"conf_358",500,109,32.9995571807,1,5
"7851",5,15,"conf_358",1500,109,26.3368744843,1,5
"7852",5,15,"conf_358",2500,109,18.4644965452,1,5
"7853",5,15,"conf_358",5000,109,13.6146238397,1,5
"7854",5,15,"conf_358",7500,109,6.8427045297,1,5
"7855",5,15,"conf_358",250,110,51.506510836,1,5
"7856",5,15,"conf_358",500,110,29.4134382508,1,5
"7857",5,15,"conf_358",1500,110,15.6469538271,1,5
"7858",5,15,"conf_358",2500,110,14.2402217717,1,5
"7859",5,15,"conf_358",5000,110,14.2402217717,1,5
"7860",5,15,"conf_358",7500,110,10.6514981806,1,5
"7861",5,15,"conf_358",250,111,49.8995402205,1,5
"7862",5,15,"conf_358",500,111,41.3416372771,1,5
"7863",5,15,"conf_358",1500,111,13.2543478356,1,5
"7864",5,15,"conf_358",2500,111,11.5287867126,1,5
"7865",5,15,"conf_358",5000,111,4.8299611324,1,5
"7866",5,15,"conf_358",7500,111,4.8299611324,1,5
"7867",5,15,"conf_358",250,112,28.7135064922,1,5
"7868",5,15,"conf_358",500,112,28.7135064922,1,5
"7869",5,15,"conf_358",1500,112,28.7135064922,1,5
"7870",5,15,"conf_358",2500,112,11.0689617902,1,5
"7871",5,15,"conf_358",5000,112,10.5491522297,1,5
"7872",5,15,"conf_358",7500,112,8.2656720145,1,5
"7873",5,15,"conf_358",250,113,49.2419855873,1,5
"7874",5,15,"conf_358",500,113,41.5164906838,1,5
"7875",5,15,"conf_358",1500,113,21.3969327501,1,5
"7876",5,15,"conf_358",2500,113,19.2600758352,1,5
"7877",5,15,"conf_358",5000,113,16.0948319493,1,5
"7878",5,15,"conf_358",7500,113,12.8831573835,1,5
"7879",5,15,"conf_358",250,114,47.0844139953,1,5
"7880",5,15,"conf_358",500,114,33.575864533,1,5
"7881",5,15,"conf_358",1500,114,20.5055671515,1,5
"7882",5,15,"conf_358",2500,114,11.0992287526,1,5
"7883",5,15,"conf_358",5000,114,10.4367039248,1,5
"7884",5,15,"conf_358",7500,114,6.3098729466,1,5
"7885",5,15,"conf_358",250,115,41.5524694641,1,5
"7886",5,15,"conf_358",500,115,41.5524694641,1,5
"7887",5,15,"conf_358",1500,115,16.1542020014,1,5
"7888",5,15,"conf_358",2500,115,11.1836870813,1,5
"7889",5,15,"conf_358",5000,115,11.1836870813,1,5
"7890",5,15,"conf_358",7500,115,8.9472698509,1,5
"7891",5,15,"conf_358",250,116,71.5751362434,1,5
"7892",5,15,"conf_358",500,116,48.7759945297,1,5
"7893",5,15,"conf_358",1500,116,20.6150035776,1,5
"7894",5,15,"conf_358",2500,116,20.6150035776,1,5
"7895",5,15,"conf_358",5000,116,20.6150035776,1,5
"7896",5,15,"conf_358",7500,116,8.8091084335,1,5
"7897",5,15,"conf_358",250,117,63.1046459512,1,5
"7898",5,15,"conf_358",500,117,42.2408955184,1,5
"7899",5,15,"conf_358",1500,117,26.062871226,1,5
"7900",5,15,"conf_358",2500,117,18.9101025948,1,5
"7901",5,15,"conf_358",5000,117,6.1115107563,1,5
"7902",5,15,"conf_358",7500,117,6.1115107563,1,5
"7903",5,15,"conf_358",250,118,73.9021635373,1,5
"7904",5,15,"conf_358",500,118,62.7805445531,1,5
"7905",5,15,"conf_358",1500,118,30.380765172,1,5
"7906",5,15,"conf_358",2500,118,12.8503079856,1,5
"7907",5,15,"conf_358",5000,118,6.8457420009,1,5
"7908",5,15,"conf_358",7500,118,5.4050681261,1,5
"7909",5,15,"conf_358",250,119,41.69060304,1,5
"7910",5,15,"conf_358",500,119,27.4393956964,1,5
"7911",5,15,"conf_358",1500,119,19.4233792238,1,5
"7912",5,15,"conf_358",2500,119,10.2105765136,1,5
"7913",5,15,"conf_358",5000,119,10.2105765136,1,5
"7914",5,15,"conf_358",7500,119,8.3286360971,1,5
"7915",5,15,"conf_358",250,120,47.0973179249,1,5
"7916",5,15,"conf_358",500,120,25.6824719033,1,5
"7917",5,15,"conf_358",1500,120,22.3471056004,1,5
"7918",5,15,"conf_358",2500,120,15.1616544636,1,5
"7919",5,15,"conf_358",5000,120,13.4861205473,1,5
"7920",5,15,"conf_358",7500,120,8.9290412847,1,5
"7921",5,15,"conf_358",250,121,51.8210554007,1,5
"7922",5,15,"conf_358",500,121,30.2061916483,1,5
"7923",5,15,"conf_358",1500,121,25.071488772,1,5
"7924",5,15,"conf_358",2500,121,13.5979819247,1,5
"7925",5,15,"conf_358",5000,121,5.3042569817,1,5
"7926",5,15,"conf_358",7500,121,5.3042569817,1,5
"7927",5,15,"conf_358",250,122,59.2335064206,1,5
"7928",5,15,"conf_358",500,122,41.096800565,1,5
"7929",5,15,"conf_358",1500,122,23.2129375599,1,5
"7930",5,15,"conf_358",2500,122,16.5510745507,1,5
"7931",5,15,"conf_358",5000,122,10.7993026795,1,5
"7932",5,15,"conf_358",7500,122,9.4468094421,1,5
"7933",5,15,"conf_358",250,123,23.3174594536,1,5
"7934",5,15,"conf_358",500,123,23.3174594536,1,5
"7935",5,15,"conf_358",1500,123,17.0302524933,1,5
"7936",5,15,"conf_358",2500,123,15.2474487332,1,5
"7937",5,15,"conf_358",5000,123,8.9343414457,1,5
"7938",5,15,"conf_358",7500,123,7.7436217441,1,5
"7939",5,15,"conf_358",250,124,72.2047475898,1,5
"7940",5,15,"conf_358",500,124,52.0119414095,1,5
"7941",5,15,"conf_358",1500,124,27.7602284308,1,5
"7942",5,15,"conf_358",2500,124,12.8293255105,1,5
"7943",5,15,"conf_358",5000,124,8.4468294122,1,5
"7944",5,15,"conf_358",7500,124,8.4468294122,1,5
"7945",5,15,"conf_358",250,125,87.1596061445,1,5
"7946",5,15,"conf_358",500,125,26.4634227271,1,5
"7947",5,15,"conf_358",1500,125,18.3481287786,1,5
"7948",5,15,"conf_358",2500,125,12.5969868901,1,5
"7949",5,15,"conf_358",5000,125,10.0826229467,1,5
"7950",5,15,"conf_358",7500,125,10.0826229467,1,5
"7951",5,15,"conf_358",250,126,60.5624250108,1,5
"7952",5,15,"conf_358",500,126,30.9274508532,1,5
"7953",5,15,"conf_358",1500,126,26.3950480492,1,5
"7954",5,15,"conf_358",2500,126,22.4794440428,1,5
"7955",5,15,"conf_358",5000,126,12.4461753177,1,5
"7956",5,15,"conf_358",7500,126,6.8115989804,1,5
"7957",5,15,"conf_358",250,127,56.7286338277,1,5
"7958",5,15,"conf_358",500,127,51.1833299322,1,5
"7959",5,15,"conf_358",1500,127,22.8541121663,1,5
"7960",5,15,"conf_358",2500,127,12.3232202558,1,5
"7961",5,15,"conf_358",5000,127,8.2745307004,1,5
"7962",5,15,"conf_358",7500,127,7.4989184282,1,5
"7963",5,15,"conf_358",250,128,51.5177994589,1,5
"7964",5,15,"conf_358",500,128,38.2262629334,1,5
"7965",5,15,"conf_358",1500,128,27.5580535493,1,5
"7966",5,15,"conf_358",2500,128,17.1634010843,1,5
"7967",5,15,"conf_358",5000,128,12.0562708744,1,5
"7968",5,15,"conf_358",7500,128,8.9867779642,1,5
"7969",5,15,"conf_358",250,129,35.07144563,1,5
"7970",5,15,"conf_358",500,129,35.07144563,1,5
"7971",5,15,"conf_358",1500,129,18.7350632117,1,5
"7972",5,15,"conf_358",2500,129,10.7745438544,1,5
"7973",5,15,"conf_358",5000,129,7.2453195489,1,5
"7974",5,15,"conf_358",7500,129,7.1501084695,1,5
"7975",5,15,"conf_358",250,130,24.8391168346,1,5
"7976",5,15,"conf_358",500,130,24.8391168346,1,5
"7977",5,15,"conf_358",1500,130,4.9923088796,1,5
"7978",5,15,"conf_358",2500,130,4.9923088796,1,5
"7979",5,15,"conf_358",5000,130,4.9923088796,1,5
"7980",5,15,"conf_358",7500,130,4.9923088796,1,5
"7981",5,15,"conf_358",250,131,43.1858135364,1,5
"7982",5,15,"conf_358",500,131,38.1910368727,1,5
"7983",5,15,"conf_358",1500,131,18.9184128855,1,5
"7984",5,15,"conf_358",2500,131,18.9184128855,1,5
"7985",5,15,"conf_358",5000,131,12.4771991961,1,5
"7986",5,15,"conf_358",7500,131,6.5948963497,1,5
"7987",5,15,"conf_358",250,132,38.924088474,1,5
"7988",5,15,"conf_358",500,132,38.924088474,1,5
"7989",5,15,"conf_358",1500,132,21.3793134099,1,5
"7990",5,15,"conf_358",2500,132,15.6982360153,1,5
"7991",5,15,"conf_358",5000,132,13.1809154462,1,5
"7992",5,15,"conf_358",7500,132,8.2718039801,1,5
"7993",5,15,"conf_358",250,133,73.4869622989,1,5
"7994",5,15,"conf_358",500,133,44.103239254,1,5
"7995",5,15,"conf_358",1500,133,26.98505513,1,5
"7996",5,15,"conf_358",2500,133,9.1276808897,1,5
"7997",5,15,"conf_358",5000,133,7.4422722431,1,5
"7998",5,15,"conf_358",7500,133,7.4422722431,1,5
"7999",5,15,"conf_358",250,134,63.5969538402,1,5
"8000",5,15,"conf_358",500,134,27.2126762243,1,5
"8001",5,15,"conf_358",1500,134,27.2126762243,1,5
"8002",5,15,"conf_358",2500,134,15.3199213515,1,5
"8003",5,15,"conf_358",5000,134,7.1703464592,1,5
"8004",5,15,"conf_358",7500,134,7.1703464592,1,5
"8005",5,15,"conf_358",250,135,28.3343329845,1,5
"8006",5,15,"conf_358",500,135,28.3343329845,1,5
"8007",5,15,"conf_358",1500,135,24.468622857,1,5
"8008",5,15,"conf_358",2500,135,17.7627206568,1,5
"8009",5,15,"conf_358",5000,135,8.6272781085,1,5
"8010",5,15,"conf_358",7500,135,6.4143372861,1,5
"8011",5,15,"conf_358",250,136,56.514029949,1,5
"8012",5,15,"conf_358",500,136,34.5809510563,1,5
"8013",5,15,"conf_358",1500,136,25.5806853858,1,5
"8014",5,15,"conf_358",2500,136,13.6757758407,1,5
"8015",5,15,"conf_358",5000,136,9.3028204083,1,5
"8016",5,15,"conf_358",7500,136,7.1299643985,1,5
"8017",5,15,"conf_358",250,137,53.2498969529,1,5
"8018",5,15,"conf_358",500,137,37.8128792423,1,5
"8019",5,15,"conf_358",1500,137,8.2379579284,1,5
"8020",5,15,"conf_358",2500,137,8.2379579284,1,5
"8021",5,15,"conf_358",5000,137,8.2379579284,1,5
"8022",5,15,"conf_358",7500,137,7.2905467752,1,5
"8023",5,15,"conf_358",250,138,70.7678982987,1,5
"8024",5,15,"conf_358",500,138,44.3625142777,1,5
"8025",5,15,"conf_358",1500,138,25.0339667248,1,5
"8026",5,15,"conf_358",2500,138,14.5853354748,1,5
"8027",5,15,"conf_358",5000,138,12.5145428381,1,5
"8028",5,15,"conf_358",7500,138,6.4000668109,1,5
"8029",5,15,"conf_358",250,139,53.6027804166,1,5
"8030",5,15,"conf_358",500,139,31.2514087197,1,5
"8031",5,15,"conf_358",1500,139,30.3803208636,1,5
"8032",5,15,"conf_358",2500,139,11.0390237382,1,5
"8033",5,15,"conf_358",5000,139,11.0390237382,1,5
"8034",5,15,"conf_358",7500,139,9.2760288964,1,5
"8035",5,15,"conf_358",250,140,52.6796031333,1,5
"8036",5,15,"conf_358",500,140,47.0003548889,1,5
"8037",5,15,"conf_358",1500,140,24.0968448829,1,5
"8038",5,15,"conf_358",2500,140,20.8341314504,1,5
"8039",5,15,"conf_358",5000,140,12.5129548361,1,5
"8040",5,15,"conf_358",7500,140,7.9228113724,1,5
"8041",5,15,"conf_358",250,141,55.7624704993,1,5
"8042",5,15,"conf_358",500,141,35.2408554598,1,5
"8043",5,15,"conf_358",1500,141,23.9109897018,1,5
"8044",5,15,"conf_358",2500,141,16.8889198093,1,5
"8045",5,15,"conf_358",5000,141,13.0057607407,1,5
"8046",5,15,"conf_358",7500,141,8.8426758624,1,5
"8047",5,15,"conf_358",250,142,40.5788807503,1,5
"8048",5,15,"conf_358",500,142,40.5788807503,1,5
"8049",5,15,"conf_358",1500,142,25.1188997811,1,5
"8050",5,15,"conf_358",2500,142,22.0704211363,1,5
"8051",5,15,"conf_358",5000,142,15.563433162,1,5
"8052",5,15,"conf_358",7500,142,9.8498007635,1,5
"8053",5,15,"conf_358",250,143,47.4272956869,1,5
"8054",5,15,"conf_358",500,143,21.0056156803,1,5
"8055",5,15,"conf_358",1500,143,21.0056156803,1,5
"8056",5,15,"conf_358",2500,143,20.866359712,1,5
"8057",5,15,"conf_358",5000,143,7.1535627343,1,5
"8058",5,15,"conf_358",7500,143,7.1535627343,1,5
"8059",5,15,"conf_358",250,144,59.832797731,1,5
"8060",5,15,"conf_358",500,144,52.437950739,1,5
"8061",5,15,"conf_358",1500,144,25.2973260445,1,5
"8062",5,15,"conf_358",2500,144,19.895888019,1,5
"8063",5,15,"conf_358",5000,144,7.6022984904,1,5
"8064",5,15,"conf_358",7500,144,6.6414147211,1,5
"8065",5,15,"conf_358",250,145,49.5100174029,1,5
"8066",5,15,"conf_358",500,145,42.634650674,1,5
"8067",5,15,"conf_358",1500,145,27.0258960704,1,5
"8068",5,15,"conf_358",2500,145,19.6450307028,1,5
"8069",5,15,"conf_358",5000,145,5.4954875035,1,5
"8070",5,15,"conf_358",7500,145,5.4954875035,1,5
"8071",5,15,"conf_358",250,146,49.822735214,1,5
"8072",5,15,"conf_358",500,146,47.6428398167,1,5
"8073",5,15,"conf_358",1500,146,28.2236195768,1,5
"8074",5,15,"conf_358",2500,146,8.7415789712,1,5
"8075",5,15,"conf_358",5000,146,8.7415789712,1,5
"8076",5,15,"conf_358",7500,146,8.7415789712,1,5
"8077",5,15,"conf_358",250,147,47.3791768376,1,5
"8078",5,15,"conf_358",500,147,21.5742351507,1,5
"8079",5,15,"conf_358",1500,147,21.5742351507,1,5
"8080",5,15,"conf_358",2500,147,18.0851889246,1,5
"8081",5,15,"conf_358",5000,147,5.4940338146,1,5
"8082",5,15,"conf_358",7500,147,5.4940338146,1,5
"8083",5,15,"conf_358",250,148,51.987433745,1,5
"8084",5,15,"conf_358",500,148,23.055489,1,5
"8085",5,15,"conf_358",1500,148,16.717463074,1,5
"8086",5,15,"conf_358",2500,148,13.4992944039,1,5
"8087",5,15,"conf_358",5000,148,8.4413053861,1,5
"8088",5,15,"conf_358",7500,148,8.4413053861,1,5
"8089",5,15,"conf_358",250,149,39.435641605,1,5
"8090",5,15,"conf_358",500,149,39.435641605,1,5
"8091",5,15,"conf_358",1500,149,18.8140792958,1,5
"8092",5,15,"conf_358",2500,149,17.9347137908,1,5
"8093",5,15,"conf_358",5000,149,4.8415878307,1,5
"8094",5,15,"conf_358",7500,149,4.8415878307,1,5
"8095",5,15,"conf_358",250,150,50.2678016996,1,5
"8096",5,15,"conf_358",500,150,36.227110541,1,5
"8097",5,15,"conf_358",1500,150,25.4725110524,1,5
"8098",5,15,"conf_358",2500,150,16.7523671071,1,5
"8099",5,15,"conf_358",5000,150,10.2723234961,1,5
"8100",5,15,"conf_358",7500,150,7.7756558648,1,5
"8101",5,15,"conf_358",250,151,51.4417922385,4,5
"8102",5,15,"conf_358",500,151,51.4417922385,4,5
"8103",5,15,"conf_358",1500,151,7.2937262845,4,5
"8104",5,15,"conf_358",2500,151,7.2937262845,4,5
"8105",5,15,"conf_358",5000,151,6.115088354,4,5
"8106",5,15,"conf_358",7500,151,5.9141756144,4,5
"8107",5,15,"conf_358",250,152,46.2871379211,4,5
"8108",5,15,"conf_358",500,152,42.6261528085,4,5
"8109",5,15,"conf_358",1500,152,20.5470435788,4,5
"8110",5,15,"conf_358",2500,152,16.3551174577,4,5
"8111",5,15,"conf_358",5000,152,16.3551174577,4,5
"8112",5,15,"conf_358",7500,152,7.0635313091,4,5
"8113",5,15,"conf_358",250,153,52.5020327833,4,5
"8114",5,15,"conf_358",500,153,25.3871580847,4,5
"8115",5,15,"conf_358",1500,153,24.5075434169,4,5
"8116",5,15,"conf_358",2500,153,8.2582860945,4,5
"8117",5,15,"conf_358",5000,153,8.2582860945,4,5
"8118",5,15,"conf_358",7500,153,5.882151743,4,5
"8119",5,15,"conf_358",250,154,47.1005471536,4,5
"8120",5,15,"conf_358",500,154,47.1005471536,4,5
"8121",5,15,"conf_358",1500,154,26.4846500935,4,5
"8122",5,15,"conf_358",2500,154,13.9773208114,4,5
"8123",5,15,"conf_358",5000,154,13.9649643954,4,5
"8124",5,15,"conf_358",7500,154,13.1171780983,4,5
"8125",5,15,"conf_358",250,155,42.1102424222,4,5
"8126",5,15,"conf_358",500,155,42.1102424222,4,5
"8127",5,15,"conf_358",1500,155,28.2041713393,4,5
"8128",5,15,"conf_358",2500,155,17.4482822559,4,5
"8129",5,15,"conf_358",5000,155,11.153970066,4,5
"8130",5,15,"conf_358",7500,155,9.1561015223,4,5
"8131",5,15,"conf_358",250,156,50.2142405332,4,5
"8132",5,15,"conf_358",500,156,43.9837337836,4,5
"8133",5,15,"conf_358",1500,156,28.5417406039,4,5
"8134",5,15,"conf_358",2500,156,17.4446055564,4,5
"8135",5,15,"conf_358",5000,156,11.2347866066,4,5
"8136",5,15,"conf_358",7500,156,10.1086191977,4,5
"8137",5,15,"conf_358",250,157,44.5394960845,4,5
"8138",5,15,"conf_358",500,157,44.5394960845,4,5
"8139",5,15,"conf_358",1500,157,23.4923780259,4,5
"8140",5,15,"conf_358",2500,157,15.6710045432,4,5
"8141",5,15,"conf_358",5000,157,12.340569972,4,5
"8142",5,15,"conf_358",7500,157,12.340569972,4,5
"8143",5,15,"conf_358",250,158,64.9765797942,4,5
"8144",5,15,"conf_358",500,158,37.9907554353,4,5
"8145",5,15,"conf_358",1500,158,29.3480725717,4,5
"8146",5,15,"conf_358",2500,158,18.5351264034,4,5
"8147",5,15,"conf_358",5000,158,8.8793938479,4,5
"8148",5,15,"conf_358",7500,158,8.8793938479,4,5
"8149",5,15,"conf_358",250,159,65.6146680256,4,5
"8150",5,15,"conf_358",500,159,44.4731130369,4,5
"8151",5,15,"conf_358",1500,159,24.4493311971,4,5
"8152",5,15,"conf_358",2500,159,14.9021848242,4,5
"8153",5,15,"conf_358",5000,159,8.8636750193,4,5
"8154",5,15,"conf_358",7500,159,3.3620484493,4,5
"8155",5,15,"conf_358",250,160,56.0594859787,4,5
"8156",5,15,"conf_358",500,160,56.0594859787,4,5
"8157",5,15,"conf_358",1500,160,17.1240046692,4,5
"8158",5,15,"conf_358",2500,160,15.6208429648,4,5
"8159",5,15,"conf_358",5000,160,8.9251367051,4,5
"8160",5,15,"conf_358",7500,160,8.8659021981,4,5
"8161",5,15,"conf_358",250,161,59.349083997,4,5
"8162",5,15,"conf_358",500,161,35.0786223606,4,5
"8163",5,15,"conf_358",1500,161,18.2879652179,4,5
"8164",5,15,"conf_358",2500,161,18.2879652179,4,5
"8165",5,15,"conf_358",5000,161,13.7345005474,4,5
"8166",5,15,"conf_358",7500,161,11.0610914026,4,5
"8167",5,15,"conf_358",250,162,56.2118605389,4,5
"8168",5,15,"conf_358",500,162,39.6762982958,4,5
"8169",5,15,"conf_358",1500,162,29.5437332165,4,5
"8170",5,15,"conf_358",2500,162,20.0825535549,4,5
"8171",5,15,"conf_358",5000,162,12.4336157997,4,5
"8172",5,15,"conf_358",7500,162,8.999660002,4,5
"8173",5,15,"conf_358",250,163,67.1362310887,4,5
"8174",5,15,"conf_358",500,163,63.0270324649,4,5
"8175",5,15,"conf_358",1500,163,25.437147752,4,5
"8176",5,15,"conf_358",2500,163,21.7151729009,4,5
"8177",5,15,"conf_358",5000,163,6.5992610145,4,5
"8178",5,15,"conf_358",7500,163,6.2207786388,4,5
"8179",5,15,"conf_358",250,164,53.6040697281,4,5
"8180",5,15,"conf_358",500,164,40.9103378267,4,5
"8181",5,15,"conf_358",1500,164,16.5397977183,4,5
"8182",5,15,"conf_358",2500,164,16.5397977183,4,5
"8183",5,15,"conf_358",5000,164,9.4834518126,4,5
"8184",5,15,"conf_358",7500,164,8.0988290037,4,5
"8185",5,15,"conf_358",250,165,69.7587787629,4,5
"8186",5,15,"conf_358",500,165,38.4049006869,4,5
"8187",5,15,"conf_358",1500,165,25.9988183419,4,5
"8188",5,15,"conf_358",2500,165,16.7383864577,4,5
"8189",5,15,"conf_358",5000,165,8.7199967877,4,5
"8190",5,15,"conf_358",7500,165,8.714451345,4,5
"8191",5,15,"conf_358",250,166,42.0690938437,4,5
"8192",5,15,"conf_358",500,166,40.6024534141,4,5
"8193",5,15,"conf_358",1500,166,25.0104225095,4,5
"8194",5,15,"conf_358",2500,166,18.7693803869,4,5
"8195",5,15,"conf_358",5000,166,12.7678132984,4,5
"8196",5,15,"conf_358",7500,166,6.0832387946,4,5
"8197",5,15,"conf_358",250,167,48.992235282,4,5
"8198",5,15,"conf_358",500,167,48.992235282,4,5
"8199",5,15,"conf_358",1500,167,21.4455713039,4,5
"8200",5,15,"conf_358",2500,167,21.4455713039,4,5
"8201",5,15,"conf_358",5000,167,12.0703997716,4,5
"8202",5,15,"conf_358",7500,167,8.7122502987,4,5
"8203",5,15,"conf_358",250,168,63.8917616059,4,5
"8204",5,15,"conf_358",500,168,47.8956605602,4,5
"8205",5,15,"conf_358",1500,168,29.1820947936,4,5
"8206",5,15,"conf_358",2500,168,18.2582965865,4,5
"8207",5,15,"conf_358",5000,168,11.890613504,4,5
"8208",5,15,"conf_358",7500,168,9.3881065094,4,5
"8209",5,15,"conf_358",250,169,47.1912076667,4,5
"8210",5,15,"conf_358",500,169,47.1912076667,4,5
"8211",5,15,"conf_358",1500,169,20.0683795969,4,5
"8212",5,15,"conf_358",2500,169,20.0683795969,4,5
"8213",5,15,"conf_358",5000,169,12.6624542448,4,5
"8214",5,15,"conf_358",7500,169,4.4954883013,4,5
"8215",5,15,"conf_358",250,170,71.1487618643,4,5
"8216",5,15,"conf_358",500,170,30.3114414268,4,5
"8217",5,15,"conf_358",1500,170,27.5550175428,4,5
"8218",5,15,"conf_358",2500,170,25.9822048776,4,5
"8219",5,15,"conf_358",5000,170,11.5592572076,4,5
"8220",5,15,"conf_358",7500,170,11.5592572076,4,5
"8221",5,15,"conf_358",250,171,63.6818370195,4,5
"8222",5,15,"conf_358",500,171,49.618618683,4,5
"8223",5,15,"conf_358",1500,171,24.1136000692,4,5
"8224",5,15,"conf_358",2500,171,14.4994389473,4,5
"8225",5,15,"conf_358",5000,171,7.5519828508,4,5
"8226",5,15,"conf_358",7500,171,6.0310389343,4,5
"8227",5,15,"conf_358",250,172,70.6536574375,4,5
"8228",5,15,"conf_358",500,172,51.663232874,4,5
"8229",5,15,"conf_358",1500,172,18.3012150922,4,5
"8230",5,15,"conf_358",2500,172,11.3009454437,4,5
"8231",5,15,"conf_358",5000,172,5.1408120995,4,5
"8232",5,15,"conf_358",7500,172,5.1408120995,4,5
"8233",5,15,"conf_358",250,173,47.3194385574,4,5
"8234",5,15,"conf_358",500,173,36.8843568751,4,5
"8235",5,15,"conf_358",1500,173,20.5538394586,4,5
"8236",5,15,"conf_358",2500,173,20.5538394586,4,5
"8237",5,15,"conf_358",5000,173,12.9947600361,4,5
"8238",5,15,"conf_358",7500,173,12.8071001308,4,5
"8239",5,15,"conf_358",250,174,63.5520776101,4,5
"8240",5,15,"conf_358",500,174,32.8442005312,4,5
"8241",5,15,"conf_358",1500,174,29.8411689803,4,5
"8242",5,15,"conf_358",2500,174,9.8908256666,4,5
"8243",5,15,"conf_358",5000,174,9.8908256666,4,5
"8244",5,15,"conf_358",7500,174,7.3148462978,4,5
"8245",5,15,"conf_358",250,175,46.9138698928,4,5
"8246",5,15,"conf_358",500,175,46.9138698928,4,5
"8247",5,15,"conf_358",1500,175,19.9409964923,4,5
"8248",5,15,"conf_358",2500,175,10.5615077198,4,5
"8249",5,15,"conf_358",5000,175,10.5615077198,4,5
"8250",5,15,"conf_358",7500,175,7.5424531154,4,5
"8251",5,15,"conf_358",250,176,57.917553691,4,5
"8252",5,15,"conf_358",500,176,40.9708955896,4,5
"8253",5,15,"conf_358",1500,176,28.7047174112,4,5
"8254",5,15,"conf_358",2500,176,17.7819794512,4,5
"8255",5,15,"conf_358",5000,176,15.5821107953,4,5
"8256",5,15,"conf_358",7500,176,13.7255032561,4,5
"8257",5,15,"conf_358",250,177,39.8767693058,4,5
"8258",5,15,"conf_358",500,177,39.8767693058,4,5
"8259",5,15,"conf_358",1500,177,25.3009659971,4,5
"8260",5,15,"conf_358",2500,177,23.9939060526,4,5
"8261",5,15,"conf_358",5000,177,13.5734214603,4,5
"8262",5,15,"conf_358",7500,177,6.9502935362,4,5
"8263",5,15,"conf_358",250,178,34.6494823755,4,5
"8264",5,15,"conf_358",500,178,34.6494823755,4,5
"8265",5,15,"conf_358",1500,178,26.2963531732,4,5
"8266",5,15,"conf_358",2500,178,18.3037049837,4,5
"8267",5,15,"conf_358",5000,178,9.7507782987,4,5
"8268",5,15,"conf_358",7500,178,8.0454452548,4,5
"8269",5,15,"conf_358",250,179,51.8280406221,4,5
"8270",5,15,"conf_358",500,179,51.6002875865,4,5
"8271",5,15,"conf_358",1500,179,33.4367048529,4,5
"8272",5,15,"conf_358",2500,179,13.5722527775,4,5
"8273",5,15,"conf_358",5000,179,6.5606878466,4,5
"8274",5,15,"conf_358",7500,179,6.5606878466,4,5
"8275",5,15,"conf_358",250,180,60.9204823946,4,5
"8276",5,15,"conf_358",500,180,53.3536956637,4,5
"8277",5,15,"conf_358",1500,180,30.732679254,4,5
"8278",5,15,"conf_358",2500,180,13.1139135459,4,5
"8279",5,15,"conf_358",5000,180,13.1139135459,4,5
"8280",5,15,"conf_358",7500,180,10.8271898165,4,5
"8281",5,15,"conf_358",250,181,68.4175300767,4,5
"8282",5,15,"conf_358",500,181,52.7318656871,4,5
"8283",5,15,"conf_358",1500,181,26.5374892805,4,5
"8284",5,15,"conf_358",2500,181,15.0396838519,4,5
"8285",5,15,"conf_358",5000,181,9.91638681,4,5
"8286",5,15,"conf_358",7500,181,9.5236145562,4,5
"8287",5,15,"conf_358",250,182,64.4845267847,4,5
"8288",5,15,"conf_358",500,182,50.5630779197,4,5
"8289",5,15,"conf_358",1500,182,20.8568619286,4,5
"8290",5,15,"conf_358",2500,182,16.5318177232,4,5
"8291",5,15,"conf_358",5000,182,9.9680128163,4,5
"8292",5,15,"conf_358",7500,182,6.6201433599,4,5
"8293",5,15,"conf_358",250,183,54.3980836139,4,5
"8294",5,15,"conf_358",500,183,32.5895981872,4,5
"8295",5,15,"conf_358",1500,183,27.4231941769,4,5
"8296",5,15,"conf_358",2500,183,21.0094873499,4,5
"8297",5,15,"conf_358",5000,183,14.1199799172,4,5
"8298",5,15,"conf_358",7500,183,8.6779394343,4,5
"8299",5,15,"conf_358",250,184,59.925874148,4,5
"8300",5,15,"conf_358",500,184,44.5982101374,4,5
"8301",5,15,"conf_358",1500,184,29.5039649294,4,5
"8302",5,15,"conf_358",2500,184,14.6042435317,4,5
"8303",5,15,"conf_358",5000,184,5.5116240981,4,5
"8304",5,15,"conf_358",7500,184,4.1686664503,4,5
"8305",5,15,"conf_358",250,185,67.6460503802,4,5
"8306",5,15,"conf_358",500,185,43.7913162137,4,5
"8307",5,15,"conf_358",1500,185,17.1721440094,4,5
"8308",5,15,"conf_358",2500,185,17.1721440094,4,5
"8309",5,15,"conf_358",5000,185,14.3261569713,4,5
"8310",5,15,"conf_358",7500,185,9.2961028352,4,5
"8311",5,15,"conf_358",250,186,48.4192942302,4,5
"8312",5,15,"conf_358",500,186,40.5068231792,4,5
"8313",5,15,"conf_358",1500,186,17.99031953,4,5
"8314",5,15,"conf_358",2500,186,17.99031953,4,5
"8315",5,15,"conf_358",5000,186,8.7749936477,4,5
"8316",5,15,"conf_358",7500,186,7.9328817024,4,5
"8317",5,15,"conf_358",250,187,55.303101522,4,5
"8318",5,15,"conf_358",500,187,21.5755627216,4,5
"8319",5,15,"conf_358",1500,187,20.9555810915,4,5
"8320",5,15,"conf_358",2500,187,18.8244177388,4,5
"8321",5,15,"conf_358",5000,187,8.1897108867,4,5
"8322",5,15,"conf_358",7500,187,8.1897108867,4,5
"8323",5,15,"conf_358",250,188,39.0557616551,4,5
"8324",5,15,"conf_358",500,188,39.0557616551,4,5
"8325",5,15,"conf_358",1500,188,21.9274330323,4,5
"8326",5,15,"conf_358",2500,188,13.8998325094,4,5
"8327",5,15,"conf_358",5000,188,8.0733698994,4,5
"8328",5,15,"conf_358",7500,188,8.0733698994,4,5
"8329",5,15,"conf_358",250,189,24.8999231752,4,5
"8330",5,15,"conf_358",500,189,24.8999231752,4,5
"8331",5,15,"conf_358",1500,189,12.3210377145,4,5
"8332",5,15,"conf_358",2500,189,12.3210377145,4,5
"8333",5,15,"conf_358",5000,189,9.7317473748,4,5
"8334",5,15,"conf_358",7500,189,8.4996630989,4,5
"8335",5,15,"conf_358",250,190,44.9682047511,4,5
"8336",5,15,"conf_358",500,190,43.8239868517,4,5
"8337",5,15,"conf_358",1500,190,20.5755746439,4,5
"8338",5,15,"conf_358",2500,190,17.9789723888,4,5
"8339",5,15,"conf_358",5000,190,8.8703030191,4,5
"8340",5,15,"conf_358",7500,190,8.8703030191,4,5
"8341",5,15,"conf_358",250,191,36.743367532,4,5
"8342",5,15,"conf_358",500,191,36.743367532,4,5
"8343",5,15,"conf_358",1500,191,21.7786327558,4,5
"8344",5,15,"conf_358",2500,191,18.3165224268,4,5
"8345",5,15,"conf_358",5000,191,16.5589951365,4,5
"8346",5,15,"conf_358",7500,191,6.3630390649,4,5
"8347",5,15,"conf_358",250,192,47.8005709079,4,5
"8348",5,15,"conf_358",500,192,29.8649829089,4,5
"8349",5,15,"conf_358",1500,192,26.0296813348,4,5
"8350",5,15,"conf_358",2500,192,17.1405521581,4,5
"8351",5,15,"conf_358",5000,192,10.8430245475,4,5
"8352",5,15,"conf_358",7500,192,10.7911199657,4,5
"8353",5,15,"conf_358",250,193,51.8839973468,4,5
"8354",5,15,"conf_358",500,193,50.4791902894,4,5
"8355",5,15,"conf_358",1500,193,18.881221794,4,5
"8356",5,15,"conf_358",2500,193,14.0352621934,4,5
"8357",5,15,"conf_358",5000,193,10.9506844321,4,5
"8358",5,15,"conf_358",7500,193,10.7431685444,4,5
"8359",5,15,"conf_358",250,194,20.777584984,4,5
"8360",5,15,"conf_358",500,194,20.777584984,4,5
"8361",5,15,"conf_358",1500,194,20.777584984,4,5
"8362",5,15,"conf_358",2500,194,16.9378737621,4,5
"8363",5,15,"conf_358",5000,194,5.0244932286,4,5
"8364",5,15,"conf_358",7500,194,4.791348519,4,5
"8365",5,15,"conf_358",250,195,37.5895743707,4,5
"8366",5,15,"conf_358",500,195,37.5895743707,4,5
"8367",5,15,"conf_358",1500,195,29.8114012591,4,5
"8368",5,15,"conf_358",2500,195,11.0667870659,4,5
"8369",5,15,"conf_358",5000,195,10.2088368238,4,5
"8370",5,15,"conf_358",7500,195,7.9262076749,4,5
"8371",5,15,"conf_358",250,196,44.7155283106,4,5
"8372",5,15,"conf_358",500,196,44.7155283106,4,5
"8373",5,15,"conf_358",1500,196,8.5028277521,4,5
"8374",5,15,"conf_358",2500,196,8.5028277521,4,5
"8375",5,15,"conf_358",5000,196,8.5028277521,4,5
"8376",5,15,"conf_358",7500,196,7.4413010585,4,5
"8377",5,15,"conf_358",250,197,57.4532005194,4,5
"8378",5,15,"conf_358",500,197,24.5633819498,4,5
"8379",5,15,"conf_358",1500,197,24.5633819498,4,5
"8380",5,15,"conf_358",2500,197,18.0140954143,4,5
"8381",5,15,"conf_358",5000,197,11.8748741235,4,5
"8382",5,15,"conf_358",7500,197,6.3909998412,4,5
"8383",5,15,"conf_358",250,198,51.4812603594,4,5
"8384",5,15,"conf_358",500,198,51.4812603594,4,5
"8385",5,15,"conf_358",1500,198,24.3265708489,4,5
"8386",5,15,"conf_358",2500,198,24.0290029528,4,5
"8387",5,15,"conf_358",5000,198,7.5200170944,4,5
"8388",5,15,"conf_358",7500,198,5.5458274552,4,5
"8389",5,15,"conf_358",250,199,55.9041557543,4,5
"8390",5,15,"conf_358",500,199,47.7359730618,4,5
"8391",5,15,"conf_358",1500,199,27.1042324042,4,5
"8392",5,15,"conf_358",2500,199,14.2257819432,4,5
"8393",5,15,"conf_358",5000,199,5.110078207,4,5
"8394",5,15,"conf_358",7500,199,5.110078207,4,5
"8395",5,15,"conf_358",250,200,46.9674077815,4,5
"8396",5,15,"conf_358",500,200,46.9674077815,4,5
"8397",5,15,"conf_358",1500,200,25.0605016261,4,5
"8398",5,15,"conf_358",2500,200,19.0300045586,4,5
"8399",5,15,"conf_358",5000,200,10.7730901224,4,5
"8400",5,15,"conf_358",7500,200,5.0196921873,4,5
"8401",5,16,"conf_358",250,1,9.867172143,1,5
"8402",5,16,"conf_358",500,1,8.3377482457,1,5
"8403",5,16,"conf_358",1500,1,2.3101820708,1,5
"8404",5,16,"conf_358",2500,1,2.3101820708,1,5
"8405",5,16,"conf_358",5000,1,1.2398302064,1,5
"8406",5,16,"conf_358",7500,1,1.2398302064,1,5
"8407",5,16,"conf_358",250,2,13.9861538006,1,5
"8408",5,16,"conf_358",500,2,10.1581218249,1,5
"8409",5,16,"conf_358",1500,2,9.7235399647,1,5
"8410",5,16,"conf_358",2500,2,3.6068554581,1,5
"8411",5,16,"conf_358",5000,2,3.6068554581,1,5
"8412",5,16,"conf_358",7500,2,2.7126548036,1,5
"8413",5,16,"conf_358",250,3,8.6677042875,1,5
"8414",5,16,"conf_358",500,3,8.6677042875,1,5
"8415",5,16,"conf_358",1500,3,7.9560701598,1,5
"8416",5,16,"conf_358",2500,3,6.8864984704,1,5
"8417",5,16,"conf_358",5000,3,3.7971871472,1,5
"8418",5,16,"conf_358",7500,3,3.7971871472,1,5
"8419",5,16,"conf_358",250,4,13.5139748841,1,5
"8420",5,16,"conf_358",500,4,4.6282923248,1,5
"8421",5,16,"conf_358",1500,4,4.1689366553,1,5
"8422",5,16,"conf_358",2500,4,2.985722333,1,5
"8423",5,16,"conf_358",5000,4,2.985722333,1,5
"8424",5,16,"conf_358",7500,4,2.985722333,1,5
"8425",5,16,"conf_358",250,5,13.4792136839,1,5
"8426",5,16,"conf_358",500,5,10.5992505949,1,5
"8427",5,16,"conf_358",1500,5,3.4314333195,1,5
"8428",5,16,"conf_358",2500,5,3.1964258972,1,5
"8429",5,16,"conf_358",5000,5,2.7237285349,1,5
"8430",5,16,"conf_358",7500,5,1.3477694436,1,5
"8431",5,16,"conf_358",250,6,6.6110654869,1,5
"8432",5,16,"conf_358",500,6,3.4188325679,1,5
"8433",5,16,"conf_358",1500,6,3.4188325679,1,5
"8434",5,16,"conf_358",2500,6,1.2477742526,1,5
"8435",5,16,"conf_358",5000,6,1.2477742526,1,5
"8436",5,16,"conf_358",7500,6,1.2477742526,1,5
"8437",5,16,"conf_358",250,7,14.3644216822,1,5
"8438",5,16,"conf_358",500,7,6.9007694015,1,5
"8439",5,16,"conf_358",1500,7,5.6314703919,1,5
"8440",5,16,"conf_358",2500,7,5.6314703919,1,5
"8441",5,16,"conf_358",5000,7,4.836403178,1,5
"8442",5,16,"conf_358",7500,7,1.8902658363,1,5
"8443",5,16,"conf_358",250,8,9.7975125791,1,5
"8444",5,16,"conf_358",500,8,9.7975125791,1,5
"8445",5,16,"conf_358",1500,8,4.0549988855,1,5
"8446",5,16,"conf_358",2500,8,4.0549988855,1,5
"8447",5,16,"conf_358",5000,8,2.6293886649,1,5
"8448",5,16,"conf_358",7500,8,2.104355268,1,5
"8449",5,16,"conf_358",250,9,12.336524102,1,5
"8450",5,16,"conf_358",500,9,1.7793686588,1,5
"8451",5,16,"conf_358",1500,9,1.7793686588,1,5
"8452",5,16,"conf_358",2500,9,1.3553194092,1,5
"8453",5,16,"conf_358",5000,9,1.2170885835,1,5
"8454",5,16,"conf_358",7500,9,1.1565140697,1,5
"8455",5,16,"conf_358",250,10,12.8625503966,1,5
"8456",5,16,"conf_358",500,10,8.2684653354,1,5
"8457",5,16,"conf_358",1500,10,8.2684653354,1,5
"8458",5,16,"conf_358",2500,10,5.7298287235,1,5
"8459",5,16,"conf_358",5000,10,1.4074692343,1,5
"8460",5,16,"conf_358",7500,10,1.4074692343,1,5
"8461",5,16,"conf_358",250,11,5.1196798084,1,5
"8462",5,16,"conf_358",500,11,5.1196798084,1,5
"8463",5,16,"conf_358",1500,11,3.2625021136,1,5
"8464",5,16,"conf_358",2500,11,3.2625021136,1,5
"8465",5,16,"conf_358",5000,11,3.2625021136,1,5
"8466",5,16,"conf_358",7500,11,3.2625021136,1,5
"8467",5,16,"conf_358",250,12,7.5210620829,1,5
"8468",5,16,"conf_358",500,12,7.5210620829,1,5
"8469",5,16,"conf_358",1500,12,6.7689117013,1,5
"8470",5,16,"conf_358",2500,12,5.0429509585,1,5
"8471",5,16,"conf_358",5000,12,4.6028343798,1,5
"8472",5,16,"conf_358",7500,12,3.7316774167,1,5
"8473",5,16,"conf_358",250,13,8.6645979504,1,5
"8474",5,16,"conf_358",500,13,8.6645979504,1,5
"8475",5,16,"conf_358",1500,13,3.2514982699,1,5
"8476",5,16,"conf_358",2500,13,3.2427961734,1,5
"8477",5,16,"conf_358",5000,13,3.2427961734,1,5
"8478",5,16,"conf_358",7500,13,2.6061590277,1,5
"8479",5,16,"conf_358",250,14,11.9022169422,1,5
"8480",5,16,"conf_358",500,14,9.9814003176,1,5
"8481",5,16,"conf_358",1500,14,6.8501311426,1,5
"8482",5,16,"conf_358",2500,14,6.8501311426,1,5
"8483",5,16,"conf_358",5000,14,2.2668221917,1,5
"8484",5,16,"conf_358",7500,14,1.7273903122,1,5
"8485",5,16,"conf_358",250,15,8.6304165491,1,5
"8486",5,16,"conf_358",500,15,8.6304165491,1,5
"8487",5,16,"conf_358",1500,15,3.9754886211,1,5
"8488",5,16,"conf_358",2500,15,3.9754886211,1,5
"8489",5,16,"conf_358",5000,15,2.1444051739,1,5
"8490",5,16,"conf_358",7500,15,2.1444051739,1,5
"8491",5,16,"conf_358",250,16,8.9685431751,1,5
"8492",5,16,"conf_358",500,16,8.7723906792,1,5
"8493",5,16,"conf_358",1500,16,4.5643401319,1,5
"8494",5,16,"conf_358",2500,16,4.5048572542,1,5
"8495",5,16,"conf_358",5000,16,2.7790306791,1,5
"8496",5,16,"conf_358",7500,16,2.2248551992,1,5
"8497",5,16,"conf_358",250,17,7.6830154207,1,5
"8498",5,16,"conf_358",500,17,7.6830154207,1,5
"8499",5,16,"conf_358",1500,17,3.7922870351,1,5
"8500",5,16,"conf_358",2500,17,3.7922870351,1,5
"8501",5,16,"conf_358",5000,17,2.3846861356,1,5
"8502",5,16,"conf_358",7500,17,2.3846861356,1,5
"8503",5,16,"conf_358",250,18,6.3369643131,1,5
"8504",5,16,"conf_358",500,18,6.3369643131,1,5
"8505",5,16,"conf_358",1500,18,3.6877192815,1,5
"8506",5,16,"conf_358",2500,18,1.9384815678,1,5
"8507",5,16,"conf_358",5000,18,1.9384815678,1,5
"8508",5,16,"conf_358",7500,18,1.9384815678,1,5
"8509",5,16,"conf_358",250,19,11.0087734676,1,5
"8510",5,16,"conf_358",500,19,10.526732345,1,5
"8511",5,16,"conf_358",1500,19,7.3202378345,1,5
"8512",5,16,"conf_358",2500,19,7.3202378345,1,5
"8513",5,16,"conf_358",5000,19,3.2978323503,1,5
"8514",5,16,"conf_358",7500,19,2.8354685062,1,5
"8515",5,16,"conf_358",250,20,8.4024379977,1,5
"8516",5,16,"conf_358",500,20,8.4024379977,1,5
"8517",5,16,"conf_358",1500,20,7.3484555364,1,5
"8518",5,16,"conf_358",2500,20,4.5075880831,1,5
"8519",5,16,"conf_358",5000,20,1.2096446126,1,5
"8520",5,16,"conf_358",7500,20,1.2096446126,1,5
"8521",5,16,"conf_358",250,21,7.15572629,1,5
"8522",5,16,"conf_358",500,21,7.15572629,1,5
"8523",5,16,"conf_358",1500,21,6.585053562,1,5
"8524",5,16,"conf_358",2500,21,4.8684280989,1,5
"8525",5,16,"conf_358",5000,21,3.9437321287,1,5
"8526",5,16,"conf_358",7500,21,1.6632108284,1,5
"8527",5,16,"conf_358",250,22,11.4693219105,1,5
"8528",5,16,"conf_358",500,22,3.0099862798,1,5
"8529",5,16,"conf_358",1500,22,3.0099862798,1,5
"8530",5,16,"conf_358",2500,22,3.0099862798,1,5
"8531",5,16,"conf_358",5000,22,1.2010836351,1,5
"8532",5,16,"conf_358",7500,22,1.2010836351,1,5
"8533",5,16,"conf_358",250,23,3.4800753431,1,5
"8534",5,16,"conf_358",500,23,3.4800753431,1,5
"8535",5,16,"conf_358",1500,23,3.4800753431,1,5
"8536",5,16,"conf_358",2500,23,3.3965845157,1,5
"8537",5,16,"conf_358",5000,23,3.3965845157,1,5
"8538",5,16,"conf_358",7500,23,2.6668137303,1,5
"8539",5,16,"conf_358",250,24,13.6793945585,1,5
"8540",5,16,"conf_358",500,24,11.1385721727,1,5
"8541",5,16,"conf_358",1500,24,3.3951314835,1,5
"8542",5,16,"conf_358",2500,24,3.3951314835,1,5
"8543",5,16,"conf_358",5000,24,3.3951314835,1,5
"8544",5,16,"conf_358",7500,24,1.3680876439,1,5
"8545",5,16,"conf_358",250,25,9.7389947929,1,5
"8546",5,16,"conf_358",500,25,8.701333755,1,5
"8547",5,16,"conf_358",1500,25,6.2787035889,1,5
"8548",5,16,"conf_358",2500,25,6.2787035889,1,5
"8549",5,16,"conf_358",5000,25,2.4722746683,1,5
"8550",5,16,"conf_358",7500,25,2.4685632357,1,5
"8551",5,16,"conf_358",250,26,8.9341504698,1,5
"8552",5,16,"conf_358",500,26,8.3570297353,1,5
"8553",5,16,"conf_358",1500,26,5.8169538749,1,5
"8554",5,16,"conf_358",2500,26,5.77688381,1,5
"8555",5,16,"conf_358",5000,26,3.7451139017,1,5
"8556",5,16,"conf_358",7500,26,3.4568696703,1,5
"8557",5,16,"conf_358",250,27,9.6469957039,1,5
"8558",5,16,"conf_358",500,27,4.0645870581,1,5
"8559",5,16,"conf_358",1500,27,4.0645870581,1,5
"8560",5,16,"conf_358",2500,27,4.0645870581,1,5
"8561",5,16,"conf_358",5000,27,4.0645870581,1,5
"8562",5,16,"conf_358",7500,27,3.1791524599,1,5
"8563",5,16,"conf_358",250,28,11.5941246115,1,5
"8564",5,16,"conf_358",500,28,11.5941246115,1,5
"8565",5,16,"conf_358",1500,28,3.4029805512,1,5
"8566",5,16,"conf_358",2500,28,3.4029805512,1,5
"8567",5,16,"conf_358",5000,28,2.2221450789,1,5
"8568",5,16,"conf_358",7500,28,2.2221450789,1,5
"8569",5,16,"conf_358",250,29,12.9024993489,1,5
"8570",5,16,"conf_358",500,29,9.7578034195,1,5
"8571",5,16,"conf_358",1500,29,5.6890456246,1,5
"8572",5,16,"conf_358",2500,29,5.6890456246,1,5
"8573",5,16,"conf_358",5000,29,5.3957362957,1,5
"8574",5,16,"conf_358",7500,29,4.081998956,1,5
"8575",5,16,"conf_358",250,30,7.4519842172,1,5
"8576",5,16,"conf_358",500,30,7.4519842172,1,5
"8577",5,16,"conf_358",1500,30,5.0959433101,1,5
"8578",5,16,"conf_358",2500,30,4.1114004917,1,5
"8579",5,16,"conf_358",5000,30,4.1114004917,1,5
"8580",5,16,"conf_358",7500,30,3.8633108094,1,5
"8581",5,16,"conf_358",250,31,8.9819393446,1,5
"8582",5,16,"conf_358",500,31,7.3972263764,1,5
"8583",5,16,"conf_358",1500,31,7.3972263764,1,5
"8584",5,16,"conf_358",2500,31,5.3171079099,1,5
"8585",5,16,"conf_358",5000,31,5.3171079099,1,5
"8586",5,16,"conf_358",7500,31,2.5091814548,1,5
"8587",5,16,"conf_358",250,32,3.2700571278,1,5
"8588",5,16,"conf_358",500,32,3.2700571278,1,5
"8589",5,16,"conf_358",1500,32,3.2700571278,1,5
"8590",5,16,"conf_358",2500,32,2.2563216358,1,5
"8591",5,16,"conf_358",5000,32,2.2563216358,1,5
"8592",5,16,"conf_358",7500,32,0.5472219802,1,5
"8593",5,16,"conf_358",250,33,8.2483762298,1,5
"8594",5,16,"conf_358",500,33,8.0264116412,1,5
"8595",5,16,"conf_358",1500,33,6.0439599465,1,5
"8596",5,16,"conf_358",2500,33,6.0439599465,1,5
"8597",5,16,"conf_358",5000,33,2.4073627856,1,5
"8598",5,16,"conf_358",7500,33,0.7953832775,1,5
"8599",5,16,"conf_358",250,34,10.9947098994,1,5
"8600",5,16,"conf_358",500,34,10.9947098994,1,5
"8601",5,16,"conf_358",1500,34,6.4226122148,1,5
"8602",5,16,"conf_358",2500,34,6.1269195981,1,5
"8603",5,16,"conf_358",5000,34,0.9409874406,1,5
"8604",5,16,"conf_358",7500,34,0.7542871233,1,5
"8605",5,16,"conf_358",250,35,4.8651766973,1,5
"8606",5,16,"conf_358",500,35,4.8651766973,1,5
"8607",5,16,"conf_358",1500,35,4.8651766973,1,5
"8608",5,16,"conf_358",2500,35,2.3813197418,1,5
"8609",5,16,"conf_358",5000,35,1.9948652608,1,5
"8610",5,16,"conf_358",7500,35,1.9948652608,1,5
"8611",5,16,"conf_358",250,36,11.6516442937,1,5
"8612",5,16,"conf_358",500,36,8.0270679175,1,5
"8613",5,16,"conf_358",1500,36,8.0270679175,1,5
"8614",5,16,"conf_358",2500,36,1.9475373645,1,5
"8615",5,16,"conf_358",5000,36,1.9475373645,1,5
"8616",5,16,"conf_358",7500,36,1.2649704355,1,5
"8617",5,16,"conf_358",250,37,6.4953831316,1,5
"8618",5,16,"conf_358",500,37,6.3357387914,1,5
"8619",5,16,"conf_358",1500,37,2.9928483622,1,5
"8620",5,16,"conf_358",2500,37,2.9928483622,1,5
"8621",5,16,"conf_358",5000,37,1.9491983257,1,5
"8622",5,16,"conf_358",7500,37,1.9491983257,1,5
"8623",5,16,"conf_358",250,38,14.0381370393,1,5
"8624",5,16,"conf_358",500,38,5.6585208344,1,5
"8625",5,16,"conf_358",1500,38,5.6585208344,1,5
"8626",5,16,"conf_358",2500,38,5.366100939,1,5
"8627",5,16,"conf_358",5000,38,3.6518984967,1,5
"8628",5,16,"conf_358",7500,38,2.8690197006,1,5
"8629",5,16,"conf_358",250,39,16.1222144382,1,5
"8630",5,16,"conf_358",500,39,12.9496564393,1,5
"8631",5,16,"conf_358",1500,39,5.4944878312,1,5
"8632",5,16,"conf_358",2500,39,4.7835547468,1,5
"8633",5,16,"conf_358",5000,39,3.7310888317,1,5
"8634",5,16,"conf_358",7500,39,3.7310888317,1,5
"8635",5,16,"conf_358",250,40,11.4342960117,1,5
"8636",5,16,"conf_358",500,40,5.7632991093,1,5
"8637",5,16,"conf_358",1500,40,4.7832262513,1,5
"8638",5,16,"conf_358",2500,40,3.5845503642,1,5
"8639",5,16,"conf_358",5000,40,3.5845503642,1,5
"8640",5,16,"conf_358",7500,40,1.3969584867,1,5
"8641",5,16,"conf_358",250,41,15.2493643128,1,5
"8642",5,16,"conf_358",500,41,9.7595073077,1,5
"8643",5,16,"conf_358",1500,41,8.3564990397,1,5
"8644",5,16,"conf_358",2500,41,5.5345707268,1,5
"8645",5,16,"conf_358",5000,41,5.1397512507,1,5
"8646",5,16,"conf_358",7500,41,3.7540172186,1,5
"8647",5,16,"conf_358",250,42,14.3647958403,1,5
"8648",5,16,"conf_358",500,42,7.6860479858,1,5
"8649",5,16,"conf_358",1500,42,6.0559311611,1,5
"8650",5,16,"conf_358",2500,42,6.0559311611,1,5
"8651",5,16,"conf_358",5000,42,6.0559311611,1,5
"8652",5,16,"conf_358",7500,42,1.3804907462,1,5
"8653",5,16,"conf_358",250,43,8.7933008218,1,5
"8654",5,16,"conf_358",500,43,8.7933008218,1,5
"8655",5,16,"conf_358",1500,43,2.7368232363,1,5
"8656",5,16,"conf_358",2500,43,2.7368232363,1,5
"8657",5,16,"conf_358",5000,43,2.7368232363,1,5
"8658",5,16,"conf_358",7500,43,2.7368232363,1,5
"8659",5,16,"conf_358",250,44,9.2108809386,1,5
"8660",5,16,"conf_358",500,44,1.9414783963,1,5
"8661",5,16,"conf_358",1500,44,1.9414783963,1,5
"8662",5,16,"conf_358",2500,44,1.9414783963,1,5
"8663",5,16,"conf_358",5000,44,1.5491436465,1,5
"8664",5,16,"conf_358",7500,44,1.4461429781,1,5
"8665",5,16,"conf_358",250,45,8.9306608768,1,5
"8666",5,16,"conf_358",500,45,8.9306608768,1,5
"8667",5,16,"conf_358",1500,45,5.5360642624,1,5
"8668",5,16,"conf_358",2500,45,5.5360642624,1,5
"8669",5,16,"conf_358",5000,45,1.3738094044,1,5
"8670",5,16,"conf_358",7500,45,1.3738094044,1,5
"8671",5,16,"conf_358",250,46,7.5517782005,1,5
"8672",5,16,"conf_358",500,46,7.5517782005,1,5
"8673",5,16,"conf_358",1500,46,5.9603572253,1,5
"8674",5,16,"conf_358",2500,46,5.5637005016,1,5
"8675",5,16,"conf_358",5000,46,1.5972804781,1,5
"8676",5,16,"conf_358",7500,46,1.5972804781,1,5
"8677",5,16,"conf_358",250,47,9.8742873227,1,5
"8678",5,16,"conf_358",500,47,9.8742873227,1,5
"8679",5,16,"conf_358",1500,47,5.6128553775,1,5
"8680",5,16,"conf_358",2500,47,5.6128553775,1,5
"8681",5,16,"conf_358",5000,47,5.0850032255,1,5
"8682",5,16,"conf_358",7500,47,4.4988492213,1,5
"8683",5,16,"conf_358",250,48,7.8017557345,1,5
"8684",5,16,"conf_358",500,48,7.8017557345,1,5
"8685",5,16,"conf_358",1500,48,7.8017557345,1,5
"8686",5,16,"conf_358",2500,48,3.0029801808,1,5
"8687",5,16,"conf_358",5000,48,3.0029801808,1,5
"8688",5,16,"conf_358",7500,48,3.0029801808,1,5
"8689",5,16,"conf_358",250,49,8.4827047593,1,5
"8690",5,16,"conf_358",500,49,8.4827047593,1,5
"8691",5,16,"conf_358",1500,49,8.4827047593,1,5
"8692",5,16,"conf_358",2500,49,7.5175455662,1,5
"8693",5,16,"conf_358",5000,49,3.4363549587,1,5
"8694",5,16,"conf_358",7500,49,3.4363549587,1,5
"8695",5,16,"conf_358",250,50,15.3261641848,1,5
"8696",5,16,"conf_358",500,50,15.3261641848,1,5
"8697",5,16,"conf_358",1500,50,3.0666166136,1,5
"8698",5,16,"conf_358",2500,50,2.0616907796,1,5
"8699",5,16,"conf_358",5000,50,2.0616907796,1,5
"8700",5,16,"conf_358",7500,50,2.0616907796,1,5
"8701",5,16,"conf_358",250,51,8.7179685187,2,5
"8702",5,16,"conf_358",500,51,8.7179685187,2,5
"8703",5,16,"conf_358",1500,51,6.659991097,2,5
"8704",5,16,"conf_358",2500,51,6.659991097,2,5
"8705",5,16,"conf_358",5000,51,5.959402472,2,5
"8706",5,16,"conf_358",7500,51,5.5310455572,2,5
"8707",5,16,"conf_358",250,52,11.1471059656,2,5
"8708",5,16,"conf_358",500,52,11.1471059656,2,5
"8709",5,16,"conf_358",1500,52,10.321875546,2,5
"8710",5,16,"conf_358",2500,52,4.9564234865,2,5
"8711",5,16,"conf_358",5000,52,4.2360014428,2,5
"8712",5,16,"conf_358",7500,52,2.3064654012,2,5
"8713",5,16,"conf_358",250,53,12.4217402018,2,5
"8714",5,16,"conf_358",500,53,10.2701695895,2,5
"8715",5,16,"conf_358",1500,53,7.0225655047,2,5
"8716",5,16,"conf_358",2500,53,4.2956158429,2,5
"8717",5,16,"conf_358",5000,53,3.4816421754,2,5
"8718",5,16,"conf_358",7500,53,3.4816421754,2,5
"8719",5,16,"conf_358",250,54,12.333347928,2,5
"8720",5,16,"conf_358",500,54,12.333347928,2,5
"8721",5,16,"conf_358",1500,54,4.7610489243,2,5
"8722",5,16,"conf_358",2500,54,4.7610489243,2,5
"8723",5,16,"conf_358",5000,54,4.7610489243,2,5
"8724",5,16,"conf_358",7500,54,4.7610489243,2,5
"8725",5,16,"conf_358",250,55,13.7932172672,2,5
"8726",5,16,"conf_358",500,55,7.88094206,2,5
"8727",5,16,"conf_358",1500,55,4.44883813,2,5
"8728",5,16,"conf_358",2500,55,4.44883813,2,5
"8729",5,16,"conf_358",5000,55,4.44883813,2,5
"8730",5,16,"conf_358",7500,55,3.644849583,2,5
"8731",5,16,"conf_358",250,56,7.9675944174,2,5
"8732",5,16,"conf_358",500,56,6.3393994383,2,5
"8733",5,16,"conf_358",1500,56,3.6512852401,2,5
"8734",5,16,"conf_358",2500,56,3.6512852401,2,5
"8735",5,16,"conf_358",5000,56,2.6236871717,2,5
"8736",5,16,"conf_358",7500,56,2.0462417209,2,5
"8737",5,16,"conf_358",250,57,5.1264764081,2,5
"8738",5,16,"conf_358",500,57,2.6880135891,2,5
"8739",5,16,"conf_358",1500,57,2.6880135891,2,5
"8740",5,16,"conf_358",2500,57,2.6880135891,2,5
"8741",5,16,"conf_358",5000,57,2.6880135891,2,5
"8742",5,16,"conf_358",7500,57,2.6880135891,2,5
"8743",5,16,"conf_358",250,58,6.1233706159,2,5
"8744",5,16,"conf_358",500,58,6.1233706159,2,5
"8745",5,16,"conf_358",1500,58,6.1233706159,2,5
"8746",5,16,"conf_358",2500,58,6.1233706159,2,5
"8747",5,16,"conf_358",5000,58,5.4243325063,2,5
"8748",5,16,"conf_358",7500,58,3.2246770564,2,5
"8749",5,16,"conf_358",250,59,6.7822806566,2,5
"8750",5,16,"conf_358",500,59,6.7822806566,2,5
"8751",5,16,"conf_358",1500,59,1.3163967384,2,5
"8752",5,16,"conf_358",2500,59,1.3163967384,2,5
"8753",5,16,"conf_358",5000,59,1.1616261529,2,5
"8754",5,16,"conf_358",7500,59,1.1616261529,2,5
"8755",5,16,"conf_358",250,60,4.5815229972,2,5
"8756",5,16,"conf_358",500,60,4.5815229972,2,5
"8757",5,16,"conf_358",1500,60,4.5815229972,2,5
"8758",5,16,"conf_358",2500,60,4.0657690639,2,5
"8759",5,16,"conf_358",5000,60,3.3599561982,2,5
"8760",5,16,"conf_358",7500,60,2.9299139901,2,5
"8761",5,16,"conf_358",250,61,10.7529338411,2,5
"8762",5,16,"conf_358",500,61,4.8770585742,2,5
"8763",5,16,"conf_358",1500,61,4.1455315185,2,5
"8764",5,16,"conf_358",2500,61,4.1455315185,2,5
"8765",5,16,"conf_358",5000,61,4.1455315185,2,5
"8766",5,16,"conf_358",7500,61,4.1455315185,2,5
"8767",5,16,"conf_358",250,62,5.6824334926,2,5
"8768",5,16,"conf_358",500,62,5.6824334926,2,5
"8769",5,16,"conf_358",1500,62,5.6824334926,2,5
"8770",5,16,"conf_358",2500,62,4.7651282342,2,5
"8771",5,16,"conf_358",5000,62,3.4676908203,2,5
"8772",5,16,"conf_358",7500,62,1.769016383,2,5
"8773",5,16,"conf_358",250,63,3.2324346156,2,5
"8774",5,16,"conf_358",500,63,3.2324346156,2,5
"8775",5,16,"conf_358",1500,63,3.2324346156,2,5
"8776",5,16,"conf_358",2500,63,3.2324346156,2,5
"8777",5,16,"conf_358",5000,63,2.9028676137,2,5
"8778",5,16,"conf_358",7500,63,2.1042414624,2,5
"8779",5,16,"conf_358",250,64,8.0370167757,2,5
"8780",5,16,"conf_358",500,64,4.3511469185,2,5
"8781",5,16,"conf_358",1500,64,4.3511469185,2,5
"8782",5,16,"conf_358",2500,64,3.6844316162,2,5
"8783",5,16,"conf_358",5000,64,3.6844316162,2,5
"8784",5,16,"conf_358",7500,64,3.361129421,2,5
"8785",5,16,"conf_358",250,65,8.4521070152,2,5
"8786",5,16,"conf_358",500,65,7.0903468794,2,5
"8787",5,16,"conf_358",1500,65,7.0903468794,2,5
"8788",5,16,"conf_358",2500,65,7.0903468794,2,5
"8789",5,16,"conf_358",5000,65,1.1244233803,2,5
"8790",5,16,"conf_358",7500,65,1.1244233803,2,5
"8791",5,16,"conf_358",250,66,4.7650519701,2,5
"8792",5,16,"conf_358",500,66,4.7650519701,2,5
"8793",5,16,"conf_358",1500,66,4.7650519701,2,5
"8794",5,16,"conf_358",2500,66,4.7650519701,2,5
"8795",5,16,"conf_358",5000,66,3.6335374592,2,5
"8796",5,16,"conf_358",7500,66,2.3977604686,2,5
"8797",5,16,"conf_358",250,67,11.5993128994,2,5
"8798",5,16,"conf_358",500,67,8.8449032547,2,5
"8799",5,16,"conf_358",1500,67,8.8449032547,2,5
"8800",5,16,"conf_358",2500,67,2.8567968895,2,5
"8801",5,16,"conf_358",5000,67,2.8567968895,2,5
"8802",5,16,"conf_358",7500,67,2.1191283917,2,5
"8803",5,16,"conf_358",250,68,15.0096335468,2,5
"8804",5,16,"conf_358",500,68,13.3736094196,2,5
"8805",5,16,"conf_358",1500,68,5.6200827056,2,5
"8806",5,16,"conf_358",2500,68,4.3858936994,2,5
"8807",5,16,"conf_358",5000,68,4.3858936994,2,5
"8808",5,16,"conf_358",7500,68,4.1349676616,2,5
"8809",5,16,"conf_358",250,69,2.0705638709,2,5
"8810",5,16,"conf_358",500,69,2.0705638709,2,5
"8811",5,16,"conf_358",1500,69,2.0705638709,2,5
"8812",5,16,"conf_358",2500,69,2.0705638709,2,5
"8813",5,16,"conf_358",5000,69,2.0705638709,2,5
"8814",5,16,"conf_358",7500,69,2.0705638709,2,5
"8815",5,16,"conf_358",250,70,17.4415950705,2,5
"8816",5,16,"conf_358",500,70,9.7748635428,2,5
"8817",5,16,"conf_358",1500,70,5.5850900251,2,5
"8818",5,16,"conf_358",2500,70,2.8277647172,2,5
"8819",5,16,"conf_358",5000,70,2.8277647172,2,5
"8820",5,16,"conf_358",7500,70,0.6629424215,2,5
"8821",5,16,"conf_358",250,71,8.6673412603,2,5
"8822",5,16,"conf_358",500,71,8.6673412603,2,5
"8823",5,16,"conf_358",1500,71,4.8899354869,2,5
"8824",5,16,"conf_358",2500,71,4.0319011267,2,5
"8825",5,16,"conf_358",5000,71,3.5494680592,2,5
"8826",5,16,"conf_358",7500,71,1.5663615725,2,5
"8827",5,16,"conf_358",250,72,14.1473301313,2,5
"8828",5,16,"conf_358",500,72,10.6324653248,2,5
"8829",5,16,"conf_358",1500,72,5.6656672612,2,5
"8830",5,16,"conf_358",2500,72,5.6656672612,2,5
"8831",5,16,"conf_358",5000,72,2.8289528577,2,5
"8832",5,16,"conf_358",7500,72,1.5437532273,2,5
"8833",5,16,"conf_358",250,73,6.6929957145,2,5
"8834",5,16,"conf_358",500,73,2.0610373997,2,5
"8835",5,16,"conf_358",1500,73,1.7886701239,2,5
"8836",5,16,"conf_358",2500,73,1.7886701239,2,5
"8837",5,16,"conf_358",5000,73,1.7886701239,2,5
"8838",5,16,"conf_358",7500,73,1.7886701239,2,5
"8839",5,16,"conf_358",250,74,11.110493397,2,5
"8840",5,16,"conf_358",500,74,7.7364733185,2,5
"8841",5,16,"conf_358",1500,74,4.1014849693,2,5
"8842",5,16,"conf_358",2500,74,3.8026714171,2,5
"8843",5,16,"conf_358",5000,74,2.1614666127,2,5
"8844",5,16,"conf_358",7500,74,1.5063359994,2,5
"8845",5,16,"conf_358",250,75,7.8490406127,2,5
"8846",5,16,"conf_358",500,75,7.8490406127,2,5
"8847",5,16,"conf_358",1500,75,3.9825355251,2,5
"8848",5,16,"conf_358",2500,75,3.9825355251,2,5
"8849",5,16,"conf_358",5000,75,3.0922543152,2,5
"8850",5,16,"conf_358",7500,75,2.1586385272,2,5
"8851",5,16,"conf_358",250,76,7.4338339896,2,5
"8852",5,16,"conf_358",500,76,7.4338339896,2,5
"8853",5,16,"conf_358",1500,76,5.8845770683,2,5
"8854",5,16,"conf_358",2500,76,5.8845770683,2,5
"8855",5,16,"conf_358",5000,76,4.5059517489,2,5
"8856",5,16,"conf_358",7500,76,3.9091282465,2,5
"8857",5,16,"conf_358",250,77,6.334158238,2,5
"8858",5,16,"conf_358",500,77,6.334158238,2,5
"8859",5,16,"conf_358",1500,77,6.334158238,2,5
"8860",5,16,"conf_358",2500,77,6.334158238,2,5
"8861",5,16,"conf_358",5000,77,2.6214804558,2,5
"8862",5,16,"conf_358",7500,77,2.1243299413,2,5
"8863",5,16,"conf_358",250,78,9.5498084407,2,5
"8864",5,16,"conf_358",500,78,5.0604544165,2,5
"8865",5,16,"conf_358",1500,78,3.4074910179,2,5
"8866",5,16,"conf_358",2500,78,3.4074910179,2,5
"8867",5,16,"conf_358",5000,78,3.4074910179,2,5
"8868",5,16,"conf_358",7500,78,2.2411425563,2,5
"8869",5,16,"conf_358",250,79,8.9946684798,2,5
"8870",5,16,"conf_358",500,79,8.9946684798,2,5
"8871",5,16,"conf_358",1500,79,4.5180817064,2,5
"8872",5,16,"conf_358",2500,79,1.577726716,2,5
"8873",5,16,"conf_358",5000,79,1.577726716,2,5
"8874",5,16,"conf_358",7500,79,1.577726716,2,5
"8875",5,16,"conf_358",250,80,10.5920388695,2,5
"8876",5,16,"conf_358",500,80,9.0706860913,2,5
"8877",5,16,"conf_358",1500,80,6.4214227584,2,5
"8878",5,16,"conf_358",2500,80,3.9917516961,2,5
"8879",5,16,"conf_358",5000,80,3.9917516961,2,5
"8880",5,16,"conf_358",7500,80,3.3905977234,2,5
"8881",5,16,"conf_358",250,81,5.2702112324,2,5
"8882",5,16,"conf_358",500,81,5.2702112324,2,5
"8883",5,16,"conf_358",1500,81,5.2702112324,2,5
"8884",5,16,"conf_358",2500,81,2.7653750338,2,5
"8885",5,16,"conf_358",5000,81,2.7653750338,2,5
"8886",5,16,"conf_358",7500,81,1.4088638565,2,5
"8887",5,16,"conf_358",250,82,5.6597756012,2,5
"8888",5,16,"conf_358",500,82,5.6597756012,2,5
"8889",5,16,"conf_358",1500,82,4.8747700782,2,5
"8890",5,16,"conf_358",2500,82,4.8747700782,2,5
"8891",5,16,"conf_358",5000,82,3.7422261929,2,5
"8892",5,16,"conf_358",7500,82,2.5688846744,2,5
"8893",5,16,"conf_358",250,83,14.4035028162,2,5
"8894",5,16,"conf_358",500,83,10.3286129238,2,5
"8895",5,16,"conf_358",1500,83,2.8041547687,2,5
"8896",5,16,"conf_358",2500,83,2.8041547687,2,5
"8897",5,16,"conf_358",5000,83,2.8041547687,2,5
"8898",5,16,"conf_358",7500,83,2.8041547687,2,5
"8899",5,16,"conf_358",250,84,10.0190490716,2,5
"8900",5,16,"conf_358",500,84,10.0190490716,2,5
"8901",5,16,"conf_358",1500,84,3.9791469533,2,5
"8902",5,16,"conf_358",2500,84,3.9791469533,2,5
"8903",5,16,"conf_358",5000,84,3.7669610085,2,5
"8904",5,16,"conf_358",7500,84,2.3983894655,2,5
"8905",5,16,"conf_358",250,85,6.8235565844,2,5
"8906",5,16,"conf_358",500,85,6.2311591798,2,5
"8907",5,16,"conf_358",1500,85,6.2311591798,2,5
"8908",5,16,"conf_358",2500,85,3.2843966304,2,5
"8909",5,16,"conf_358",5000,85,3.2843966304,2,5
"8910",5,16,"conf_358",7500,85,2.2946846855,2,5
"8911",5,16,"conf_358",250,86,9.335280075,2,5
"8912",5,16,"conf_358",500,86,4.8247022468,2,5
"8913",5,16,"conf_358",1500,86,4.8247022468,2,5
"8914",5,16,"conf_358",2500,86,4.8247022468,2,5
"8915",5,16,"conf_358",5000,86,2.3227143726,2,5
"8916",5,16,"conf_358",7500,86,1.3037052965,2,5
"8917",5,16,"conf_358",250,87,6.1673379428,2,5
"8918",5,16,"conf_358",500,87,6.1673379428,2,5
"8919",5,16,"conf_358",1500,87,4.295160597,2,5
"8920",5,16,"conf_358",2500,87,4.295160597,2,5
"8921",5,16,"conf_358",5000,87,4.1814458148,2,5
"8922",5,16,"conf_358",7500,87,3.6369555134,2,5
"8923",5,16,"conf_358",250,88,7.4985508856,2,5
"8924",5,16,"conf_358",500,88,7.4985508856,2,5
"8925",5,16,"conf_358",1500,88,5.8665787188,2,5
"8926",5,16,"conf_358",2500,88,5.7324418493,2,5
"8927",5,16,"conf_358",5000,88,5.7324418493,2,5
"8928",5,16,"conf_358",7500,88,5.7324418493,2,5
"8929",5,16,"conf_358",250,89,12.4992687269,2,5
"8930",5,16,"conf_358",500,89,12.4992687269,2,5
"8931",5,16,"conf_358",1500,89,10.5284263182,2,5
"8932",5,16,"conf_358",2500,89,8.5292854476,2,5
"8933",5,16,"conf_358",5000,89,3.2735296899,2,5
"8934",5,16,"conf_358",7500,89,3.2735296899,2,5
"8935",5,16,"conf_358",250,90,16.2646618592,2,5
"8936",5,16,"conf_358",500,90,11.1449033453,2,5
"8937",5,16,"conf_358",1500,90,7.6547950442,2,5
"8938",5,16,"conf_358",2500,90,6.4073909207,2,5
"8939",5,16,"conf_358",5000,90,4.4061104678,2,5
"8940",5,16,"conf_358",7500,90,3.5835053259,2,5
"8941",5,16,"conf_358",250,91,6.8353268333,2,5
"8942",5,16,"conf_358",500,91,4.8489374881,2,5
"8943",5,16,"conf_358",1500,91,4.6400293403,2,5
"8944",5,16,"conf_358",2500,91,3.9140872121,2,5
"8945",5,16,"conf_358",5000,91,3.9140872121,2,5
"8946",5,16,"conf_358",7500,91,1.5766111772,2,5
"8947",5,16,"conf_358",250,92,17.5582441685,2,5
"8948",5,16,"conf_358",500,92,12.4072564114,2,5
"8949",5,16,"conf_358",1500,92,9.9654459147,2,5
"8950",5,16,"conf_358",2500,92,5.4565048687,2,5
"8951",5,16,"conf_358",5000,92,5.4565048687,2,5
"8952",5,16,"conf_358",7500,92,3.6584463343,2,5
"8953",5,16,"conf_358",250,93,7.8559818887,2,5
"8954",5,16,"conf_358",500,93,7.8559818887,2,5
"8955",5,16,"conf_358",1500,93,7.5835321488,2,5
"8956",5,16,"conf_358",2500,93,6.6230566389,2,5
"8957",5,16,"conf_358",5000,93,1.8842636588,2,5
"8958",5,16,"conf_358",7500,93,1.8842636588,2,5
"8959",5,16,"conf_358",250,94,11.8453940616,2,5
"8960",5,16,"conf_358",500,94,4.0419768239,2,5
"8961",5,16,"conf_358",1500,94,4.0419768239,2,5
"8962",5,16,"conf_358",2500,94,1.6984935482,2,5
"8963",5,16,"conf_358",5000,94,1.6984935482,2,5
"8964",5,16,"conf_358",7500,94,1.6984935482,2,5
"8965",5,16,"conf_358",250,95,8.5180453211,2,5
"8966",5,16,"conf_358",500,95,4.8061335705,2,5
"8967",5,16,"conf_358",1500,95,4.8061335705,2,5
"8968",5,16,"conf_358",2500,95,4.8061335705,2,5
"8969",5,16,"conf_358",5000,95,2.863153205,2,5
"8970",5,16,"conf_358",7500,95,2.2445357416,2,5
"8971",5,16,"conf_358",250,96,15.7894005124,2,5
"8972",5,16,"conf_358",500,96,12.1187144274,2,5
"8973",5,16,"conf_358",1500,96,8.3138929496,2,5
"8974",5,16,"conf_358",2500,96,6.4445794652,2,5
"8975",5,16,"conf_358",5000,96,5.2869399687,2,5
"8976",5,16,"conf_358",7500,96,3.2826881094,2,5
"8977",5,16,"conf_358",250,97,5.3982200562,2,5
"8978",5,16,"conf_358",500,97,4.427797531,2,5
"8979",5,16,"conf_358",1500,97,4.427797531,2,5
"8980",5,16,"conf_358",2500,97,4.427797531,2,5
"8981",5,16,"conf_358",5000,97,4.427797531,2,5
"8982",5,16,"conf_358",7500,97,2.5234322873,2,5
"8983",5,16,"conf_358",250,98,11.6618539356,2,5
"8984",5,16,"conf_358",500,98,9.7873574019,2,5
"8985",5,16,"conf_358",1500,98,9.7873574019,2,5
"8986",5,16,"conf_358",2500,98,4.5991130132,2,5
"8987",5,16,"conf_358",5000,98,2.6783830831,2,5
"8988",5,16,"conf_358",7500,98,2.6783830831,2,5
"8989",5,16,"conf_358",250,99,12.5301712041,2,5
"8990",5,16,"conf_358",500,99,11.4994920909,2,5
"8991",5,16,"conf_358",1500,99,3.1291274586,2,5
"8992",5,16,"conf_358",2500,99,3.1291274586,2,5
"8993",5,16,"conf_358",5000,99,3.0610424477,2,5
"8994",5,16,"conf_358",7500,99,3.0610424477,2,5
"8995",5,16,"conf_358",250,100,15.014557225,2,5
"8996",5,16,"conf_358",500,100,6.873678884,2,5
"8997",5,16,"conf_358",1500,100,5.1871673026,2,5
"8998",5,16,"conf_358",2500,100,1.9500593243,2,5
"8999",5,16,"conf_358",5000,100,1.9500593243,2,5
"9000",5,16,"conf_358",7500,100,1.3220819465,2,5
"9001",5,16,"conf_358",250,101,9.9237815768,3,5
"9002",5,16,"conf_358",500,101,7.8334255564,3,5
"9003",5,16,"conf_358",1500,101,4.3128285851,3,5
"9004",5,16,"conf_358",2500,101,2.2600286013,3,5
"9005",5,16,"conf_358",5000,101,2.2600286013,3,5
"9006",5,16,"conf_358",7500,101,2.2600286013,3,5
"9007",5,16,"conf_358",250,102,4.6468945569,3,5
"9008",5,16,"conf_358",500,102,4.6468945569,3,5
"9009",5,16,"conf_358",1500,102,4.6468945569,3,5
"9010",5,16,"conf_358",2500,102,3.0456456178,3,5
"9011",5,16,"conf_358",5000,102,2.2680855726,3,5
"9012",5,16,"conf_358",7500,102,2.0335417457,3,5
"9013",5,16,"conf_358",250,103,9.9871935996,3,5
"9014",5,16,"conf_358",500,103,9.9871935996,3,5
"9015",5,16,"conf_358",1500,103,8.6432264591,3,5
"9016",5,16,"conf_358",2500,103,8.6432264591,3,5
"9017",5,16,"conf_358",5000,103,3.3607356396,3,5
"9018",5,16,"conf_358",7500,103,1.8632656459,3,5
"9019",5,16,"conf_358",250,104,3.4661182495,3,5
"9020",5,16,"conf_358",500,104,3.4661182495,3,5
"9021",5,16,"conf_358",1500,104,3.4661182495,3,5
"9022",5,16,"conf_358",2500,104,3.4661182495,3,5
"9023",5,16,"conf_358",5000,104,2.6051448652,3,5
"9024",5,16,"conf_358",7500,104,2.2773679605,3,5
"9025",5,16,"conf_358",250,105,9.3442183072,3,5
"9026",5,16,"conf_358",500,105,4.9576512339,3,5
"9027",5,16,"conf_358",1500,105,3.6754056069,3,5
"9028",5,16,"conf_358",2500,105,3.4380439166,3,5
"9029",5,16,"conf_358",5000,105,2.7203173298,3,5
"9030",5,16,"conf_358",7500,105,2.0193042539,3,5
"9031",5,16,"conf_358",250,106,13.7717243436,3,5
"9032",5,16,"conf_358",500,106,4.7727092754,3,5
"9033",5,16,"conf_358",1500,106,4.7727092754,3,5
"9034",5,16,"conf_358",2500,106,4.7727092754,3,5
"9035",5,16,"conf_358",5000,106,4.5942464685,3,5
"9036",5,16,"conf_358",7500,106,2.7022316222,3,5
"9037",5,16,"conf_358",250,107,9.2946158262,3,5
"9038",5,16,"conf_358",500,107,6.3818837177,3,5
"9039",5,16,"conf_358",1500,107,5.9149652181,3,5
"9040",5,16,"conf_358",2500,107,5.9149652181,3,5
"9041",5,16,"conf_358",5000,107,5.0016297147,3,5
"9042",5,16,"conf_358",7500,107,2.5893075258,3,5
"9043",5,16,"conf_358",250,108,10.4206592692,3,5
"9044",5,16,"conf_358",500,108,3.5273926963,3,5
"9045",5,16,"conf_358",1500,108,3.5273926963,3,5
"9046",5,16,"conf_358",2500,108,3.5273926963,3,5
"9047",5,16,"conf_358",5000,108,1.3495499198,3,5
"9048",5,16,"conf_358",7500,108,1.3495499198,3,5
"9049",5,16,"conf_358",250,109,12.9254127328,3,5
"9050",5,16,"conf_358",500,109,11.976146686,3,5
"9051",5,16,"conf_358",1500,109,8.4288609849,3,5
"9052",5,16,"conf_358",2500,109,8.4288609849,3,5
"9053",5,16,"conf_358",5000,109,2.9962437631,3,5
"9054",5,16,"conf_358",7500,109,2.8849995519,3,5
"9055",5,16,"conf_358",250,110,3.8227367918,3,5
"9056",5,16,"conf_358",500,110,3.8227367918,3,5
"9057",5,16,"conf_358",1500,110,3.8227367918,3,5
"9058",5,16,"conf_358",2500,110,2.8429224512,3,5
"9059",5,16,"conf_358",5000,110,2.8429224512,3,5
"9060",5,16,"conf_358",7500,110,1.3687913919,3,5
"9061",5,16,"conf_358",250,111,12.0910425933,3,5
"9062",5,16,"conf_358",500,111,2.7086143591,3,5
"9063",5,16,"conf_358",1500,111,2.7086143591,3,5
"9064",5,16,"conf_358",2500,111,2.7086143591,3,5
"9065",5,16,"conf_358",5000,111,2.7086143591,3,5
"9066",5,16,"conf_358",7500,111,2.4335288872,3,5
"9067",5,16,"conf_358",250,112,17.9348500882,3,5
"9068",5,16,"conf_358",500,112,13.4323107189,3,5
"9069",5,16,"conf_358",1500,112,1.5549026843,3,5
"9070",5,16,"conf_358",2500,112,1.5549026843,3,5
"9071",5,16,"conf_358",5000,112,1.1005765489,3,5
"9072",5,16,"conf_358",7500,112,1.1005765489,3,5
"9073",5,16,"conf_358",250,113,18.7879494189,3,5
"9074",5,16,"conf_358",500,113,9.0141288339,3,5
"9075",5,16,"conf_358",1500,113,6.9781519416,3,5
"9076",5,16,"conf_358",2500,113,4.5440629293,3,5
"9077",5,16,"conf_358",5000,113,3.8519246764,3,5
"9078",5,16,"conf_358",7500,113,2.3374815187,3,5
"9079",5,16,"conf_358",250,114,13.336039805,3,5
"9080",5,16,"conf_358",500,114,6.7151839808,3,5
"9081",5,16,"conf_358",1500,114,6.0812070472,3,5
"9082",5,16,"conf_358",2500,114,5.2562249493,3,5
"9083",5,16,"conf_358",5000,114,3.4762728821,3,5
"9084",5,16,"conf_358",7500,114,3.4762728821,3,5
"9085",5,16,"conf_358",250,115,10.6560856628,3,5
"9086",5,16,"conf_358",500,115,5.0392407105,3,5
"9087",5,16,"conf_358",1500,115,5.0392407105,3,5
"9088",5,16,"conf_358",2500,115,3.8354584884,3,5
"9089",5,16,"conf_358",5000,115,3.8354584884,3,5
"9090",5,16,"conf_358",7500,115,3.4498155909,3,5
"9091",5,16,"conf_358",250,116,12.7977267402,3,5
"9092",5,16,"conf_358",500,116,12.7977267402,3,5
"9093",5,16,"conf_358",1500,116,2.9630739053,3,5
"9094",5,16,"conf_358",2500,116,2.9630739053,3,5
"9095",5,16,"conf_358",5000,116,2.9630739053,3,5
"9096",5,16,"conf_358",7500,116,2.1578113591,3,5
"9097",5,16,"conf_358",250,117,12.4662782385,3,5
"9098",5,16,"conf_358",500,117,6.1333787314,3,5
"9099",5,16,"conf_358",1500,117,6.1333787314,3,5
"9100",5,16,"conf_358",2500,117,6.1333787314,3,5
"9101",5,16,"conf_358",5000,117,2.1201878438,3,5
"9102",5,16,"conf_358",7500,117,1.7320047036,3,5
"9103",5,16,"conf_358",250,118,7.9693528494,3,5
"9104",5,16,"conf_358",500,118,7.9693528494,3,5
"9105",5,16,"conf_358",1500,118,4.2505178429,3,5
"9106",5,16,"conf_358",2500,118,3.4277313082,3,5
"9107",5,16,"conf_358",5000,118,3.4277313082,3,5
"9108",5,16,"conf_358",7500,118,3.4277313082,3,5
"9109",5,16,"conf_358",250,119,11.284139888,3,5
"9110",5,16,"conf_358",500,119,10.1879847973,3,5
"9111",5,16,"conf_358",1500,119,6.7022416223,3,5
"9112",5,16,"conf_358",2500,119,6.1769122482,3,5
"9113",5,16,"conf_358",5000,119,3.4339462177,3,5
"9114",5,16,"conf_358",7500,119,3.244166115,3,5
"9115",5,16,"conf_358",250,120,7.8750056548,3,5
"9116",5,16,"conf_358",500,120,7.8750056548,3,5
"9117",5,16,"conf_358",1500,120,7.8750056548,3,5
"9118",5,16,"conf_358",2500,120,6.0231148373,3,5
"9119",5,16,"conf_358",5000,120,2.9305208291,3,5
"9120",5,16,"conf_358",7500,120,2.9305208291,3,5
"9121",5,16,"conf_358",250,121,12.9067935982,3,5
"9122",5,16,"conf_358",500,121,12.2310940851,3,5
"9123",5,16,"conf_358",1500,121,10.0341342862,3,5
"9124",5,16,"conf_358",2500,121,4.5218464865,3,5
"9125",5,16,"conf_358",5000,121,4.2710237882,3,5
"9126",5,16,"conf_358",7500,121,1.7521880625,3,5
"9127",5,16,"conf_358",250,122,8.1476749674,3,5
"9128",5,16,"conf_358",500,122,8.1476749674,3,5
"9129",5,16,"conf_358",1500,122,8.1476749674,3,5
"9130",5,16,"conf_358",2500,122,6.495405384,3,5
"9131",5,16,"conf_358",5000,122,3.9584698744,3,5
"9132",5,16,"conf_358",7500,122,3.9584698744,3,5
"9133",5,16,"conf_358",250,123,6.2407153638,3,5
"9134",5,16,"conf_358",500,123,6.2407153638,3,5
"9135",5,16,"conf_358",1500,123,5.058954855,3,5
"9136",5,16,"conf_358",2500,123,5.058954855,3,5
"9137",5,16,"conf_358",5000,123,2.6580808936,3,5
"9138",5,16,"conf_358",7500,123,2.6580808936,3,5
"9139",5,16,"conf_358",250,124,5.5271673381,3,5
"9140",5,16,"conf_358",500,124,5.5271673381,3,5
"9141",5,16,"conf_358",1500,124,4.1746724207,3,5
"9142",5,16,"conf_358",2500,124,4.1746724207,3,5
"9143",5,16,"conf_358",5000,124,1.3931513212,3,5
"9144",5,16,"conf_358",7500,124,1.0244634148,3,5
"9145",5,16,"conf_358",250,125,6.8961887827,3,5
"9146",5,16,"conf_358",500,125,6.8961887827,3,5
"9147",5,16,"conf_358",1500,125,6.8961887827,3,5
"9148",5,16,"conf_358",2500,125,6.8961887827,3,5
"9149",5,16,"conf_358",5000,125,6.4559200556,3,5
"9150",5,16,"conf_358",7500,125,4.8762029588,3,5
"9151",5,16,"conf_358",250,126,13.4193562282,3,5
"9152",5,16,"conf_358",500,126,11.5606603417,3,5
"9153",5,16,"conf_358",1500,126,5.7124469154,3,5
"9154",5,16,"conf_358",2500,126,5.7124469154,3,5
"9155",5,16,"conf_358",5000,126,3.2877212915,3,5
"9156",5,16,"conf_358",7500,126,1.6323861957,3,5
"9157",5,16,"conf_358",250,127,4.4541149856,3,5
"9158",5,16,"conf_358",500,127,4.4541149856,3,5
"9159",5,16,"conf_358",1500,127,4.4541149856,3,5
"9160",5,16,"conf_358",2500,127,4.3850803514,3,5
"9161",5,16,"conf_358",5000,127,2.1087097148,3,5
"9162",5,16,"conf_358",7500,127,2.1087097148,3,5
"9163",5,16,"conf_358",250,128,17.9697319193,3,5
"9164",5,16,"conf_358",500,128,17.9697319193,3,5
"9165",5,16,"conf_358",1500,128,5.3446716528,3,5
"9166",5,16,"conf_358",2500,128,5.3446716528,3,5
"9167",5,16,"conf_358",5000,128,3.2803091897,3,5
"9168",5,16,"conf_358",7500,128,3.2803091897,3,5
"9169",5,16,"conf_358",250,129,8.8514280286,3,5
"9170",5,16,"conf_358",500,129,5.9923109683,3,5
"9171",5,16,"conf_358",1500,129,3.1879309618,3,5
"9172",5,16,"conf_358",2500,129,3.1879309618,3,5
"9173",5,16,"conf_358",5000,129,2.5981576614,3,5
"9174",5,16,"conf_358",7500,129,2.5981576614,3,5
"9175",5,16,"conf_358",250,130,11.1196640609,3,5
"9176",5,16,"conf_358",500,130,10.3819313075,3,5
"9177",5,16,"conf_358",1500,130,3.8525943901,3,5
"9178",5,16,"conf_358",2500,130,3.8525943901,3,5
"9179",5,16,"conf_358",5000,130,3.0144847993,3,5
"9180",5,16,"conf_358",7500,130,3.0144847993,3,5
"9181",5,16,"conf_358",250,131,7.8634477015,3,5
"9182",5,16,"conf_358",500,131,7.8634477015,3,5
"9183",5,16,"conf_358",1500,131,5.6458773978,3,5
"9184",5,16,"conf_358",2500,131,5.6458773978,3,5
"9185",5,16,"conf_358",5000,131,4.5886984359,3,5
"9186",5,16,"conf_358",7500,131,3.2857890818,3,5
"9187",5,16,"conf_358",250,132,6.372406052,3,5
"9188",5,16,"conf_358",500,132,6.372406052,3,5
"9189",5,16,"conf_358",1500,132,6.372406052,3,5
"9190",5,16,"conf_358",2500,132,3.8717142314,3,5
"9191",5,16,"conf_358",5000,132,2.1330627548,3,5
"9192",5,16,"conf_358",7500,132,2.1330627548,3,5
"9193",5,16,"conf_358",250,133,8.4979909673,3,5
"9194",5,16,"conf_358",500,133,5.461821845,3,5
"9195",5,16,"conf_358",1500,133,3.6248751045,3,5
"9196",5,16,"conf_358",2500,133,3.6248751045,3,5
"9197",5,16,"conf_358",5000,133,3.6248751045,3,5
"9198",5,16,"conf_358",7500,133,3.6248751045,3,5
"9199",5,16,"conf_358",250,134,7.4113910719,3,5
"9200",5,16,"conf_358",500,134,7.4113910719,3,5
"9201",5,16,"conf_358",1500,134,6.4524888326,3,5
"9202",5,16,"conf_358",2500,134,5.5052662301,3,5
"9203",5,16,"conf_358",5000,134,3.7772046062,3,5
"9204",5,16,"conf_358",7500,134,3.7772046062,3,5
"9205",5,16,"conf_358",250,135,2.6041544869,3,5
"9206",5,16,"conf_358",500,135,2.6041544869,3,5
"9207",5,16,"conf_358",1500,135,2.6041544869,3,5
"9208",5,16,"conf_358",2500,135,2.6041544869,3,5
"9209",5,16,"conf_358",5000,135,2.6041544869,3,5
"9210",5,16,"conf_358",7500,135,2.6041544869,3,5
"9211",5,16,"conf_358",250,136,5.6698167828,3,5
"9212",5,16,"conf_358",500,136,5.6698167828,3,5
"9213",5,16,"conf_358",1500,136,5.6698167828,3,5
"9214",5,16,"conf_358",2500,136,5.6698167828,3,5
"9215",5,16,"conf_358",5000,136,4.5458115151,3,5
"9216",5,16,"conf_358",7500,136,4.371445134,3,5
"9217",5,16,"conf_358",250,137,8.325315109,3,5
"9218",5,16,"conf_358",500,137,8.325315109,3,5
"9219",5,16,"conf_358",1500,137,7.5198831528,3,5
"9220",5,16,"conf_358",2500,137,5.2294163549,3,5
"9221",5,16,"conf_358",5000,137,2.7205800157,3,5
"9222",5,16,"conf_358",7500,137,2.7205800157,3,5
"9223",5,16,"conf_358",250,138,12.4533921903,3,5
"9224",5,16,"conf_358",500,138,8.903387509,3,5
"9225",5,16,"conf_358",1500,138,8.903387509,3,5
"9226",5,16,"conf_358",2500,138,7.7413917049,3,5
"9227",5,16,"conf_358",5000,138,2.6934958484,3,5
"9228",5,16,"conf_358",7500,138,2.6934958484,3,5
"9229",5,16,"conf_358",250,139,8.4615969215,3,5
"9230",5,16,"conf_358",500,139,6.633575138,3,5
"9231",5,16,"conf_358",1500,139,5.415136066,3,5
"9232",5,16,"conf_358",2500,139,2.9642703502,3,5
"9233",5,16,"conf_358",5000,139,2.9642703502,3,5
"9234",5,16,"conf_358",7500,139,2.7118805737,3,5
"9235",5,16,"conf_358",250,140,13.0764337032,3,5
"9236",5,16,"conf_358",500,140,6.8055952279,3,5
"9237",5,16,"conf_358",1500,140,2.897717337,3,5
"9238",5,16,"conf_358",2500,140,2.897717337,3,5
"9239",5,16,"conf_358",5000,140,1.9122576948,3,5
"9240",5,16,"conf_358",7500,140,1.1601730304,3,5
"9241",5,16,"conf_358",250,141,3.3437817174,3,5
"9242",5,16,"conf_358",500,141,3.3437817174,3,5
"9243",5,16,"conf_358",1500,141,3.3437817174,3,5
"9244",5,16,"conf_358",2500,141,3.3437817174,3,5
"9245",5,16,"conf_358",5000,141,2.8200658457,3,5
"9246",5,16,"conf_358",7500,141,2.8200658457,3,5
"9247",5,16,"conf_358",250,142,14.8932348506,3,5
"9248",5,16,"conf_358",500,142,10.7751210388,3,5
"9249",5,16,"conf_358",1500,142,5.6337895921,3,5
"9250",5,16,"conf_358",2500,142,4.549687389,3,5
"9251",5,16,"conf_358",5000,142,4.519901156,3,5
"9252",5,16,"conf_358",7500,142,1.3981107682,3,5
"9253",5,16,"conf_358",250,143,4.6828574834,3,5
"9254",5,16,"conf_358",500,143,4.6828574834,3,5
"9255",5,16,"conf_358",1500,143,4.6828574834,3,5
"9256",5,16,"conf_358",2500,143,4.6828574834,3,5
"9257",5,16,"conf_358",5000,143,3.1150796426,3,5
"9258",5,16,"conf_358",7500,143,3.1150796426,3,5
"9259",5,16,"conf_358",250,144,10.2627595884,3,5
"9260",5,16,"conf_358",500,144,10.2627595884,3,5
"9261",5,16,"conf_358",1500,144,6.4722476486,3,5
"9262",5,16,"conf_358",2500,144,6.4722476486,3,5
"9263",5,16,"conf_358",5000,144,4.7074511807,3,5
"9264",5,16,"conf_358",7500,144,3.4173653222,3,5
"9265",5,16,"conf_358",250,145,15.2092120275,3,5
"9266",5,16,"conf_358",500,145,5.7846191758,3,5
"9267",5,16,"conf_358",1500,145,5.7846191758,3,5
"9268",5,16,"conf_358",2500,145,5.7846191758,3,5
"9269",5,16,"conf_358",5000,145,1.3904847082,3,5
"9270",5,16,"conf_358",7500,145,1.1933655466,3,5
"9271",5,16,"conf_358",250,146,9.8545284341,3,5
"9272",5,16,"conf_358",500,146,3.8678674348,3,5
"9273",5,16,"conf_358",1500,146,2.4444677935,3,5
"9274",5,16,"conf_358",2500,146,2.4444677935,3,5
"9275",5,16,"conf_358",5000,146,2.4444677935,3,5
"9276",5,16,"conf_358",7500,146,2.4444677935,3,5
"9277",5,16,"conf_358",250,147,10.3327242687,3,5
"9278",5,16,"conf_358",500,147,6.5246791688,3,5
"9279",5,16,"conf_358",1500,147,6.5246791688,3,5
"9280",5,16,"conf_358",2500,147,5.3017057109,3,5
"9281",5,16,"conf_358",5000,147,3.1335566833,3,5
"9282",5,16,"conf_358",7500,147,1.9707470435,3,5
"9283",5,16,"conf_358",250,148,10.0471102431,3,5
"9284",5,16,"conf_358",500,148,10.0471102431,3,5
"9285",5,16,"conf_358",1500,148,5.7921403739,3,5
"9286",5,16,"conf_358",2500,148,4.0194885749,3,5
"9287",5,16,"conf_358",5000,148,2.3786546189,3,5
"9288",5,16,"conf_358",7500,148,2.3786546189,3,5
"9289",5,16,"conf_358",250,149,3.5991113836,3,5
"9290",5,16,"conf_358",500,149,3.5991113836,3,5
"9291",5,16,"conf_358",1500,149,2.5565115272,3,5
"9292",5,16,"conf_358",2500,149,2.5565115272,3,5
"9293",5,16,"conf_358",5000,149,1.3241264223,3,5
"9294",5,16,"conf_358",7500,149,1.3241264223,3,5
"9295",5,16,"conf_358",250,150,5.0708751773,3,5
"9296",5,16,"conf_358",500,150,5.0708751773,3,5
"9297",5,16,"conf_358",1500,150,2.0961391251,3,5
"9298",5,16,"conf_358",2500,150,2.0961391251,3,5
"9299",5,16,"conf_358",5000,150,2.0034955593,3,5
"9300",5,16,"conf_358",7500,150,2.0034955593,3,5
"9301",5,16,"conf_358",250,151,11.4800585332,4,5
"9302",5,16,"conf_358",500,151,11.4800585332,4,5
"9303",5,16,"conf_358",1500,151,5.5243043365,4,5
"9304",5,16,"conf_358",2500,151,4.7279444041,4,5
"9305",5,16,"conf_358",5000,151,3.0127811717,4,5
"9306",5,16,"conf_358",7500,151,3.0127811717,4,5
"9307",5,16,"conf_358",250,152,13.2076906889,4,5
"9308",5,16,"conf_358",500,152,9.5232152417,4,5
"9309",5,16,"conf_358",1500,152,6.3159284357,4,5
"9310",5,16,"conf_358",2500,152,3.0305161578,4,5
"9311",5,16,"conf_358",5000,152,3.0305161578,4,5
"9312",5,16,"conf_358",7500,152,3.0305161578,4,5
"9313",5,16,"conf_358",250,153,8.4238325504,4,5
"9314",5,16,"conf_358",500,153,8.4238325504,4,5
"9315",5,16,"conf_358",1500,153,4.3936967781,4,5
"9316",5,16,"conf_358",2500,153,4.3936967781,4,5
"9317",5,16,"conf_358",5000,153,4.3936967781,4,5
"9318",5,16,"conf_358",7500,153,4.3936967781,4,5
"9319",5,16,"conf_358",250,154,10.8841563966,4,5
"9320",5,16,"conf_358",500,154,8.0654771096,4,5
"9321",5,16,"conf_358",1500,154,3.2163960306,4,5
"9322",5,16,"conf_358",2500,154,3.2163960306,4,5
"9323",5,16,"conf_358",5000,154,1.7584139412,4,5
"9324",5,16,"conf_358",7500,154,0.9778944589,4,5
"9325",5,16,"conf_358",250,155,17.8591783035,4,5
"9326",5,16,"conf_358",500,155,11.5050096863,4,5
"9327",5,16,"conf_358",1500,155,5.1470203388,4,5
"9328",5,16,"conf_358",2500,155,3.6042730948,4,5
"9329",5,16,"conf_358",5000,155,3.6042730948,4,5
"9330",5,16,"conf_358",7500,155,3.6042730948,4,5
"9331",5,16,"conf_358",250,156,6.7614458156,4,5
"9332",5,16,"conf_358",500,156,6.7614458156,4,5
"9333",5,16,"conf_358",1500,156,6.7422592843,4,5
"9334",5,16,"conf_358",2500,156,5.948734886,4,5
"9335",5,16,"conf_358",5000,156,2.7127067869,4,5
"9336",5,16,"conf_358",7500,156,2.7127067869,4,5
"9337",5,16,"conf_358",250,157,15.1541340125,4,5
"9338",5,16,"conf_358",500,157,13.3209970393,4,5
"9339",5,16,"conf_358",1500,157,8.6093919245,4,5
"9340",5,16,"conf_358",2500,157,5.8255939199,4,5
"9341",5,16,"conf_358",5000,157,2.1558946472,4,5
"9342",5,16,"conf_358",7500,157,1.2083726128,4,5
"9343",5,16,"conf_358",250,158,9.6353928823,4,5
"9344",5,16,"conf_358",500,158,8.1016707225,4,5
"9345",5,16,"conf_358",1500,158,6.9630261859,4,5
"9346",5,16,"conf_358",2500,158,5.4036238491,4,5
"9347",5,16,"conf_358",5000,158,3.0553785112,4,5
"9348",5,16,"conf_358",7500,158,3.0553785112,4,5
"9349",5,16,"conf_358",250,159,14.17660634,4,5
"9350",5,16,"conf_358",500,159,14.17660634,4,5
"9351",5,16,"conf_358",1500,159,3.5841383667,4,5
"9352",5,16,"conf_358",2500,159,2.9411722303,4,5
"9353",5,16,"conf_358",5000,159,2.9411722303,4,5
"9354",5,16,"conf_358",7500,159,2.9411722303,4,5
"9355",5,16,"conf_358",250,160,6.4370558338,4,5
"9356",5,16,"conf_358",500,160,6.4370558338,4,5
"9357",5,16,"conf_358",1500,160,3.2820935537,4,5
"9358",5,16,"conf_358",2500,160,3.2820935537,4,5
"9359",5,16,"conf_358",5000,160,3.2820935537,4,5
"9360",5,16,"conf_358",7500,160,2.3927282128,4,5
"9361",5,16,"conf_358",250,161,1.1435005227,4,5
"9362",5,16,"conf_358",500,161,1.1435005227,4,5
"9363",5,16,"conf_358",1500,161,0.8633980843,4,5
"9364",5,16,"conf_358",2500,161,0.8633980843,4,5
"9365",5,16,"conf_358",5000,161,0.8633980843,4,5
"9366",5,16,"conf_358",7500,161,0.8633980843,4,5
"9367",5,16,"conf_358",250,162,2.2474313653,4,5
"9368",5,16,"conf_358",500,162,2.2474313653,4,5
"9369",5,16,"conf_358",1500,162,2.2474313653,4,5
"9370",5,16,"conf_358",2500,162,2.2474313653,4,5
"9371",5,16,"conf_358",5000,162,2.0722304557,4,5
"9372",5,16,"conf_358",7500,162,2.0722304557,4,5
"9373",5,16,"conf_358",250,163,8.4157250931,4,5
"9374",5,16,"conf_358",500,163,8.4157250931,4,5
"9375",5,16,"conf_358",1500,163,2.7097400613,4,5
"9376",5,16,"conf_358",2500,163,2.7097400613,4,5
"9377",5,16,"conf_358",5000,163,2.7097400613,4,5
"9378",5,16,"conf_358",7500,163,1.8753241725,4,5
"9379",5,16,"conf_358",250,164,8.6061913731,4,5
"9380",5,16,"conf_358",500,164,8.6061913731,4,5
"9381",5,16,"conf_358",1500,164,3.5955198284,4,5
"9382",5,16,"conf_358",2500,164,3.5955198284,4,5
"9383",5,16,"conf_358",5000,164,3.5955198284,4,5
"9384",5,16,"conf_358",7500,164,3.0011211312,4,5
"9385",5,16,"conf_358",250,165,13.6572995159,4,5
"9386",5,16,"conf_358",500,165,8.3258101364,4,5
"9387",5,16,"conf_358",1500,165,5.4197068358,4,5
"9388",5,16,"conf_358",2500,165,5.4197068358,4,5
"9389",5,16,"conf_358",5000,165,5.2814825399,4,5
"9390",5,16,"conf_358",7500,165,3.8755603558,4,5
"9391",5,16,"conf_358",250,166,8.2314495318,4,5
"9392",5,16,"conf_358",500,166,8.2314495318,4,5
"9393",5,16,"conf_358",1500,166,7.2222034426,4,5
"9394",5,16,"conf_358",2500,166,5.9111146626,4,5
"9395",5,16,"conf_358",5000,166,3.4081377764,4,5
"9396",5,16,"conf_358",7500,166,3.4081377764,4,5
"9397",5,16,"conf_358",250,167,13.3130168546,4,5
"9398",5,16,"conf_358",500,167,9.891334258,4,5
"9399",5,16,"conf_358",1500,167,4.3722011194,4,5
"9400",5,16,"conf_358",2500,167,3.972276816,4,5
"9401",5,16,"conf_358",5000,167,3.972276816,4,5
"9402",5,16,"conf_358",7500,167,2.7695314838,4,5
"9403",5,16,"conf_358",250,168,4.056126574,4,5
"9404",5,16,"conf_358",500,168,4.056126574,4,5
"9405",5,16,"conf_358",1500,168,4.056126574,4,5
"9406",5,16,"conf_358",2500,168,4.056126574,4,5
"9407",5,16,"conf_358",5000,168,4.056126574,4,5
"9408",5,16,"conf_358",7500,168,2.4714133723,4,5
"9409",5,16,"conf_358",250,169,4.8755152471,4,5
"9410",5,16,"conf_358",500,169,4.8755152471,4,5
"9411",5,16,"conf_358",1500,169,4.6004881707,4,5
"9412",5,16,"conf_358",2500,169,4.4371679549,4,5
"9413",5,16,"conf_358",5000,169,3.0654791129,4,5
"9414",5,16,"conf_358",7500,169,3.0147020804,4,5
"9415",5,16,"conf_358",250,170,10.1124141727,4,5
"9416",5,16,"conf_358",500,170,8.9673575482,4,5
"9417",5,16,"conf_358",1500,170,8.9673575482,4,5
"9418",5,16,"conf_358",2500,170,4.4928607709,4,5
"9419",5,16,"conf_358",5000,170,1.4887064151,4,5
"9420",5,16,"conf_358",7500,170,1.4887064151,4,5
"9421",5,16,"conf_358",250,171,4.1137939246,4,5
"9422",5,16,"conf_358",500,171,4.1137939246,4,5
"9423",5,16,"conf_358",1500,171,3.8534688726,4,5
"9424",5,16,"conf_358",2500,171,3.8534688726,4,5
"9425",5,16,"conf_358",5000,171,3.2513440746,4,5
"9426",5,16,"conf_358",7500,171,1.5543185811,4,5
"9427",5,16,"conf_358",250,172,9.1468358258,4,5
"9428",5,16,"conf_358",500,172,9.1468358258,4,5
"9429",5,16,"conf_358",1500,172,8.4471661115,4,5
"9430",5,16,"conf_358",2500,172,8.4471661115,4,5
"9431",5,16,"conf_358",5000,172,1.1322559442,4,5
"9432",5,16,"conf_358",7500,172,0.6591343072,4,5
"9433",5,16,"conf_358",250,173,9.6291934544,4,5
"9434",5,16,"conf_358",500,173,9.2700662841,4,5
"9435",5,16,"conf_358",1500,173,7.9351935317,4,5
"9436",5,16,"conf_358",2500,173,1.7488585178,4,5
"9437",5,16,"conf_358",5000,173,1.7488585178,4,5
"9438",5,16,"conf_358",7500,173,1.7488585178,4,5
"9439",5,16,"conf_358",250,174,4.4806438082,4,5
"9440",5,16,"conf_358",500,174,4.4806438082,4,5
"9441",5,16,"conf_358",1500,174,4.4806438082,4,5
"9442",5,16,"conf_358",2500,174,4.4806438082,4,5
"9443",5,16,"conf_358",5000,174,4.4806438082,4,5
"9444",5,16,"conf_358",7500,174,3.5928078097,4,5
"9445",5,16,"conf_358",250,175,8.7765657025,4,5
"9446",5,16,"conf_358",500,175,4.925791136,4,5
"9447",5,16,"conf_358",1500,175,4.0622944798,4,5
"9448",5,16,"conf_358",2500,175,4.0622944798,4,5
"9449",5,16,"conf_358",5000,175,2.2294436206,4,5
"9450",5,16,"conf_358",7500,175,2.2294436206,4,5
"9451",5,16,"conf_358",250,176,19.8203333066,4,5
"9452",5,16,"conf_358",500,176,17.7549623878,4,5
"9453",5,16,"conf_358",1500,176,10.0484439036,4,5
"9454",5,16,"conf_358",2500,176,3.6783134867,4,5
"9455",5,16,"conf_358",5000,176,3.6783134867,4,5
"9456",5,16,"conf_358",7500,176,3.6783134867,4,5
"9457",5,16,"conf_358",250,177,10.7513734515,4,5
"9458",5,16,"conf_358",500,177,10.7513734515,4,5
"9459",5,16,"conf_358",1500,177,8.8648588711,4,5
"9460",5,16,"conf_358",2500,177,6.5450272679,4,5
"9461",5,16,"conf_358",5000,177,4.5882162794,4,5
"9462",5,16,"conf_358",7500,177,4.5882162794,4,5
"9463",5,16,"conf_358",250,178,12.5607522256,4,5
"9464",5,16,"conf_358",500,178,10.3767352835,4,5
"9465",5,16,"conf_358",1500,178,2.8259056429,4,5
"9466",5,16,"conf_358",2500,178,2.4686448451,4,5
"9467",5,16,"conf_358",5000,178,2.4686448451,4,5
"9468",5,16,"conf_358",7500,178,2.4686448451,4,5
"9469",5,16,"conf_358",250,179,10.0469242633,4,5
"9470",5,16,"conf_358",500,179,10.0469242633,4,5
"9471",5,16,"conf_358",1500,179,3.9772573741,4,5
"9472",5,16,"conf_358",2500,179,3.9772573741,4,5
"9473",5,16,"conf_358",5000,179,3.7742350856,4,5
"9474",5,16,"conf_358",7500,179,2.2495046079,4,5
"9475",5,16,"conf_358",250,180,11.6672936196,4,5
"9476",5,16,"conf_358",500,180,11.6672936196,4,5
"9477",5,16,"conf_358",1500,180,8.5573255603,4,5
"9478",5,16,"conf_358",2500,180,8.5573255603,4,5
"9479",5,16,"conf_358",5000,180,4.6933940503,4,5
"9480",5,16,"conf_358",7500,180,2.4532452782,4,5
"9481",5,16,"conf_358",250,181,12.4249274303,4,5
"9482",5,16,"conf_358",500,181,8.8936204628,4,5
"9483",5,16,"conf_358",1500,181,7.0210820735,4,5
"9484",5,16,"conf_358",2500,181,5.7103897156,4,5
"9485",5,16,"conf_358",5000,181,5.5471922935,4,5
"9486",5,16,"conf_358",7500,181,1.354044296,4,5
"9487",5,16,"conf_358",250,182,10.9795288916,4,5
"9488",5,16,"conf_358",500,182,8.1508972384,4,5
"9489",5,16,"conf_358",1500,182,4.4808105693,4,5
"9490",5,16,"conf_358",2500,182,4.4808105693,4,5
"9491",5,16,"conf_358",5000,182,4.1216175262,4,5
"9492",5,16,"conf_358",7500,182,2.6056155167,4,5
"9493",5,16,"conf_358",250,183,19.6768279032,4,5
"9494",5,16,"conf_358",500,183,8.2812637917,4,5
"9495",5,16,"conf_358",1500,183,7.427065456,4,5
"9496",5,16,"conf_358",2500,183,5.5360660629,4,5
"9497",5,16,"conf_358",5000,183,5.5360660629,4,5
"9498",5,16,"conf_358",7500,183,3.9232990633,4,5
"9499",5,16,"conf_358",250,184,7.3472810333,4,5
"9500",5,16,"conf_358",500,184,5.7380994056,4,5
"9501",5,16,"conf_358",1500,184,3.0890856994,4,5
"9502",5,16,"conf_358",2500,184,3.0890856994,4,5
"9503",5,16,"conf_358",5000,184,3.0890856994,4,5
"9504",5,16,"conf_358",7500,184,2.9465119652,4,5
"9505",5,16,"conf_358",250,185,5.0096063536,4,5
"9506",5,16,"conf_358",500,185,5.0096063536,4,5
"9507",5,16,"conf_358",1500,185,4.2296775578,4,5
"9508",5,16,"conf_358",2500,185,4.2296775578,4,5
"9509",5,16,"conf_358",5000,185,3.9259099386,4,5
"9510",5,16,"conf_358",7500,185,3.9259099386,4,5
"9511",5,16,"conf_358",250,186,8.004872386,4,5
"9512",5,16,"conf_358",500,186,8.004872386,4,5
"9513",5,16,"conf_358",1500,186,3.9255194529,4,5
"9514",5,16,"conf_358",2500,186,3.1271254463,4,5
"9515",5,16,"conf_358",5000,186,3.1271254463,4,5
"9516",5,16,"conf_358",7500,186,3.1271254463,4,5
"9517",5,16,"conf_358",250,187,11.6170147724,4,5
"9518",5,16,"conf_358",500,187,6.5390621908,4,5
"9519",5,16,"conf_358",1500,187,6.5390621908,4,5
"9520",5,16,"conf_358",2500,187,6.5390621908,4,5
"9521",5,16,"conf_358",5000,187,4.5600748747,4,5
"9522",5,16,"conf_358",7500,187,2.9887476734,4,5
"9523",5,16,"conf_358",250,188,10.9064158492,4,5
"9524",5,16,"conf_358",500,188,6.9888604824,4,5
"9525",5,16,"conf_358",1500,188,4.9669882788,4,5
"9526",5,16,"conf_358",2500,188,4.9669882788,4,5
"9527",5,16,"conf_358",5000,188,2.8574225742,4,5
"9528",5,16,"conf_358",7500,188,2.8574225742,4,5
"9529",5,16,"conf_358",250,189,9.521804565,4,5
"9530",5,16,"conf_358",500,189,9.521804565,4,5
"9531",5,16,"conf_358",1500,189,8.5918082298,4,5
"9532",5,16,"conf_358",2500,189,8.5918082298,4,5
"9533",5,16,"conf_358",5000,189,5.935093713,4,5
"9534",5,16,"conf_358",7500,189,4.1165823477,4,5
"9535",5,16,"conf_358",250,190,9.8272513115,4,5
"9536",5,16,"conf_358",500,190,9.8272513115,4,5
"9537",5,16,"conf_358",1500,190,5.8082016398,4,5
"9538",5,16,"conf_358",2500,190,5.8082016398,4,5
"9539",5,16,"conf_358",5000,190,4.36954482,4,5
"9540",5,16,"conf_358",7500,190,4.36954482,4,5
"9541",5,16,"conf_358",250,191,9.5035280087,4,5
"9542",5,16,"conf_358",500,191,9.5035280087,4,5
"9543",5,16,"conf_358",1500,191,7.3143846103,4,5
"9544",5,16,"conf_358",2500,191,5.201381614,4,5
"9545",5,16,"conf_358",5000,191,4.1506280774,4,5
"9546",5,16,"conf_358",7500,191,4.1506280774,4,5
"9547",5,16,"conf_358",250,192,14.0593794158,4,5
"9548",5,16,"conf_358",500,192,10.3216753261,4,5
"9549",5,16,"conf_358",1500,192,5.3083695075,4,5
"9550",5,16,"conf_358",2500,192,3.2744932705,4,5
"9551",5,16,"conf_358",5000,192,2.2233364843,4,5
"9552",5,16,"conf_358",7500,192,2.2233364843,4,5
"9553",5,16,"conf_358",250,193,8.2972114688,4,5
"9554",5,16,"conf_358",500,193,2.5644006258,4,5
"9555",5,16,"conf_358",1500,193,2.5644006258,4,5
"9556",5,16,"conf_358",2500,193,2.5644006258,4,5
"9557",5,16,"conf_358",5000,193,2.5644006258,4,5
"9558",5,16,"conf_358",7500,193,2.5644006258,4,5
"9559",5,16,"conf_358",250,194,7.6421538273,4,5
"9560",5,16,"conf_358",500,194,7.6421538273,4,5
"9561",5,16,"conf_358",1500,194,7.0993913764,4,5
"9562",5,16,"conf_358",2500,194,7.0993913764,4,5
"9563",5,16,"conf_358",5000,194,4.3062531469,4,5
"9564",5,16,"conf_358",7500,194,2.1186352236,4,5
"9565",5,16,"conf_358",250,195,9.1878433546,4,5
"9566",5,16,"conf_358",500,195,6.4534429898,4,5
"9567",5,16,"conf_358",1500,195,2.2255515846,4,5
"9568",5,16,"conf_358",2500,195,2.2255515846,4,5
"9569",5,16,"conf_358",5000,195,1.9602271771,4,5
"9570",5,16,"conf_358",7500,195,1.9602271771,4,5
"9571",5,16,"conf_358",250,196,10.1486926847,4,5
"9572",5,16,"conf_358",500,196,8.0677988824,4,5
"9573",5,16,"conf_358",1500,196,6.9479655446,4,5
"9574",5,16,"conf_358",2500,196,6.4791760418,4,5
"9575",5,16,"conf_358",5000,196,3.2580791768,4,5
"9576",5,16,"conf_358",7500,196,3.2580791768,4,5
"9577",5,16,"conf_358",250,197,10.5362870406,4,5
"9578",5,16,"conf_358",500,197,7.9869439365,4,5
"9579",5,16,"conf_358",1500,197,7.9869439365,4,5
"9580",5,16,"conf_358",2500,197,7.1770702782,4,5
"9581",5,16,"conf_358",5000,197,3.8068657032,4,5
"9582",5,16,"conf_358",7500,197,2.0706528321,4,5
"9583",5,16,"conf_358",250,198,10.721802835,4,5
"9584",5,16,"conf_358",500,198,10.721802835,4,5
"9585",5,16,"conf_358",1500,198,3.6118549408,4,5
"9586",5,16,"conf_358",2500,198,3.6118549408,4,5
"9587",5,16,"conf_358",5000,198,3.24651043,4,5
"9588",5,16,"conf_358",7500,198,3.24651043,4,5
"9589",5,16,"conf_358",250,199,12.8904111473,4,5
"9590",5,16,"conf_358",500,199,6.2420039507,4,5
"9591",5,16,"conf_358",1500,199,3.0058622981,4,5
"9592",5,16,"conf_358",2500,199,3.0058622981,4,5
"9593",5,16,"conf_358",5000,199,3.0058622981,4,5
"9594",5,16,"conf_358",7500,199,3.0058622981,4,5
"9595",5,16,"conf_358",250,200,16.793296822,4,5
"9596",5,16,"conf_358",500,200,8.9248129589,4,5
"9597",5,16,"conf_358",1500,200,7.7387660498,4,5
"9598",5,16,"conf_358",2500,200,7.7387660498,4,5
"9599",5,16,"conf_358",5000,200,2.9431026286,4,5
"9600",5,16,"conf_358",7500,200,2.558468514,4,5
"9601",5,17,"conf_358",250,1,3.8110280998,2,5
"9602",5,17,"conf_358",500,1,3.8110280998,2,5
"9603",5,17,"conf_358",1500,1,2.3977201834,2,5
"9604",5,17,"conf_358",2500,1,1.3049199817,2,5
"9605",5,17,"conf_358",5000,1,0.3108036152,2,5
"9606",5,17,"conf_358",7500,1,0.3108036152,2,5
"9607",5,17,"conf_358",250,2,3.87365344,2,5
"9608",5,17,"conf_358",500,2,3.5995975837,2,5
"9609",5,17,"conf_358",1500,2,2.8195039429,2,5
"9610",5,17,"conf_358",2500,2,1.1236032141,2,5
"9611",5,17,"conf_358",5000,2,0.7764758024,2,5
"9612",5,17,"conf_358",7500,2,0.322530955,2,5
"9613",5,17,"conf_358",250,3,1.8228578196,2,5
"9614",5,17,"conf_358",500,3,1.8228578196,2,5
"9615",5,17,"conf_358",1500,3,1.821829772,2,5
"9616",5,17,"conf_358",2500,3,1.2666047658,2,5
"9617",5,17,"conf_358",5000,3,0.3678072125,2,5
"9618",5,17,"conf_358",7500,3,0.3451781192,2,5
"9619",5,17,"conf_358",250,4,3.8965703899,2,5
"9620",5,17,"conf_358",500,4,1.083968762,2,5
"9621",5,17,"conf_358",1500,4,0.6678488864,2,5
"9622",5,17,"conf_358",2500,4,0.6678488864,2,5
"9623",5,17,"conf_358",5000,4,0.5757550495,2,5
"9624",5,17,"conf_358",7500,4,0.1838111569,2,5
"9625",5,17,"conf_358",250,5,4.6788828004,2,5
"9626",5,17,"conf_358",500,5,1.8435729753,2,5
"9627",5,17,"conf_358",1500,5,1.2595818215,2,5
"9628",5,17,"conf_358",2500,5,0.548789439,2,5
"9629",5,17,"conf_358",5000,5,0.4897237862,2,5
"9630",5,17,"conf_358",7500,5,0.1225880218,2,5
"9631",5,17,"conf_358",250,6,2.8916824375,2,5
"9632",5,17,"conf_358",500,6,2.5693152001,2,5
"9633",5,17,"conf_358",1500,6,1.1987275771,2,5
"9634",5,17,"conf_358",2500,6,0.5082832052,2,5
"9635",5,17,"conf_358",5000,6,0.339536089,2,5
"9636",5,17,"conf_358",7500,6,0.1841037155,2,5
"9637",5,17,"conf_358",250,7,3.5894259878,2,5
"9638",5,17,"conf_358",500,7,2.6460137002,2,5
"9639",5,17,"conf_358",1500,7,0.8989820868,2,5
"9640",5,17,"conf_358",2500,7,0.8989820868,2,5
"9641",5,17,"conf_358",5000,7,0.3980880979,2,5
"9642",5,17,"conf_358",7500,7,0.2275278058,2,5
"9643",5,17,"conf_358",250,8,2.2567172669,2,5
"9644",5,17,"conf_358",500,8,1.8034251152,2,5
"9645",5,17,"conf_358",1500,8,1.3094140895,2,5
"9646",5,17,"conf_358",2500,8,0.9321226151,2,5
"9647",5,17,"conf_358",5000,8,0.2962822887,2,5
"9648",5,17,"conf_358",7500,8,0.1338623765,2,5
"9649",5,17,"conf_358",250,9,2.4898790035,2,5
"9650",5,17,"conf_358",500,9,2.4898790035,2,5
"9651",5,17,"conf_358",1500,9,1.5260184149,2,5
"9652",5,17,"conf_358",2500,9,0.7046343175,2,5
"9653",5,17,"conf_358",5000,9,0.4818930078,2,5
"9654",5,17,"conf_358",7500,9,0.1857394899,2,5
"9655",5,17,"conf_358",250,10,4.9956209476,2,5
"9656",5,17,"conf_358",500,10,2.0345383953,2,5
"9657",5,17,"conf_358",1500,10,1.6944730061,2,5
"9658",5,17,"conf_358",2500,10,1.2618657907,2,5
"9659",5,17,"conf_358",5000,10,0.4248353348,2,5
"9660",5,17,"conf_358",7500,10,0.2709561825,2,5
"9661",5,17,"conf_358",250,11,5.2573001101,2,5
"9662",5,17,"conf_358",500,11,4.4100185836,2,5
"9663",5,17,"conf_358",1500,11,1.0277756571,2,5
"9664",5,17,"conf_358",2500,11,0.6843210585,2,5
"9665",5,17,"conf_358",5000,11,0.6569139907,2,5
"9666",5,17,"conf_358",7500,11,0.2404114001,2,5
"9667",5,17,"conf_358",250,12,5.140328352,2,5
"9668",5,17,"conf_358",500,12,1.2320343022,2,5
"9669",5,17,"conf_358",1500,12,1.2320343022,2,5
"9670",5,17,"conf_358",2500,12,1.0296431972,2,5
"9671",5,17,"conf_358",5000,12,0.3820546596,2,5
"9672",5,17,"conf_358",7500,12,0.2528200343,2,5
"9673",5,17,"conf_358",250,13,3.9073546846,2,5
"9674",5,17,"conf_358",500,13,2.6577422903,2,5
"9675",5,17,"conf_358",1500,13,1.683231868,2,5
"9676",5,17,"conf_358",2500,13,1.3406132165,2,5
"9677",5,17,"conf_358",5000,13,0.2888318685,2,5
"9678",5,17,"conf_358",7500,13,0.2242534135,2,5
"9679",5,17,"conf_358",250,14,2.3889391816,2,5
"9680",5,17,"conf_358",500,14,2.3889391816,2,5
"9681",5,17,"conf_358",1500,14,1.8501991601,2,5
"9682",5,17,"conf_358",2500,14,0.8992913334,2,5
"9683",5,17,"conf_358",5000,14,0.2852270825,2,5
"9684",5,17,"conf_358",7500,14,0.2852270825,2,5
"9685",5,17,"conf_358",250,15,5.4028497178,2,5
"9686",5,17,"conf_358",500,15,3.1023944946,2,5
"9687",5,17,"conf_358",1500,15,1.7481555497,2,5
"9688",5,17,"conf_358",2500,15,1.6351092049,2,5
"9689",5,17,"conf_358",5000,15,0.5625925364,2,5
"9690",5,17,"conf_358",7500,15,0.2405969829,2,5
"9691",5,17,"conf_358",250,16,2.9980760372,2,5
"9692",5,17,"conf_358",500,16,1.914118695,2,5
"9693",5,17,"conf_358",1500,16,1.6297869146,2,5
"9694",5,17,"conf_358",2500,16,1.1463637051,2,5
"9695",5,17,"conf_358",5000,16,0.2268668324,2,5
"9696",5,17,"conf_358",7500,16,0.1499884121,2,5
"9697",5,17,"conf_358",250,17,3.3343910986,2,5
"9698",5,17,"conf_358",500,17,3.3343910986,2,5
"9699",5,17,"conf_358",1500,17,1.327912638,2,5
"9700",5,17,"conf_358",2500,17,0.7507518267,2,5
"9701",5,17,"conf_358",5000,17,0.3467927622,2,5
"9702",5,17,"conf_358",7500,17,0.2481123705,2,5
"9703",5,17,"conf_358",250,18,4.0536888124,2,5
"9704",5,17,"conf_358",500,18,3.8969909359,2,5
"9705",5,17,"conf_358",1500,18,1.5002861332,2,5
"9706",5,17,"conf_358",2500,18,0.54186241,2,5
"9707",5,17,"conf_358",5000,18,0.3026002006,2,5
"9708",5,17,"conf_358",7500,18,0.1859001819,2,5
"9709",5,17,"conf_358",250,19,3.7164517338,2,5
"9710",5,17,"conf_358",500,19,2.5939581649,2,5
"9711",5,17,"conf_358",1500,19,1.6930931438,2,5
"9712",5,17,"conf_358",2500,19,0.9868032026,2,5
"9713",5,17,"conf_358",5000,19,0.5895366601,2,5
"9714",5,17,"conf_358",7500,19,0.2753251792,2,5
"9715",5,17,"conf_358",250,20,5.161792186,2,5
"9716",5,17,"conf_358",500,20,4.5029983815,2,5
"9717",5,17,"conf_358",1500,20,1.9257116309,2,5
"9718",5,17,"conf_358",2500,20,0.6273780654,2,5
"9719",5,17,"conf_358",5000,20,0.3722851844,2,5
"9720",5,17,"conf_358",7500,20,0.1760499843,2,5
"9721",5,17,"conf_358",250,21,5.5258216958,2,5
"9722",5,17,"conf_358",500,21,2.9161992228,2,5
"9723",5,17,"conf_358",1500,21,1.1985773179,2,5
"9724",5,17,"conf_358",2500,21,1.0415422151,2,5
"9725",5,17,"conf_358",5000,21,0.4485214439,2,5
"9726",5,17,"conf_358",7500,21,0.1293486609,2,5
"9727",5,17,"conf_358",250,22,4.5170522039,2,5
"9728",5,17,"conf_358",500,22,2.876043785,2,5
"9729",5,17,"conf_358",1500,22,1.1409639852,2,5
"9730",5,17,"conf_358",2500,22,1.0955276315,2,5
"9731",5,17,"conf_358",5000,22,0.4638435531,2,5
"9732",5,17,"conf_358",7500,22,0.172353876,2,5
"9733",5,17,"conf_358",250,23,3.8365721511,2,5
"9734",5,17,"conf_358",500,23,3.8365721511,2,5
"9735",5,17,"conf_358",1500,23,1.0917943854,2,5
"9736",5,17,"conf_358",2500,23,1.0917943854,2,5
"9737",5,17,"conf_358",5000,23,0.4884352535,2,5
"9738",5,17,"conf_358",7500,23,0.2067076026,2,5
"9739",5,17,"conf_358",250,24,4.0031885789,2,5
"9740",5,17,"conf_358",500,24,4.0031885789,2,5
"9741",5,17,"conf_358",1500,24,1.6687693909,2,5
"9742",5,17,"conf_358",2500,24,1.1195984671,2,5
"9743",5,17,"conf_358",5000,24,0.6528416348,2,5
"9744",5,17,"conf_358",7500,24,0.1239452058,2,5
"9745",5,17,"conf_358",250,25,3.4448292816,2,5
"9746",5,17,"conf_358",500,25,3.4448292816,2,5
"9747",5,17,"conf_358",1500,25,1.5296096739,2,5
"9748",5,17,"conf_358",2500,25,0.7518920736,2,5
"9749",5,17,"conf_358",5000,25,0.4729226815,2,5
"9750",5,17,"conf_358",7500,25,0.1531590182,2,5
"9751",5,17,"conf_358",250,26,3.767965546,2,5
"9752",5,17,"conf_358",500,26,3.767965546,2,5
"9753",5,17,"conf_358",1500,26,2.0489114467,2,5
"9754",5,17,"conf_358",2500,26,0.6771825944,2,5
"9755",5,17,"conf_358",5000,26,0.2480702748,2,5
"9756",5,17,"conf_358",7500,26,0.2122703067,2,5
"9757",5,17,"conf_358",250,27,2.6175724694,2,5
"9758",5,17,"conf_358",500,27,2.6175724694,2,5
"9759",5,17,"conf_358",1500,27,1.8906600232,2,5
"9760",5,17,"conf_358",2500,27,0.9289753479,2,5
"9761",5,17,"conf_358",5000,27,0.3989012315,2,5
"9762",5,17,"conf_358",7500,27,0.1230119182,2,5
"9763",5,17,"conf_358",250,28,3.8186440509,2,5
"9764",5,17,"conf_358",500,28,3.7562517975,2,5
"9765",5,17,"conf_358",1500,28,1.7430168023,2,5
"9766",5,17,"conf_358",2500,28,1.3727864178,2,5
"9767",5,17,"conf_358",5000,28,0.3703439845,2,5
"9768",5,17,"conf_358",7500,28,0.1527821052,2,5
"9769",5,17,"conf_358",250,29,1.8717375785,2,5
"9770",5,17,"conf_358",500,29,1.8717375785,2,5
"9771",5,17,"conf_358",1500,29,1.7099681826,2,5
"9772",5,17,"conf_358",2500,29,1.276035462,2,5
"9773",5,17,"conf_358",5000,29,0.4139275867,2,5
"9774",5,17,"conf_358",7500,29,0.2414843103,2,5
"9775",5,17,"conf_358",250,30,4.4179274491,2,5
"9776",5,17,"conf_358",500,30,2.4847467882,2,5
"9777",5,17,"conf_358",1500,30,1.2182752487,2,5
"9778",5,17,"conf_358",2500,30,0.936700954,2,5
"9779",5,17,"conf_358",5000,30,0.5905114736,2,5
"9780",5,17,"conf_358",7500,30,0.2189522592,2,5
"9781",5,17,"conf_358",250,31,3.0409524692,2,5
"9782",5,17,"conf_358",500,31,2.6446741175,2,5
"9783",5,17,"conf_358",1500,31,1.2431051174,2,5
"9784",5,17,"conf_358",2500,31,0.887376038,2,5
"9785",5,17,"conf_358",5000,31,0.576812035,2,5
"9786",5,17,"conf_358",7500,31,0.2775614738,2,5
"9787",5,17,"conf_358",250,32,6.5448114249,2,5
"9788",5,17,"conf_358",500,32,3.2251565039,2,5
"9789",5,17,"conf_358",1500,32,1.9146321336,2,5
"9790",5,17,"conf_358",2500,32,1.2332379917,2,5
"9791",5,17,"conf_358",5000,32,0.3767292441,2,5
"9792",5,17,"conf_358",7500,32,0.2315677955,2,5
"9793",5,17,"conf_358",250,33,3.1853656702,2,5
"9794",5,17,"conf_358",500,33,3.1853656702,2,5
"9795",5,17,"conf_358",1500,33,1.2877307683,2,5
"9796",5,17,"conf_358",2500,33,0.8290567086,2,5
"9797",5,17,"conf_358",5000,33,0.4497189519,2,5
"9798",5,17,"conf_358",7500,33,0.1887943621,2,5
"9799",5,17,"conf_358",250,34,4.6903071486,2,5
"9800",5,17,"conf_358",500,34,2.9901734007,2,5
"9801",5,17,"conf_358",1500,34,1.6126083136,2,5
"9802",5,17,"conf_358",2500,34,1.0614238987,2,5
"9803",5,17,"conf_358",5000,34,0.2262963636,2,5
"9804",5,17,"conf_358",7500,34,0.1806434521,2,5
"9805",5,17,"conf_358",250,35,4.3417973288,2,5
"9806",5,17,"conf_358",500,35,1.6878831597,2,5
"9807",5,17,"conf_358",1500,35,1.0653322169,2,5
"9808",5,17,"conf_358",2500,35,1.0653322169,2,5
"9809",5,17,"conf_358",5000,35,0.3140539657,2,5
"9810",5,17,"conf_358",7500,35,0.210184926,2,5
"9811",5,17,"conf_358",250,36,2.4831609319,2,5
"9812",5,17,"conf_358",500,36,1.8993054081,2,5
"9813",5,17,"conf_358",1500,36,1.8993054081,2,5
"9814",5,17,"conf_358",2500,36,1.7433757428,2,5
"9815",5,17,"conf_358",5000,36,0.4389770854,2,5
"9816",5,17,"conf_358",7500,36,0.2179016959,2,5
"9817",5,17,"conf_358",250,37,4.3713451471,2,5
"9818",5,17,"conf_358",500,37,3.8490578385,2,5
"9819",5,17,"conf_358",1500,37,1.3692197322,2,5
"9820",5,17,"conf_358",2500,37,0.9643489571,2,5
"9821",5,17,"conf_358",5000,37,0.3167305019,2,5
"9822",5,17,"conf_358",7500,37,0.2686407509,2,5
"9823",5,17,"conf_358",250,38,2.1885022884,2,5
"9824",5,17,"conf_358",500,38,2.1885022884,2,5
"9825",5,17,"conf_358",1500,38,1.5189063176,2,5
"9826",5,17,"conf_358",2500,38,0.8911641785,2,5
"9827",5,17,"conf_358",5000,38,0.7896976668,2,5
"9828",5,17,"conf_358",7500,38,0.393447285,2,5
"9829",5,17,"conf_358",250,39,3.3308669604,2,5
"9830",5,17,"conf_358",500,39,3.3308669604,2,5
"9831",5,17,"conf_358",1500,39,1.3311173075,2,5
"9832",5,17,"conf_358",2500,39,1.3311173075,2,5
"9833",5,17,"conf_358",5000,39,0.3047396625,2,5
"9834",5,17,"conf_358",7500,39,0.1415820597,2,5
"9835",5,17,"conf_358",250,40,2.7509628039,2,5
"9836",5,17,"conf_358",500,40,0.9759005347,2,5
"9837",5,17,"conf_358",1500,40,0.9759005347,2,5
"9838",5,17,"conf_358",2500,40,0.9759005347,2,5
"9839",5,17,"conf_358",5000,40,0.6785256001,2,5
"9840",5,17,"conf_358",7500,40,0.3158166887,2,5
"9841",5,17,"conf_358",250,41,4.4460793855,2,5
"9842",5,17,"conf_358",500,41,2.5893072675,2,5
"9843",5,17,"conf_358",1500,41,1.7145772785,2,5
"9844",5,17,"conf_358",2500,41,0.8131774379,2,5
"9845",5,17,"conf_358",5000,41,0.5875961264,2,5
"9846",5,17,"conf_358",7500,41,0.2633832952,2,5
"9847",5,17,"conf_358",250,42,3.9142682938,2,5
"9848",5,17,"conf_358",500,42,1.2900464651,2,5
"9849",5,17,"conf_358",1500,42,1.2172002589,2,5
"9850",5,17,"conf_358",2500,42,0.7233000521,2,5
"9851",5,17,"conf_358",5000,42,0.3636944454,2,5
"9852",5,17,"conf_358",7500,42,0.2822141867,2,5
"9853",5,17,"conf_358",250,43,2.7158575155,2,5
"9854",5,17,"conf_358",500,43,2.7158575155,2,5
"9855",5,17,"conf_358",1500,43,2.042267346,2,5
"9856",5,17,"conf_358",2500,43,0.7397329383,2,5
"9857",5,17,"conf_358",5000,43,0.5444651981,2,5
"9858",5,17,"conf_358",7500,43,0.1985553827,2,5
"9859",5,17,"conf_358",250,44,2.7395008169,2,5
"9860",5,17,"conf_358",500,44,2.7395008169,2,5
"9861",5,17,"conf_358",1500,44,1.1866119271,2,5
"9862",5,17,"conf_358",2500,44,1.1800849581,2,5
"9863",5,17,"conf_358",5000,44,0.3472911321,2,5
"9864",5,17,"conf_358",7500,44,0.1433011357,2,5
"9865",5,17,"conf_358",250,45,3.8441781179,2,5
"9866",5,17,"conf_358",500,45,3.8441781179,2,5
"9867",5,17,"conf_358",1500,45,1.2200992463,2,5
"9868",5,17,"conf_358",2500,45,1.0850932931,2,5
"9869",5,17,"conf_358",5000,45,0.487672331,2,5
"9870",5,17,"conf_358",7500,45,0.2418408722,2,5
"9871",5,17,"conf_358",250,46,4.6605535251,2,5
"9872",5,17,"conf_358",500,46,2.5054621714,2,5
"9873",5,17,"conf_358",1500,46,1.5566496893,2,5
"9874",5,17,"conf_358",2500,46,1.5566496893,2,5
"9875",5,17,"conf_358",5000,46,0.3107116273,2,5
"9876",5,17,"conf_358",7500,46,0.1488948016,2,5
"9877",5,17,"conf_358",250,47,4.5985364036,2,5
"9878",5,17,"conf_358",500,47,4.0694250361,2,5
"9879",5,17,"conf_358",1500,47,2.3645699718,2,5
"9880",5,17,"conf_358",2500,47,2.1575006991,2,5
"9881",5,17,"conf_358",5000,47,0.67665162,2,5
"9882",5,17,"conf_358",7500,47,0.1773846108,2,5
"9883",5,17,"conf_358",250,48,4.5701852309,2,5
"9884",5,17,"conf_358",500,48,3.4299956564,2,5
"9885",5,17,"conf_358",1500,48,1.8590412768,2,5
"9886",5,17,"conf_358",2500,48,1.6455213786,2,5
"9887",5,17,"conf_358",5000,48,0.4037737817,2,5
"9888",5,17,"conf_358",7500,48,0.1918830258,2,5
"9889",5,17,"conf_358",250,49,3.3160731158,2,5
"9890",5,17,"conf_358",500,49,1.5666357641,2,5
"9891",5,17,"conf_358",1500,49,1.5666357641,2,5
"9892",5,17,"conf_358",2500,49,1.4299920148,2,5
"9893",5,17,"conf_358",5000,49,0.7119034776,2,5
"9894",5,17,"conf_358",7500,49,0.3092990499,2,5
"9895",5,17,"conf_358",250,50,3.2609588576,2,5
"9896",5,17,"conf_358",500,50,2.9638856064,2,5
"9897",5,17,"conf_358",1500,50,1.3965881858,2,5
"9898",5,17,"conf_358",2500,50,1.2542097352,2,5
"9899",5,17,"conf_358",5000,50,0.4411349764,2,5
"9900",5,17,"conf_358",7500,50,0.3109848292,2,5
"9901",5,17,"conf_358",250,51,3.755454203,3,5
"9902",5,17,"conf_358",500,51,3.1944734052,3,5
"9903",5,17,"conf_358",1500,51,2.1773991821,3,5
"9904",5,17,"conf_358",2500,51,1.0038184196,3,5
"9905",5,17,"conf_358",5000,51,0.2228819683,3,5
"9906",5,17,"conf_358",7500,51,0.20853931,3,5
"9907",5,17,"conf_358",250,52,3.7727636397,3,5
"9908",5,17,"conf_358",500,52,2.693245999,3,5
"9909",5,17,"conf_358",1500,52,1.2308701279,3,5
"9910",5,17,"conf_358",2500,52,0.2151284065,3,5
"9911",5,17,"conf_358",5000,52,0.2084265828,3,5
"9912",5,17,"conf_358",7500,52,0.122376733,3,5
"9913",5,17,"conf_358",250,53,1.635756616,3,5
"9914",5,17,"conf_358",500,53,1.635756616,3,5
"9915",5,17,"conf_358",1500,53,0.9918550811,3,5
"9916",5,17,"conf_358",2500,53,0.6644619669,3,5
"9917",5,17,"conf_358",5000,53,0.2341114421,3,5
"9918",5,17,"conf_358",7500,53,0.1309486783,3,5
"9919",5,17,"conf_358",250,54,4.7912913573,3,5
"9920",5,17,"conf_358",500,54,4.094166261,3,5
"9921",5,17,"conf_358",1500,54,1.8206456294,3,5
"9922",5,17,"conf_358",2500,54,0.4954140474,3,5
"9923",5,17,"conf_358",5000,54,0.2351736195,3,5
"9924",5,17,"conf_358",7500,54,0.0658707445,3,5
"9925",5,17,"conf_358",250,55,1.9741358368,3,5
"9926",5,17,"conf_358",500,55,1.9741358368,3,5
"9927",5,17,"conf_358",1500,55,1.9612340787,3,5
"9928",5,17,"conf_358",2500,55,0.8576926209,3,5
"9929",5,17,"conf_358",5000,55,0.2585063714,3,5
"9930",5,17,"conf_358",7500,55,0.1048806,3,5
"9931",5,17,"conf_358",250,56,2.1519919097,3,5
"9932",5,17,"conf_358",500,56,2.1519919097,3,5
"9933",5,17,"conf_358",1500,56,1.264528525,3,5
"9934",5,17,"conf_358",2500,56,0.8973018837,3,5
"9935",5,17,"conf_358",5000,56,0.2722392266,3,5
"9936",5,17,"conf_358",7500,56,0.059777655,3,5
"9937",5,17,"conf_358",250,57,3.3900389773,3,5
"9938",5,17,"conf_358",500,57,3.3375702197,3,5
"9939",5,17,"conf_358",1500,57,1.1561351616,3,5
"9940",5,17,"conf_358",2500,57,0.7689494007,3,5
"9941",5,17,"conf_358",5000,57,0.3899870992,3,5
"9942",5,17,"conf_358",7500,57,0.1287616248,3,5
"9943",5,17,"conf_358",250,58,3.5290250246,3,5
"9944",5,17,"conf_358",500,58,3.5290250246,3,5
"9945",5,17,"conf_358",1500,58,0.7458578243,3,5
"9946",5,17,"conf_358",2500,58,0.5764905811,3,5
"9947",5,17,"conf_358",5000,58,0.5381636537,3,5
"9948",5,17,"conf_358",7500,58,0.1639008363,3,5
"9949",5,17,"conf_358",250,59,4.5161005661,3,5
"9950",5,17,"conf_358",500,59,4.3411318561,3,5
"9951",5,17,"conf_358",1500,59,1.4990135435,3,5
"9952",5,17,"conf_358",2500,59,0.9796718238,3,5
"9953",5,17,"conf_358",5000,59,0.2594093702,3,5
"9954",5,17,"conf_358",7500,59,0.1344152117,3,5
"9955",5,17,"conf_358",250,60,4.5929656947,3,5
"9956",5,17,"conf_358",500,60,4.5929656947,3,5
"9957",5,17,"conf_358",1500,60,1.3470320578,3,5
"9958",5,17,"conf_358",2500,60,0.7787441198,3,5
"9959",5,17,"conf_358",5000,60,0.2443059459,3,5
"9960",5,17,"conf_358",7500,60,0.1039220375,3,5
"9961",5,17,"conf_358",250,61,6.2339586338,3,5
"9962",5,17,"conf_358",500,61,4.5728078803,3,5
"9963",5,17,"conf_358",1500,61,2.9334866319,3,5
"9964",5,17,"conf_358",2500,61,1.6885405444,3,5
"9965",5,17,"conf_358",5000,61,0.2597802767,3,5
"9966",5,17,"conf_358",7500,61,0.0795386465,3,5
"9967",5,17,"conf_358",250,62,3.7297622759,3,5
"9968",5,17,"conf_358",500,62,2.5198045047,3,5
"9969",5,17,"conf_358",1500,62,1.8246825993,3,5
"9970",5,17,"conf_358",2500,62,0.7016288755,3,5
"9971",5,17,"conf_358",5000,62,0.2640784889,3,5
"9972",5,17,"conf_358",7500,62,0.1953375624,3,5
"9973",5,17,"conf_358",250,63,3.6176354945,3,5
"9974",5,17,"conf_358",500,63,3.6176354945,3,5
"9975",5,17,"conf_358",1500,63,1.5577918202,3,5
"9976",5,17,"conf_358",2500,63,0.9289708025,3,5
"9977",5,17,"conf_358",5000,63,0.2325013967,3,5
"9978",5,17,"conf_358",7500,63,0.1440216253,3,5
"9979",5,17,"conf_358",250,64,4.3781908665,3,5
"9980",5,17,"conf_358",500,64,4.0300978699,3,5
"9981",5,17,"conf_358",1500,64,2.1420903202,3,5
"9982",5,17,"conf_358",2500,64,0.7998840344,3,5
"9983",5,17,"conf_358",5000,64,0.5272856212,3,5
"9984",5,17,"conf_358",7500,64,0.0881209142,3,5
"9985",5,17,"conf_358",250,65,2.2219258694,3,5
"9986",5,17,"conf_358",500,65,2.2219258694,3,5
"9987",5,17,"conf_358",1500,65,0.8613877145,3,5
"9988",5,17,"conf_358",2500,65,0.8613877145,3,5
"9989",5,17,"conf_358",5000,65,0.3908383029,3,5
"9990",5,17,"conf_358",7500,65,0.1047962866,3,5
"9991",5,17,"conf_358",250,66,4.2373359161,3,5
"9992",5,17,"conf_358",500,66,3.1296883604,3,5
"9993",5,17,"conf_358",1500,66,1.3489972969,3,5
"9994",5,17,"conf_358",2500,66,0.7947479529,3,5
"9995",5,17,"conf_358",5000,66,0.2224151779,3,5
"9996",5,17,"conf_358",7500,66,0.1099598388,3,5
"9997",5,17,"conf_358",250,67,2.3236409909,3,5
"9998",5,17,"conf_358",500,67,2.3236409909,3,5
"9999",5,17,"conf_358",1500,67,1.5293305812,3,5
"10000",5,17,"conf_358",2500,67,1.3905533023,3,5
"10001",5,17,"conf_358",5000,67,0.1817075762,3,5
"10002",5,17,"conf_358",7500,67,0.0592490591,3,5
"10003",5,17,"conf_358",250,68,6.0623496271,3,5
"10004",5,17,"conf_358",500,68,2.3656453556,3,5
"10005",5,17,"conf_358",1500,68,1.4767296487,3,5
"10006",5,17,"conf_358",2500,68,0.7231683622,3,5
"10007",5,17,"conf_358",5000,68,0.2828793057,3,5
"10008",5,17,"conf_358",7500,68,0.0657096308,3,5
"10009",5,17,"conf_358",250,69,2.8069814367,3,5
"10010",5,17,"conf_358",500,69,2.8069814367,3,5
"10011",5,17,"conf_358",1500,69,1.2123811592,3,5
"10012",5,17,"conf_358",2500,69,0.7369035749,3,5
"10013",5,17,"conf_358",5000,69,0.2584594939,3,5
"10014",5,17,"conf_358",7500,69,0.1124900428,3,5
"10015",5,17,"conf_358",250,70,4.5027327385,3,5
"10016",5,17,"conf_358",500,70,2.0817468245,3,5
"10017",5,17,"conf_358",1500,70,2.0514646281,3,5
"10018",5,17,"conf_358",2500,70,1.0026831718,3,5
"10019",5,17,"conf_358",5000,70,0.4412664466,3,5
"10020",5,17,"conf_358",7500,70,0.1196562208,3,5
"10021",5,17,"conf_358",250,71,4.6941700518,3,5
"10022",5,17,"conf_358",500,71,3.8169236166,3,5
"10023",5,17,"conf_358",1500,71,2.3656879253,3,5
"10024",5,17,"conf_358",2500,71,0.692097669,3,5
"10025",5,17,"conf_358",5000,71,0.1948208594,3,5
"10026",5,17,"conf_358",7500,71,0.1165642047,3,5
"10027",5,17,"conf_358",250,72,3.3001337382,3,5
"10028",5,17,"conf_358",500,72,1.688863535,3,5
"10029",5,17,"conf_358",1500,72,1.6589759973,3,5
"10030",5,17,"conf_358",2500,72,0.6062633999,3,5
"10031",5,17,"conf_358",5000,72,0.1623245463,3,5
"10032",5,17,"conf_358",7500,72,0.0515304698,3,5
"10033",5,17,"conf_358",250,73,6.0143432977,3,5
"10034",5,17,"conf_358",500,73,4.3928444589,3,5
"10035",5,17,"conf_358",1500,73,1.5656797663,3,5
"10036",5,17,"conf_358",2500,73,1.0671699856,3,5
"10037",5,17,"conf_358",5000,73,0.4641430822,3,5
"10038",5,17,"conf_358",7500,73,0.1781668739,3,5
"10039",5,17,"conf_358",250,74,4.1207563285,3,5
"10040",5,17,"conf_358",500,74,3.0119366384,3,5
"10041",5,17,"conf_358",1500,74,2.1789840443,3,5
"10042",5,17,"conf_358",2500,74,1.3554773375,3,5
"10043",5,17,"conf_358",5000,74,0.4985430019,3,5
"10044",5,17,"conf_358",7500,74,0.1803644044,3,5
"10045",5,17,"conf_358",250,75,3.6113229273,3,5
"10046",5,17,"conf_358",500,75,2.5597243992,3,5
"10047",5,17,"conf_358",1500,75,0.5159453939,3,5
"10048",5,17,"conf_358",2500,75,0.4929923745,3,5
"10049",5,17,"conf_358",5000,75,0.4483188424,3,5
"10050",5,17,"conf_358",7500,75,0.1265790923,3,5
"10051",5,17,"conf_358",250,76,2.8923195725,3,5
"10052",5,17,"conf_358",500,76,2.8923195725,3,5
"10053",5,17,"conf_358",1500,76,0.884524727,3,5
"10054",5,17,"conf_358",2500,76,0.7555033055,3,5
"10055",5,17,"conf_358",5000,76,0.2368287879,3,5
"10056",5,17,"conf_358",7500,76,0.08557134,3,5
"10057",5,17,"conf_358",250,77,2.201698939,3,5
"10058",5,17,"conf_358",500,77,2.201698939,3,5
"10059",5,17,"conf_358",1500,77,1.742971224,3,5
"10060",5,17,"conf_358",2500,77,0.7656202922,3,5
"10061",5,17,"conf_358",5000,77,0.1484831973,3,5
"10062",5,17,"conf_358",7500,77,0.1484831973,3,5
"10063",5,17,"conf_358",250,78,4.7230291006,3,5
"10064",5,17,"conf_358",500,78,3.4689961806,3,5
"10065",5,17,"conf_358",1500,78,1.4396327206,3,5
"10066",5,17,"conf_358",2500,78,0.4060136456,3,5
"10067",5,17,"conf_358",5000,78,0.2649452016,3,5
"10068",5,17,"conf_358",7500,78,0.0623012737,3,5
"10069",5,17,"conf_358",250,79,2.2410686297,3,5
"10070",5,17,"conf_358",500,79,2.2410686297,3,5
"10071",5,17,"conf_358",1500,79,2.2410686297,3,5
"10072",5,17,"conf_358",2500,79,0.1330320113,3,5
"10073",5,17,"conf_358",5000,79,0.1330320113,3,5
"10074",5,17,"conf_358",7500,79,0.0905208489,3,5
"10075",5,17,"conf_358",250,80,4.1127982605,3,5
"10076",5,17,"conf_358",500,80,3.459045691,3,5
"10077",5,17,"conf_358",1500,80,2.0477519044,3,5
"10078",5,17,"conf_358",2500,80,0.9136908867,3,5
"10079",5,17,"conf_358",5000,80,0.2982486145,3,5
"10080",5,17,"conf_358",7500,80,0.1648093635,3,5
"10081",5,17,"conf_358",250,81,4.6749696815,3,5
"10082",5,17,"conf_358",500,81,2.0240833137,3,5
"10083",5,17,"conf_358",1500,81,1.4712021984,3,5
"10084",5,17,"conf_358",2500,81,0.9532200683,3,5
"10085",5,17,"conf_358",5000,81,0.2732308944,3,5
"10086",5,17,"conf_358",7500,81,0.1169831739,3,5
"10087",5,17,"conf_358",250,82,2.8777390081,3,5
"10088",5,17,"conf_358",500,82,2.8777390081,3,5
"10089",5,17,"conf_358",1500,82,1.4348511584,3,5
"10090",5,17,"conf_358",2500,82,0.5778483082,3,5
"10091",5,17,"conf_358",5000,82,0.2074682639,3,5
"10092",5,17,"conf_358",7500,82,0.1501465814,3,5
"10093",5,17,"conf_358",250,83,2.4765149254,3,5
"10094",5,17,"conf_358",500,83,2.4765149254,3,5
"10095",5,17,"conf_358",1500,83,0.9341954153,3,5
"10096",5,17,"conf_358",2500,83,0.9158002781,3,5
"10097",5,17,"conf_358",5000,83,0.1890849479,3,5
"10098",5,17,"conf_358",7500,83,0.0945994051,3,5
"10099",5,17,"conf_358",250,84,2.5468977765,3,5
"10100",5,17,"conf_358",500,84,1.9589683018,3,5
"10101",5,17,"conf_358",1500,84,1.439430967,3,5
"10102",5,17,"conf_358",2500,84,1.0981353227,3,5
"10103",5,17,"conf_358",5000,84,0.5541951775,3,5
"10104",5,17,"conf_358",7500,84,0.1708083341,3,5
"10105",5,17,"conf_358",250,85,2.6192775967,3,5
"10106",5,17,"conf_358",500,85,2.6192775967,3,5
"10107",5,17,"conf_358",1500,85,1.659807168,3,5
"10108",5,17,"conf_358",2500,85,0.9975462248,3,5
"10109",5,17,"conf_358",5000,85,0.4302101764,3,5
"10110",5,17,"conf_358",7500,85,0.1493326704,3,5
"10111",5,17,"conf_358",250,86,3.1994316329,3,5
"10112",5,17,"conf_358",500,86,3.1994316329,3,5
"10113",5,17,"conf_358",1500,86,1.4515213786,3,5
"10114",5,17,"conf_358",2500,86,0.7006818318,3,5
"10115",5,17,"conf_358",5000,86,0.2472981097,3,5
"10116",5,17,"conf_358",7500,86,0.1070375906,3,5
"10117",5,17,"conf_358",250,87,1.9767484034,3,5
"10118",5,17,"conf_358",500,87,1.8020567939,3,5
"10119",5,17,"conf_358",1500,87,1.3441138511,3,5
"10120",5,17,"conf_358",2500,87,0.6304042219,3,5
"10121",5,17,"conf_358",5000,87,0.1837686628,3,5
"10122",5,17,"conf_358",7500,87,0.0748198568,3,5
"10123",5,17,"conf_358",250,88,2.5347287241,3,5
"10124",5,17,"conf_358",500,88,2.5347287241,3,5
"10125",5,17,"conf_358",1500,88,1.359182607,3,5
"10126",5,17,"conf_358",2500,88,0.7828129118,3,5
"10127",5,17,"conf_358",5000,88,0.3979660063,3,5
"10128",5,17,"conf_358",7500,88,0.0992251731,3,5
"10129",5,17,"conf_358",250,89,5.3569611998,3,5
"10130",5,17,"conf_358",500,89,3.0442075892,3,5
"10131",5,17,"conf_358",1500,89,1.3342088721,3,5
"10132",5,17,"conf_358",2500,89,0.5022976866,3,5
"10133",5,17,"conf_358",5000,89,0.3493334116,3,5
"10134",5,17,"conf_358",7500,89,0.1169866819,3,5
"10135",5,17,"conf_358",250,90,2.197789298,3,5
"10136",5,17,"conf_358",500,90,2.197789298,3,5
"10137",5,17,"conf_358",1500,90,2.197789298,3,5
"10138",5,17,"conf_358",2500,90,1.1442388171,3,5
"10139",5,17,"conf_358",5000,90,0.2378247963,3,5
"10140",5,17,"conf_358",7500,90,0.0998685324,3,5
"10141",5,17,"conf_358",250,91,4.5657762451,3,5
"10142",5,17,"conf_358",500,91,3.6525618709,3,5
"10143",5,17,"conf_358",1500,91,1.4886392644,3,5
"10144",5,17,"conf_358",2500,91,1.2086994559,3,5
"10145",5,17,"conf_358",5000,91,0.5340356208,3,5
"10146",5,17,"conf_358",7500,91,0.1863836523,3,5
"10147",5,17,"conf_358",250,92,5.3198108055,3,5
"10148",5,17,"conf_358",500,92,3.2826578845,3,5
"10149",5,17,"conf_358",1500,92,1.5354560194,3,5
"10150",5,17,"conf_358",2500,92,1.0850646528,3,5
"10151",5,17,"conf_358",5000,92,0.4383238693,3,5
"10152",5,17,"conf_358",7500,92,0.0931161274,3,5
"10153",5,17,"conf_358",250,93,4.9070715082,3,5
"10154",5,17,"conf_358",500,93,3.5933035113,3,5
"10155",5,17,"conf_358",1500,93,1.7202448129,3,5
"10156",5,17,"conf_358",2500,93,0.8225102961,3,5
"10157",5,17,"conf_358",5000,93,0.2512848763,3,5
"10158",5,17,"conf_358",7500,93,0.0913563115,3,5
"10159",5,17,"conf_358",250,94,3.7981169098,3,5
"10160",5,17,"conf_358",500,94,3.7981169098,3,5
"10161",5,17,"conf_358",1500,94,1.0770425361,3,5
"10162",5,17,"conf_358",2500,94,0.6062376555,3,5
"10163",5,17,"conf_358",5000,94,0.2953597517,3,5
"10164",5,17,"conf_358",7500,94,0.0691831888,3,5
"10165",5,17,"conf_358",250,95,4.7345288201,3,5
"10166",5,17,"conf_358",500,95,1.4086544217,3,5
"10167",5,17,"conf_358",1500,95,1.4086544217,3,5
"10168",5,17,"conf_358",2500,95,0.674448728,3,5
"10169",5,17,"conf_358",5000,95,0.4178244016,3,5
"10170",5,17,"conf_358",7500,95,0.2159773931,3,5
"10171",5,17,"conf_358",250,96,2.8437096042,3,5
"10172",5,17,"conf_358",500,96,2.8437096042,3,5
"10173",5,17,"conf_358",1500,96,1.5275790945,3,5
"10174",5,17,"conf_358",2500,96,1.1875540327,3,5
"10175",5,17,"conf_358",5000,96,0.3590262814,3,5
"10176",5,17,"conf_358",7500,96,0.1712853327,3,5
"10177",5,17,"conf_358",250,97,4.0778007329,3,5
"10178",5,17,"conf_358",500,97,3.8710893651,3,5
"10179",5,17,"conf_358",1500,97,2.055713061,3,5
"10180",5,17,"conf_358",2500,97,1.2031962656,3,5
"10181",5,17,"conf_358",5000,97,0.5893549377,3,5
"10182",5,17,"conf_358",7500,97,0.1375979066,3,5
"10183",5,17,"conf_358",250,98,3.0225143803,3,5
"10184",5,17,"conf_358",500,98,3.0225143803,3,5
"10185",5,17,"conf_358",1500,98,1.0661776738,3,5
"10186",5,17,"conf_358",2500,98,0.8375488043,3,5
"10187",5,17,"conf_358",5000,98,0.2421301267,3,5
"10188",5,17,"conf_358",7500,98,0.109472415,3,5
"10189",5,17,"conf_358",250,99,3.6837950822,3,5
"10190",5,17,"conf_358",500,99,2.6384100106,3,5
"10191",5,17,"conf_358",1500,99,0.7956234861,3,5
"10192",5,17,"conf_358",2500,99,0.7956234861,3,5
"10193",5,17,"conf_358",5000,99,0.2908766142,3,5
"10194",5,17,"conf_358",7500,99,0.1659566903,3,5
"10195",5,17,"conf_358",250,100,3.6275280399,3,5
"10196",5,17,"conf_358",500,100,3.6275280399,3,5
"10197",5,17,"conf_358",1500,100,1.411628466,3,5
"10198",5,17,"conf_358",2500,100,0.7010789803,3,5
"10199",5,17,"conf_358",5000,100,0.1974628863,3,5
"10200",5,17,"conf_358",7500,100,0.093229667,3,5
"10201",5,17,"conf_358",250,101,5.3225216066,4,5
"10202",5,17,"conf_358",500,101,1.9970433311,4,5
"10203",5,17,"conf_358",1500,101,1.446202804,4,5
"10204",5,17,"conf_358",2500,101,1.1845346317,4,5
"10205",5,17,"conf_358",5000,101,0.356635811,4,5
"10206",5,17,"conf_358",7500,101,0.2125955423,4,5
"10207",5,17,"conf_358",250,102,4.1267776557,4,5
"10208",5,17,"conf_358",500,102,3.2545668477,4,5
"10209",5,17,"conf_358",1500,102,1.4346242943,4,5
"10210",5,17,"conf_358",2500,102,1.3406958775,4,5
"10211",5,17,"conf_358",5000,102,0.1981433851,4,5
"10212",5,17,"conf_358",7500,102,0.0967130948,4,5
"10213",5,17,"conf_358",250,103,3.0200828125,4,5
"10214",5,17,"conf_358",500,103,2.1060370372,4,5
"10215",5,17,"conf_358",1500,103,1.0566743472,4,5
"10216",5,17,"conf_358",2500,103,0.7878005169,4,5
"10217",5,17,"conf_358",5000,103,0.2721728527,4,5
"10218",5,17,"conf_358",7500,103,0.194004167,4,5
"10219",5,17,"conf_358",250,104,3.824691243,4,5
"10220",5,17,"conf_358",500,104,2.4410774673,4,5
"10221",5,17,"conf_358",1500,104,1.4917630813,4,5
"10222",5,17,"conf_358",2500,104,0.8618450388,4,5
"10223",5,17,"conf_358",5000,104,0.2954765009,4,5
"10224",5,17,"conf_358",7500,104,0.1465602078,4,5
"10225",5,17,"conf_358",250,105,2.168486605,4,5
"10226",5,17,"conf_358",500,105,2.1622059711,4,5
"10227",5,17,"conf_358",1500,105,0.7581677005,4,5
"10228",5,17,"conf_358",2500,105,0.3528761999,4,5
"10229",5,17,"conf_358",5000,105,0.2996323731,4,5
"10230",5,17,"conf_358",7500,105,0.1746249381,4,5
"10231",5,17,"conf_358",250,106,3.0916548032,4,5
"10232",5,17,"conf_358",500,106,3.0916548032,4,5
"10233",5,17,"conf_358",1500,106,1.1351192293,4,5
"10234",5,17,"conf_358",2500,106,0.5615178739,4,5
"10235",5,17,"conf_358",5000,106,0.3344753867,4,5
"10236",5,17,"conf_358",7500,106,0.1618836829,4,5
"10237",5,17,"conf_358",250,107,3.4708532938,4,5
"10238",5,17,"conf_358",500,107,1.3862937333,4,5
"10239",5,17,"conf_358",1500,107,1.0634650297,4,5
"10240",5,17,"conf_358",2500,107,0.880218549,4,5
"10241",5,17,"conf_358",5000,107,0.2748703862,4,5
"10242",5,17,"conf_358",7500,107,0.1539195313,4,5
"10243",5,17,"conf_358",250,108,3.4060796893,4,5
"10244",5,17,"conf_358",500,108,2.6132668562,4,5
"10245",5,17,"conf_358",1500,108,1.1274962983,4,5
"10246",5,17,"conf_358",2500,108,0.5846312025,4,5
"10247",5,17,"conf_358",5000,108,0.4103235313,4,5
"10248",5,17,"conf_358",7500,108,0.1669103516,4,5
"10249",5,17,"conf_358",250,109,5.2455091966,4,5
"10250",5,17,"conf_358",500,109,2.438759883,4,5
"10251",5,17,"conf_358",1500,109,1.6955391347,4,5
"10252",5,17,"conf_358",2500,109,0.9740683765,4,5
"10253",5,17,"conf_358",5000,109,0.4045534179,4,5
"10254",5,17,"conf_358",7500,109,0.1900476778,4,5
"10255",5,17,"conf_358",250,110,2.823316825,4,5
"10256",5,17,"conf_358",500,110,2.4729216315,4,5
"10257",5,17,"conf_358",1500,110,1.4964369625,4,5
"10258",5,17,"conf_358",2500,110,0.8470406427,4,5
"10259",5,17,"conf_358",5000,110,0.2042133002,4,5
"10260",5,17,"conf_358",7500,110,0.141754409,4,5
"10261",5,17,"conf_358",250,111,4.429485625,4,5
"10262",5,17,"conf_358",500,111,3.5383853264,4,5
"10263",5,17,"conf_358",1500,111,1.0598242244,4,5
"10264",5,17,"conf_358",2500,111,0.5249947965,4,5
"10265",5,17,"conf_358",5000,111,0.2701696845,4,5
"10266",5,17,"conf_358",7500,111,0.0984862891,4,5
"10267",5,17,"conf_358",250,112,2.3080328466,4,5
"10268",5,17,"conf_358",500,112,2.3080328466,4,5
"10269",5,17,"conf_358",1500,112,1.3349352533,4,5
"10270",5,17,"conf_358",2500,112,0.6414305567,4,5
"10271",5,17,"conf_358",5000,112,0.3767862061,4,5
"10272",5,17,"conf_358",7500,112,0.1239532864,4,5
"10273",5,17,"conf_358",250,113,2.7833519781,4,5
"10274",5,17,"conf_358",500,113,2.7833519781,4,5
"10275",5,17,"conf_358",1500,113,1.1932077237,4,5
"10276",5,17,"conf_358",2500,113,0.6245883888,4,5
"10277",5,17,"conf_358",5000,113,0.3713869445,4,5
"10278",5,17,"conf_358",7500,113,0.0952565437,4,5
"10279",5,17,"conf_358",250,114,2.6642471709,4,5
"10280",5,17,"conf_358",500,114,2.5708218181,4,5
"10281",5,17,"conf_358",1500,114,1.0356861122,4,5
"10282",5,17,"conf_358",2500,114,0.6442683981,4,5
"10283",5,17,"conf_358",5000,114,0.2072791813,4,5
"10284",5,17,"conf_358",7500,114,0.0833841401,4,5
"10285",5,17,"conf_358",250,115,3.5172786033,4,5
"10286",5,17,"conf_358",500,115,1.7619631426,4,5
"10287",5,17,"conf_358",1500,115,0.7910502798,4,5
"10288",5,17,"conf_358",2500,115,0.4038146146,4,5
"10289",5,17,"conf_358",5000,115,0.0776466563,4,5
"10290",5,17,"conf_358",7500,115,0.0776466563,4,5
"10291",5,17,"conf_358",250,116,6.3772802318,4,5
"10292",5,17,"conf_358",500,116,3.1796078157,4,5
"10293",5,17,"conf_358",1500,116,1.5818291997,4,5
"10294",5,17,"conf_358",2500,116,1.0301730103,4,5
"10295",5,17,"conf_358",5000,116,0.3681718988,4,5
"10296",5,17,"conf_358",7500,116,0.190245214,4,5
"10297",5,17,"conf_358",250,117,4.0271511641,4,5
"10298",5,17,"conf_358",500,117,2.8961910567,4,5
"10299",5,17,"conf_358",1500,117,1.6958415308,4,5
"10300",5,17,"conf_358",2500,117,1.1572537038,4,5
"10301",5,17,"conf_358",5000,117,0.4020319215,4,5
"10302",5,17,"conf_358",7500,117,0.1370294745,4,5
"10303",5,17,"conf_358",250,118,2.9553823613,4,5
"10304",5,17,"conf_358",500,118,2.2729103779,4,5
"10305",5,17,"conf_358",1500,118,0.7050824061,4,5
"10306",5,17,"conf_358",2500,118,0.7050824061,4,5
"10307",5,17,"conf_358",5000,118,0.1967410056,4,5
"10308",5,17,"conf_358",7500,118,0.1967410056,4,5
"10309",5,17,"conf_358",250,119,2.1558405125,4,5
"10310",5,17,"conf_358",500,119,1.1484329787,4,5
"10311",5,17,"conf_358",1500,119,1.1484329787,4,5
"10312",5,17,"conf_358",2500,119,0.8396339379,4,5
"10313",5,17,"conf_358",5000,119,0.1628305623,4,5
"10314",5,17,"conf_358",7500,119,0.1047773184,4,5
"10315",5,17,"conf_358",250,120,2.0210251374,4,5
"10316",5,17,"conf_358",500,120,1.6206207515,4,5
"10317",5,17,"conf_358",1500,120,0.9216452646,4,5
"10318",5,17,"conf_358",2500,120,0.5160752202,4,5
"10319",5,17,"conf_358",5000,120,0.2056566778,4,5
"10320",5,17,"conf_358",7500,120,0.1626023807,4,5
"10321",5,17,"conf_358",250,121,4.1080827996,4,5
"10322",5,17,"conf_358",500,121,3.2711644429,4,5
"10323",5,17,"conf_358",1500,121,1.2246382858,4,5
"10324",5,17,"conf_358",2500,121,0.4400322539,4,5
"10325",5,17,"conf_358",5000,121,0.3477371038,4,5
"10326",5,17,"conf_358",7500,121,0.125779795,4,5
"10327",5,17,"conf_358",250,122,6.2622628234,4,5
"10328",5,17,"conf_358",500,122,1.7489282259,4,5
"10329",5,17,"conf_358",1500,122,1.2417246972,4,5
"10330",5,17,"conf_358",2500,122,0.8895163766,4,5
"10331",5,17,"conf_358",5000,122,0.0743671078,4,5
"10332",5,17,"conf_358",7500,122,0.0665865347,4,5
"10333",5,17,"conf_358",250,123,4.8246279652,4,5
"10334",5,17,"conf_358",500,123,2.8060366086,4,5
"10335",5,17,"conf_358",1500,123,0.7337403062,4,5
"10336",5,17,"conf_358",2500,123,0.5410717451,4,5
"10337",5,17,"conf_358",5000,123,0.2899441543,4,5
"10338",5,17,"conf_358",7500,123,0.1655246818,4,5
"10339",5,17,"conf_358",250,124,5.3138817338,4,5
"10340",5,17,"conf_358",500,124,3.1729556519,4,5
"10341",5,17,"conf_358",1500,124,1.5126271698,4,5
"10342",5,17,"conf_358",2500,124,0.7136640432,4,5
"10343",5,17,"conf_358",5000,124,0.3489157036,4,5
"10344",5,17,"conf_358",7500,124,0.1035884337,4,5
"10345",5,17,"conf_358",250,125,3.3972190148,4,5
"10346",5,17,"conf_358",500,125,3.1668674231,4,5
"10347",5,17,"conf_358",1500,125,1.1658750567,4,5
"10348",5,17,"conf_358",2500,125,1.1658750567,4,5
"10349",5,17,"conf_358",5000,125,0.3543537609,4,5
"10350",5,17,"conf_358",7500,125,0.147191567,4,5
"10351",5,17,"conf_358",250,126,5.2798520225,4,5
"10352",5,17,"conf_358",500,126,3.6177536492,4,5
"10353",5,17,"conf_358",1500,126,1.4157748118,4,5
"10354",5,17,"conf_358",2500,126,0.858499368,4,5
"10355",5,17,"conf_358",5000,126,0.4395263408,4,5
"10356",5,17,"conf_358",7500,126,0.1091427973,4,5
"10357",5,17,"conf_358",250,127,3.4714848088,4,5
"10358",5,17,"conf_358",500,127,2.8751520755,4,5
"10359",5,17,"conf_358",1500,127,1.148568726,4,5
"10360",5,17,"conf_358",2500,127,0.7562972361,4,5
"10361",5,17,"conf_358",5000,127,0.1584129077,4,5
"10362",5,17,"conf_358",7500,127,0.1576675257,4,5
"10363",5,17,"conf_358",250,128,5.2514745873,4,5
"10364",5,17,"conf_358",500,128,4.2129095105,4,5
"10365",5,17,"conf_358",1500,128,1.5346852736,4,5
"10366",5,17,"conf_358",2500,128,0.565235526,4,5
"10367",5,17,"conf_358",5000,128,0.2851421669,4,5
"10368",5,17,"conf_358",7500,128,0.1477423422,4,5
"10369",5,17,"conf_358",250,129,3.9622829915,4,5
"10370",5,17,"conf_358",500,129,3.9622829915,4,5
"10371",5,17,"conf_358",1500,129,1.5181684883,4,5
"10372",5,17,"conf_358",2500,129,1.2156593862,4,5
"10373",5,17,"conf_358",5000,129,0.2945008938,4,5
"10374",5,17,"conf_358",7500,129,0.1335662704,4,5
"10375",5,17,"conf_358",250,130,3.402910577,4,5
"10376",5,17,"conf_358",500,130,2.9855701439,4,5
"10377",5,17,"conf_358",1500,130,0.9327828339,4,5
"10378",5,17,"conf_358",2500,130,0.6286618958,4,5
"10379",5,17,"conf_358",5000,130,0.151056008,4,5
"10380",5,17,"conf_358",7500,130,0.0852039889,4,5
"10381",5,17,"conf_358",250,131,3.623556149,4,5
"10382",5,17,"conf_358",500,131,3.623556149,4,5
"10383",5,17,"conf_358",1500,131,0.6552560113,4,5
"10384",5,17,"conf_358",2500,131,0.6394780937,4,5
"10385",5,17,"conf_358",5000,131,0.1792887737,4,5
"10386",5,17,"conf_358",7500,131,0.1259005712,4,5
"10387",5,17,"conf_358",250,132,2.4827407652,4,5
"10388",5,17,"conf_358",500,132,2.4827407652,4,5
"10389",5,17,"conf_358",1500,132,0.8996194726,4,5
"10390",5,17,"conf_358",2500,132,0.5734654217,4,5
"10391",5,17,"conf_358",5000,132,0.2870710834,4,5
"10392",5,17,"conf_358",7500,132,0.1486264658,4,5
"10393",5,17,"conf_358",250,133,3.2126178105,4,5
"10394",5,17,"conf_358",500,133,2.788160114,4,5
"10395",5,17,"conf_358",1500,133,1.2756300375,4,5
"10396",5,17,"conf_358",2500,133,0.8737028999,4,5
"10397",5,17,"conf_358",5000,133,0.3242494741,4,5
"10398",5,17,"conf_358",7500,133,0.1963404665,4,5
"10399",5,17,"conf_358",250,134,3.6021178752,4,5
"10400",5,17,"conf_358",500,134,3.6021178752,4,5
"10401",5,17,"conf_358",1500,134,1.0673109043,4,5
"10402",5,17,"conf_358",2500,134,0.9763765348,4,5
"10403",5,17,"conf_358",5000,134,0.4251763338,4,5
"10404",5,17,"conf_358",7500,134,0.1623127225,4,5
"10405",5,17,"conf_358",250,135,4.2474496993,4,5
"10406",5,17,"conf_358",500,135,1.3240822486,4,5
"10407",5,17,"conf_358",1500,135,1.3164104987,4,5
"10408",5,17,"conf_358",2500,135,0.5283251745,4,5
"10409",5,17,"conf_358",5000,135,0.1473947261,4,5
"10410",5,17,"conf_358",7500,135,0.0902668255,4,5
"10411",5,17,"conf_358",250,136,1.9446971654,4,5
"10412",5,17,"conf_358",500,136,1.9446971654,4,5
"10413",5,17,"conf_358",1500,136,1.2132218232,4,5
"10414",5,17,"conf_358",2500,136,0.7392594863,4,5
"10415",5,17,"conf_358",5000,136,0.3702815092,4,5
"10416",5,17,"conf_358",7500,136,0.0966762323,4,5
"10417",5,17,"conf_358",250,137,4.6692461362,4,5
"10418",5,17,"conf_358",500,137,4.1327319847,4,5
"10419",5,17,"conf_358",1500,137,1.176575497,4,5
"10420",5,17,"conf_358",2500,137,0.958959696,4,5
"10421",5,17,"conf_358",5000,137,0.3396674777,4,5
"10422",5,17,"conf_358",7500,137,0.1117719913,4,5
"10423",5,17,"conf_358",250,138,5.4918635473,4,5
"10424",5,17,"conf_358",500,138,2.9414506429,4,5
"10425",5,17,"conf_358",1500,138,1.3664412367,4,5
"10426",5,17,"conf_358",2500,138,0.5140490125,4,5
"10427",5,17,"conf_358",5000,138,0.1302330374,4,5
"10428",5,17,"conf_358",7500,138,0.0920634018,4,5
"10429",5,17,"conf_358",250,139,4.5458821025,4,5
"10430",5,17,"conf_358",500,139,2.6067540873,4,5
"10431",5,17,"conf_358",1500,139,1.4222844519,4,5
"10432",5,17,"conf_358",2500,139,1.2201253216,4,5
"10433",5,17,"conf_358",5000,139,0.3781852164,4,5
"10434",5,17,"conf_358",7500,139,0.1537196958,4,5
"10435",5,17,"conf_358",250,140,5.1703158695,4,5
"10436",5,17,"conf_358",500,140,4.5858190088,4,5
"10437",5,17,"conf_358",1500,140,1.3069147492,4,5
"10438",5,17,"conf_358",2500,140,0.5098100389,4,5
"10439",5,17,"conf_358",5000,140,0.2596843926,4,5
"10440",5,17,"conf_358",7500,140,0.1020149468,4,5
"10441",5,17,"conf_358",250,141,2.3884558208,4,5
"10442",5,17,"conf_358",500,141,2.3884558208,4,5
"10443",5,17,"conf_358",1500,141,1.4586480511,4,5
"10444",5,17,"conf_358",2500,141,0.9669975139,4,5
"10445",5,17,"conf_358",5000,141,0.2286652946,4,5
"10446",5,17,"conf_358",7500,141,0.22491292,4,5
"10447",5,17,"conf_358",250,142,4.8702767359,4,5
"10448",5,17,"conf_358",500,142,4.1192779444,4,5
"10449",5,17,"conf_358",1500,142,1.9414796968,4,5
"10450",5,17,"conf_358",2500,142,0.6800550684,4,5
"10451",5,17,"conf_358",5000,142,0.3103339498,4,5
"10452",5,17,"conf_358",7500,142,0.0925578342,4,5
"10453",5,17,"conf_358",250,143,4.8338295479,4,5
"10454",5,17,"conf_358",500,143,3.9459480109,4,5
"10455",5,17,"conf_358",1500,143,1.2908887777,4,5
"10456",5,17,"conf_358",2500,143,0.9216709528,4,5
"10457",5,17,"conf_358",5000,143,0.4630450421,4,5
"10458",5,17,"conf_358",7500,143,0.1100663924,4,5
"10459",5,17,"conf_358",250,144,5.0032834249,4,5
"10460",5,17,"conf_358",500,144,3.3108088258,4,5
"10461",5,17,"conf_358",1500,144,1.2469274486,4,5
"10462",5,17,"conf_358",2500,144,0.7339137909,4,5
"10463",5,17,"conf_358",5000,144,0.2846707233,4,5
"10464",5,17,"conf_358",7500,144,0.1547867177,4,5
"10465",5,17,"conf_358",250,145,2.5357887561,4,5
"10466",5,17,"conf_358",500,145,1.8366345775,4,5
"10467",5,17,"conf_358",1500,145,1.4411175663,4,5
"10468",5,17,"conf_358",2500,145,0.6445619504,4,5
"10469",5,17,"conf_358",5000,145,0.401878879,4,5
"10470",5,17,"conf_358",7500,145,0.1894051068,4,5
"10471",5,17,"conf_358",250,146,3.0903158416,4,5
"10472",5,17,"conf_358",500,146,2.5595217287,4,5
"10473",5,17,"conf_358",1500,146,1.7359898941,4,5
"10474",5,17,"conf_358",2500,146,0.9040505669,4,5
"10475",5,17,"conf_358",5000,146,0.3030601303,4,5
"10476",5,17,"conf_358",7500,146,0.0760680778,4,5
"10477",5,17,"conf_358",250,147,3.711734915,4,5
"10478",5,17,"conf_358",500,147,1.3966209238,4,5
"10479",5,17,"conf_358",1500,147,0.8251338657,4,5
"10480",5,17,"conf_358",2500,147,0.6967048896,4,5
"10481",5,17,"conf_358",5000,147,0.278834063,4,5
"10482",5,17,"conf_358",7500,147,0.1810671206,4,5
"10483",5,17,"conf_358",250,148,4.3689798859,4,5
"10484",5,17,"conf_358",500,148,2.891031228,4,5
"10485",5,17,"conf_358",1500,148,1.4547002119,4,5
"10486",5,17,"conf_358",2500,148,1.1555028008,4,5
"10487",5,17,"conf_358",5000,148,0.2120716828,4,5
"10488",5,17,"conf_358",7500,148,0.1143506195,4,5
"10489",5,17,"conf_358",250,149,4.4614711509,4,5
"10490",5,17,"conf_358",500,149,2.982068259,4,5
"10491",5,17,"conf_358",1500,149,0.6694092113,4,5
"10492",5,17,"conf_358",2500,149,0.441649949,4,5
"10493",5,17,"conf_358",5000,149,0.1623929477,4,5
"10494",5,17,"conf_358",7500,149,0.1096253842,4,5
"10495",5,17,"conf_358",250,150,3.9297939029,4,5
"10496",5,17,"conf_358",500,150,2.5188292723,4,5
"10497",5,17,"conf_358",1500,150,1.7670619342,4,5
"10498",5,17,"conf_358",2500,150,1.2677449073,4,5
"10499",5,17,"conf_358",5000,150,0.3855139755,4,5
"10500",5,17,"conf_358",7500,150,0.1444738545,4,5
"10501",5,17,"conf_358",250,151,4.1385679772,1,5
"10502",5,17,"conf_358",500,151,2.8731764721,1,5
"10503",5,17,"conf_358",1500,151,0.6515493039,1,5
"10504",5,17,"conf_358",2500,151,0.6515493039,1,5
"10505",5,17,"conf_358",5000,151,0.5265429278,1,5
"10506",5,17,"conf_358",7500,151,0.1394267796,1,5
"10507",5,17,"conf_358",250,152,3.4947773114,1,5
"10508",5,17,"conf_358",500,152,3.4947773114,1,5
"10509",5,17,"conf_358",1500,152,1.3745219784,1,5
"10510",5,17,"conf_358",2500,152,1.1910484563,1,5
"10511",5,17,"conf_358",5000,152,0.5285596328,1,5
"10512",5,17,"conf_358",7500,152,0.1104593701,1,5
"10513",5,17,"conf_358",250,153,4.9363273478,1,5
"10514",5,17,"conf_358",500,153,3.767674112,1,5
"10515",5,17,"conf_358",1500,153,1.8911604395,1,5
"10516",5,17,"conf_358",2500,153,1.6817304912,1,5
"10517",5,17,"conf_358",5000,153,0.6625746695,1,5
"10518",5,17,"conf_358",7500,153,0.4356401501,1,5
"10519",5,17,"conf_358",250,154,4.3204198981,1,5
"10520",5,17,"conf_358",500,154,3.0645882283,1,5
"10521",5,17,"conf_358",1500,154,1.4524430466,1,5
"10522",5,17,"conf_358",2500,154,0.6820548346,1,5
"10523",5,17,"conf_358",5000,154,0.3524376353,1,5
"10524",5,17,"conf_358",7500,154,0.2720086045,1,5
"10525",5,17,"conf_358",250,155,4.4811651262,1,5
"10526",5,17,"conf_358",500,155,2.056775531,1,5
"10527",5,17,"conf_358",1500,155,1.9782634015,1,5
"10528",5,17,"conf_358",2500,155,0.7726195323,1,5
"10529",5,17,"conf_358",5000,155,0.4345001101,1,5
"10530",5,17,"conf_358",7500,155,0.1604887955,1,5
"10531",5,17,"conf_358",250,156,3.1978416654,1,5
"10532",5,17,"conf_358",500,156,1.3566811445,1,5
"10533",5,17,"conf_358",1500,156,1.1380670342,1,5
"10534",5,17,"conf_358",2500,156,1.1009243689,1,5
"10535",5,17,"conf_358",5000,156,0.4617706885,1,5
"10536",5,17,"conf_358",7500,156,0.105704034,1,5
"10537",5,17,"conf_358",250,157,2.4572708243,1,5
"10538",5,17,"conf_358",500,157,2.3647081353,1,5
"10539",5,17,"conf_358",1500,157,1.0335498727,1,5
"10540",5,17,"conf_358",2500,157,0.5129372808,1,5
"10541",5,17,"conf_358",5000,157,0.330205063,1,5
"10542",5,17,"conf_358",7500,157,0.1789468604,1,5
"10543",5,17,"conf_358",250,158,5.0994288746,1,5
"10544",5,17,"conf_358",500,158,3.4654856697,1,5
"10545",5,17,"conf_358",1500,158,1.7581842868,1,5
"10546",5,17,"conf_358",2500,158,0.7615278708,1,5
"10547",5,17,"conf_358",5000,158,0.3612790963,1,5
"10548",5,17,"conf_358",7500,158,0.1097777347,1,5
"10549",5,17,"conf_358",250,159,5.6274438726,1,5
"10550",5,17,"conf_358",500,159,2.4421653145,1,5
"10551",5,17,"conf_358",1500,159,1.8991058708,1,5
"10552",5,17,"conf_358",2500,159,1.7298219489,1,5
"10553",5,17,"conf_358",5000,159,0.3669992896,1,5
"10554",5,17,"conf_358",7500,159,0.223761371,1,5
"10555",5,17,"conf_358",250,160,4.6899232062,1,5
"10556",5,17,"conf_358",500,160,4.5688521006,1,5
"10557",5,17,"conf_358",1500,160,1.9932978328,1,5
"10558",5,17,"conf_358",2500,160,1.2030935319,1,5
"10559",5,17,"conf_358",5000,160,0.1565189443,1,5
"10560",5,17,"conf_358",7500,160,0.0967476051,1,5
"10561",5,17,"conf_358",250,161,1.2948122465,1,5
"10562",5,17,"conf_358",500,161,1.2948122465,1,5
"10563",5,17,"conf_358",1500,161,1.2948122465,1,5
"10564",5,17,"conf_358",2500,161,1.0386954073,1,5
"10565",5,17,"conf_358",5000,161,0.5557441953,1,5
"10566",5,17,"conf_358",7500,161,0.231757129,1,5
"10567",5,17,"conf_358",250,162,4.1727452773,1,5
"10568",5,17,"conf_358",500,162,2.6904879537,1,5
"10569",5,17,"conf_358",1500,162,1.920541896,1,5
"10570",5,17,"conf_358",2500,162,1.3144845911,1,5
"10571",5,17,"conf_358",5000,162,0.4226759606,1,5
"10572",5,17,"conf_358",7500,162,0.0938120389,1,5
"10573",5,17,"conf_358",250,163,4.3464022402,1,5
"10574",5,17,"conf_358",500,163,1.8089719904,1,5
"10575",5,17,"conf_358",1500,163,0.9699793186,1,5
"10576",5,17,"conf_358",2500,163,0.9021402428,1,5
"10577",5,17,"conf_358",5000,163,0.3515411628,1,5
"10578",5,17,"conf_358",7500,163,0.282776416,1,5
"10579",5,17,"conf_358",250,164,4.6598049099,1,5
"10580",5,17,"conf_358",500,164,2.6177589927,1,5
"10581",5,17,"conf_358",1500,164,1.5187347009,1,5
"10582",5,17,"conf_358",2500,164,1.1871335859,1,5
"10583",5,17,"conf_358",5000,164,0.2660845849,1,5
"10584",5,17,"conf_358",7500,164,0.1907718768,1,5
"10585",5,17,"conf_358",250,165,3.2791291458,1,5
"10586",5,17,"conf_358",500,165,2.735143849,1,5
"10587",5,17,"conf_358",1500,165,1.7271200782,1,5
"10588",5,17,"conf_358",2500,165,0.6708918859,1,5
"10589",5,17,"conf_358",5000,165,0.4493265655,1,5
"10590",5,17,"conf_358",7500,165,0.1484017695,1,5
"10591",5,17,"conf_358",250,166,5.3315424615,1,5
"10592",5,17,"conf_358",500,166,3.0843077191,1,5
"10593",5,17,"conf_358",1500,166,1.445520568,1,5
"10594",5,17,"conf_358",2500,166,1.0719245937,1,5
"10595",5,17,"conf_358",5000,166,0.3376767651,1,5
"10596",5,17,"conf_358",7500,166,0.1758800238,1,5
"10597",5,17,"conf_358",250,167,4.0007363155,1,5
"10598",5,17,"conf_358",500,167,2.9370471394,1,5
"10599",5,17,"conf_358",1500,167,1.0565614881,1,5
"10600",5,17,"conf_358",2500,167,0.9329690362,1,5
"10601",5,17,"conf_358",5000,167,0.3645079339,1,5
"10602",5,17,"conf_358",7500,167,0.2055331133,1,5
"10603",5,17,"conf_358",250,168,2.0858085502,1,5
"10604",5,17,"conf_358",500,168,2.0858085502,1,5
"10605",5,17,"conf_358",1500,168,1.0251095017,1,5
"10606",5,17,"conf_358",2500,168,0.7212042081,1,5
"10607",5,17,"conf_358",5000,168,0.4156568622,1,5
"10608",5,17,"conf_358",7500,168,0.074178638,1,5
"10609",5,17,"conf_358",250,169,1.1183839016,1,5
"10610",5,17,"conf_358",500,169,1.1183839016,1,5
"10611",5,17,"conf_358",1500,169,0.6384281203,1,5
"10612",5,17,"conf_358",2500,169,0.5373359378,1,5
"10613",5,17,"conf_358",5000,169,0.2239794977,1,5
"10614",5,17,"conf_358",7500,169,0.1920172916,1,5
"10615",5,17,"conf_358",250,170,2.7542647063,1,5
"10616",5,17,"conf_358",500,170,2.7542647063,1,5
"10617",5,17,"conf_358",1500,170,1.443143098,1,5
"10618",5,17,"conf_358",2500,170,0.941687368,1,5
"10619",5,17,"conf_358",5000,170,0.3254869349,1,5
"10620",5,17,"conf_358",7500,170,0.1412038472,1,5
"10621",5,17,"conf_358",250,171,3.7281304079,1,5
"10622",5,17,"conf_358",500,171,3.7260969868,1,5
"10623",5,17,"conf_358",1500,171,1.4609684393,1,5
"10624",5,17,"conf_358",2500,171,1.2784044282,1,5
"10625",5,17,"conf_358",5000,171,0.7330708632,1,5
"10626",5,17,"conf_358",7500,171,0.268983287,1,5
"10627",5,17,"conf_358",250,172,4.987366444,1,5
"10628",5,17,"conf_358",500,172,3.3039340632,1,5
"10629",5,17,"conf_358",1500,172,1.4601686986,1,5
"10630",5,17,"conf_358",2500,172,0.7030147103,1,5
"10631",5,17,"conf_358",5000,172,0.287446974,1,5
"10632",5,17,"conf_358",7500,172,0.2857330882,1,5
"10633",5,17,"conf_358",250,173,4.1576136976,1,5
"10634",5,17,"conf_358",500,173,4.1576136976,1,5
"10635",5,17,"conf_358",1500,173,1.9669242546,1,5
"10636",5,17,"conf_358",2500,173,0.7786288528,1,5
"10637",5,17,"conf_358",5000,173,0.4411667563,1,5
"10638",5,17,"conf_358",7500,173,0.3025685066,1,5
"10639",5,17,"conf_358",250,174,3.2721641435,1,5
"10640",5,17,"conf_358",500,174,3.1779867976,1,5
"10641",5,17,"conf_358",1500,174,1.3045774565,1,5
"10642",5,17,"conf_358",2500,174,0.53730453,1,5
"10643",5,17,"conf_358",5000,174,0.3605283934,1,5
"10644",5,17,"conf_358",7500,174,0.2003761963,1,5
"10645",5,17,"conf_358",250,175,5.11390572,1,5
"10646",5,17,"conf_358",500,175,3.6112436477,1,5
"10647",5,17,"conf_358",1500,175,1.5428456625,1,5
"10648",5,17,"conf_358",2500,175,0.9485983718,1,5
"10649",5,17,"conf_358",5000,175,0.438109318,1,5
"10650",5,17,"conf_358",7500,175,0.1479198959,1,5
"10651",5,17,"conf_358",250,176,1.7445686464,1,5
"10652",5,17,"conf_358",500,176,1.7445686464,1,5
"10653",5,17,"conf_358",1500,176,1.5028989839,1,5
"10654",5,17,"conf_358",2500,176,1.1445391027,1,5
"10655",5,17,"conf_358",5000,176,0.6279876528,1,5
"10656",5,17,"conf_358",7500,176,0.3318961725,1,5
"10657",5,17,"conf_358",250,177,2.5969377436,1,5
"10658",5,17,"conf_358",500,177,2.5969377436,1,5
"10659",5,17,"conf_358",1500,177,1.6403760221,1,5
"10660",5,17,"conf_358",2500,177,1.5640027365,1,5
"10661",5,17,"conf_358",5000,177,0.6238873348,1,5
"10662",5,17,"conf_358",7500,177,0.2370129942,1,5
"10663",5,17,"conf_358",250,178,5.0723091298,1,5
"10664",5,17,"conf_358",500,178,4.6300098935,1,5
"10665",5,17,"conf_358",1500,178,1.3192530172,1,5
"10666",5,17,"conf_358",2500,178,1.3192530172,1,5
"10667",5,17,"conf_358",5000,178,0.4221287175,1,5
"10668",5,17,"conf_358",7500,178,0.2852175857,1,5
"10669",5,17,"conf_358",250,179,4.1308732161,1,5
"10670",5,17,"conf_358",500,179,2.7924710563,1,5
"10671",5,17,"conf_358",1500,179,1.2983492097,1,5
"10672",5,17,"conf_358",2500,179,1.0586073557,1,5
"10673",5,17,"conf_358",5000,179,0.570723757,1,5
"10674",5,17,"conf_358",7500,179,0.1907522693,1,5
"10675",5,17,"conf_358",250,180,5.5705106556,1,5
"10676",5,17,"conf_358",500,180,4.6037987857,1,5
"10677",5,17,"conf_358",1500,180,1.6640782285,1,5
"10678",5,17,"conf_358",2500,180,1.0457301004,1,5
"10679",5,17,"conf_358",5000,180,0.611513622,1,5
"10680",5,17,"conf_358",7500,180,0.237099477,1,5
"10681",5,17,"conf_358",250,181,2.3600427848,1,5
"10682",5,17,"conf_358",500,181,1.7964775261,1,5
"10683",5,17,"conf_358",1500,181,1.7964775261,1,5
"10684",5,17,"conf_358",2500,181,0.7908539027,1,5
"10685",5,17,"conf_358",5000,181,0.3352898462,1,5
"10686",5,17,"conf_358",7500,181,0.2083900393,1,5
"10687",5,17,"conf_358",250,182,2.2230693424,1,5
"10688",5,17,"conf_358",500,182,2.2230693424,1,5
"10689",5,17,"conf_358",1500,182,2.1882216684,1,5
"10690",5,17,"conf_358",2500,182,1.2342180896,1,5
"10691",5,17,"conf_358",5000,182,0.5643311458,1,5
"10692",5,17,"conf_358",7500,182,0.070989989,1,5
"10693",5,17,"conf_358",250,183,4.6359587771,1,5
"10694",5,17,"conf_358",500,183,3.8783237009,1,5
"10695",5,17,"conf_358",1500,183,1.3135280272,1,5
"10696",5,17,"conf_358",2500,183,1.1940656099,1,5
"10697",5,17,"conf_358",5000,183,0.2659871341,1,5
"10698",5,17,"conf_358",7500,183,0.1897812438,1,5
"10699",5,17,"conf_358",250,184,3.542463974,1,5
"10700",5,17,"conf_358",500,184,2.8260029792,1,5
"10701",5,17,"conf_358",1500,184,1.7097229448,1,5
"10702",5,17,"conf_358",2500,184,1.2435385674,1,5
"10703",5,17,"conf_358",5000,184,0.5088225507,1,5
"10704",5,17,"conf_358",7500,184,0.437020556,1,5
"10705",5,17,"conf_358",250,185,2.5978215897,1,5
"10706",5,17,"conf_358",500,185,2.5978215897,1,5
"10707",5,17,"conf_358",1500,185,2.3251828899,1,5
"10708",5,17,"conf_358",2500,185,1.2022319662,1,5
"10709",5,17,"conf_358",5000,185,0.4791162786,1,5
"10710",5,17,"conf_358",7500,185,0.1436649468,1,5
"10711",5,17,"conf_358",250,186,2.9855088201,1,5
"10712",5,17,"conf_358",500,186,2.4077152493,1,5
"10713",5,17,"conf_358",1500,186,2.3897743059,1,5
"10714",5,17,"conf_358",2500,186,1.9698849989,1,5
"10715",5,17,"conf_358",5000,186,0.5065653192,1,5
"10716",5,17,"conf_358",7500,186,0.2116436179,1,5
"10717",5,17,"conf_358",250,187,4.8808687572,1,5
"10718",5,17,"conf_358",500,187,1.465925032,1,5
"10719",5,17,"conf_358",1500,187,1.0373944927,1,5
"10720",5,17,"conf_358",2500,187,1.0373944927,1,5
"10721",5,17,"conf_358",5000,187,0.4034359417,1,5
"10722",5,17,"conf_358",7500,187,0.1728364521,1,5
"10723",5,17,"conf_358",250,188,3.6062676653,1,5
"10724",5,17,"conf_358",500,188,3.6062676653,1,5
"10725",5,17,"conf_358",1500,188,1.330668823,1,5
"10726",5,17,"conf_358",2500,188,0.8837895963,1,5
"10727",5,17,"conf_358",5000,188,0.2266723739,1,5
"10728",5,17,"conf_358",7500,188,0.1262918324,1,5
"10729",5,17,"conf_358",250,189,4.8320514822,1,5
"10730",5,17,"conf_358",500,189,2.0472118329,1,5
"10731",5,17,"conf_358",1500,189,1.3565893951,1,5
"10732",5,17,"conf_358",2500,189,0.9665378436,1,5
"10733",5,17,"conf_358",5000,189,0.661857611,1,5
"10734",5,17,"conf_358",7500,189,0.1587489345,1,5
"10735",5,17,"conf_358",250,190,6.9381872651,1,5
"10736",5,17,"conf_358",500,190,4.5286256019,1,5
"10737",5,17,"conf_358",1500,190,2.2984496359,1,5
"10738",5,17,"conf_358",2500,190,1.1188919862,1,5
"10739",5,17,"conf_358",5000,190,0.2946953264,1,5
"10740",5,17,"conf_358",7500,190,0.1115998978,1,5
"10741",5,17,"conf_358",250,191,5.5129055419,1,5
"10742",5,17,"conf_358",500,191,5.0718298982,1,5
"10743",5,17,"conf_358",1500,191,1.7865517756,1,5
"10744",5,17,"conf_358",2500,191,0.9499701841,1,5
"10745",5,17,"conf_358",5000,191,0.2489030496,1,5
"10746",5,17,"conf_358",7500,191,0.2089867566,1,5
"10747",5,17,"conf_358",250,192,2.9561432682,1,5
"10748",5,17,"conf_358",500,192,2.8776141292,1,5
"10749",5,17,"conf_358",1500,192,2.1951871107,1,5
"10750",5,17,"conf_358",2500,192,1.4967659526,1,5
"10751",5,17,"conf_358",5000,192,0.3350376144,1,5
"10752",5,17,"conf_358",7500,192,0.1849243976,1,5
"10753",5,17,"conf_358",250,193,6.391222423,1,5
"10754",5,17,"conf_358",500,193,5.3464781466,1,5
"10755",5,17,"conf_358",1500,193,0.675596663,1,5
"10756",5,17,"conf_358",2500,193,0.5555369224,1,5
"10757",5,17,"conf_358",5000,193,0.3359999533,1,5
"10758",5,17,"conf_358",7500,193,0.1392302229,1,5
"10759",5,17,"conf_358",250,194,4.6882611204,1,5
"10760",5,17,"conf_358",500,194,2.9717987691,1,5
"10761",5,17,"conf_358",1500,194,1.0897996401,1,5
"10762",5,17,"conf_358",2500,194,0.4275506123,1,5
"10763",5,17,"conf_358",5000,194,0.3032590408,1,5
"10764",5,17,"conf_358",7500,194,0.1895766882,1,5
"10765",5,17,"conf_358",250,195,5.4119715164,1,5
"10766",5,17,"conf_358",500,195,1.921621162,1,5
"10767",5,17,"conf_358",1500,195,1.8027272378,1,5
"10768",5,17,"conf_358",2500,195,0.6381791423,1,5
"10769",5,17,"conf_358",5000,195,0.34653643,1,5
"10770",5,17,"conf_358",7500,195,0.1687480775,1,5
"10771",5,17,"conf_358",250,196,3.647470163,1,5
"10772",5,17,"conf_358",500,196,2.4124008538,1,5
"10773",5,17,"conf_358",1500,196,1.4539909047,1,5
"10774",5,17,"conf_358",2500,196,1.0487411868,1,5
"10775",5,17,"conf_358",5000,196,0.4030659345,1,5
"10776",5,17,"conf_358",7500,196,0.1744467278,1,5
"10777",5,17,"conf_358",250,197,3.3273582307,1,5
"10778",5,17,"conf_358",500,197,2.8801891881,1,5
"10779",5,17,"conf_358",1500,197,1.3025176098,1,5
"10780",5,17,"conf_358",2500,197,1.1690519816,1,5
"10781",5,17,"conf_358",5000,197,0.5562807426,1,5
"10782",5,17,"conf_358",7500,197,0.1990154812,1,5
"10783",5,17,"conf_358",250,198,5.350785257,1,5
"10784",5,17,"conf_358",500,198,3.3554740979,1,5
"10785",5,17,"conf_358",1500,198,2.1098370155,1,5
"10786",5,17,"conf_358",2500,198,1.1351661246,1,5
"10787",5,17,"conf_358",5000,198,0.3360673906,1,5
"10788",5,17,"conf_358",7500,198,0.1217653657,1,5
"10789",5,17,"conf_358",250,199,4.0047986613,1,5
"10790",5,17,"conf_358",500,199,3.7381848807,1,5
"10791",5,17,"conf_358",1500,199,1.8492044172,1,5
"10792",5,17,"conf_358",2500,199,1.3830411575,1,5
"10793",5,17,"conf_358",5000,199,0.6918109987,1,5
"10794",5,17,"conf_358",7500,199,0.4636915903,1,5
"10795",5,17,"conf_358",250,200,4.8702012627,1,5
"10796",5,17,"conf_358",500,200,4.0259185088,1,5
"10797",5,17,"conf_358",1500,200,1.7658504373,1,5
"10798",5,17,"conf_358",2500,200,0.7423693978,1,5
"10799",5,17,"conf_358",5000,200,0.1751646731,1,5
"10800",5,17,"conf_358",7500,200,0.0904868062,1,5
"10801",5,18,"conf_358",250,1,21.4487362113,1,5
"10802",5,18,"conf_358",500,1,19.0673883386,1,5
"10803",5,18,"conf_358",1500,1,5.4844645195,1,5
"10804",5,18,"conf_358",2500,1,4.8283855023,1,5
"10805",5,18,"conf_358",5000,1,1.0093903582,1,5
"10806",5,18,"conf_358",7500,1,0.7088556198,1,5
"10807",5,18,"conf_358",250,2,19.9955329553,1,5
"10808",5,18,"conf_358",500,2,11.106702091,1,5
"10809",5,18,"conf_358",1500,2,7.8868110493,1,5
"10810",5,18,"conf_358",2500,2,6.4205973902,1,5
"10811",5,18,"conf_358",5000,2,1.4324144253,1,5
"10812",5,18,"conf_358",7500,2,0.9596994873,1,5
"10813",5,18,"conf_358",250,3,22.6256198836,1,5
"10814",5,18,"conf_358",500,3,13.1977945091,1,5
"10815",5,18,"conf_358",1500,3,4.4486664697,1,5
"10816",5,18,"conf_358",2500,3,3.5069072846,1,5
"10817",5,18,"conf_358",5000,3,1.8690044467,1,5
"10818",5,18,"conf_358",7500,3,0.8016798681,1,5
"10819",5,18,"conf_358",250,4,9.738161575,1,5
"10820",5,18,"conf_358",500,4,9.738161575,1,5
"10821",5,18,"conf_358",1500,4,8.29538341,1,5
"10822",5,18,"conf_358",2500,4,4.0941439125,1,5
"10823",5,18,"conf_358",5000,4,1.3350316655,1,5
"10824",5,18,"conf_358",7500,4,0.7724564039,1,5
"10825",5,18,"conf_358",250,5,25.8409772732,1,5
"10826",5,18,"conf_358",500,5,11.8298919779,1,5
"10827",5,18,"conf_358",1500,5,7.2514607218,1,5
"10828",5,18,"conf_358",2500,5,5.6496865414,1,5
"10829",5,18,"conf_358",5000,5,2.230263647,1,5
"10830",5,18,"conf_358",7500,5,0.669089529,1,5
"10831",5,18,"conf_358",250,6,9.1676560144,1,5
"10832",5,18,"conf_358",500,6,2.5938232656,1,5
"10833",5,18,"conf_358",1500,6,2.5938232656,1,5
"10834",5,18,"conf_358",2500,6,2.5938232656,1,5
"10835",5,18,"conf_358",5000,6,1.3824411055,1,5
"10836",5,18,"conf_358",7500,6,0.7291616786,1,5
"10837",5,18,"conf_358",250,7,9.6843600153,1,5
"10838",5,18,"conf_358",500,7,9.6843600153,1,5
"10839",5,18,"conf_358",1500,7,5.4845729438,1,5
"10840",5,18,"conf_358",2500,7,2.8962089549,1,5
"10841",5,18,"conf_358",5000,7,0.8503835403,1,5
"10842",5,18,"conf_358",7500,7,0.6512201376,1,5
"10843",5,18,"conf_358",250,8,12.1635393091,1,5
"10844",5,18,"conf_358",500,8,12.1635393091,1,5
"10845",5,18,"conf_358",1500,8,5.0037740055,1,5
"10846",5,18,"conf_358",2500,8,3.0398771527,1,5
"10847",5,18,"conf_358",5000,8,2.0351621209,1,5
"10848",5,18,"conf_358",7500,8,0.8277584145,1,5
"10849",5,18,"conf_358",250,9,11.3570175998,1,5
"10850",5,18,"conf_358",500,9,11.3570175998,1,5
"10851",5,18,"conf_358",1500,9,3.3668069197,1,5
"10852",5,18,"conf_358",2500,9,3.2615146323,1,5
"10853",5,18,"conf_358",5000,9,1.5613288825,1,5
"10854",5,18,"conf_358",7500,9,1.3225329834,1,5
"10855",5,18,"conf_358",250,10,16.8282380231,1,5
"10856",5,18,"conf_358",500,10,16.8282380231,1,5
"10857",5,18,"conf_358",1500,10,10.0730917508,1,5
"10858",5,18,"conf_358",2500,10,1.6404389772,1,5
"10859",5,18,"conf_358",5000,10,1.0953587624,1,5
"10860",5,18,"conf_358",7500,10,0.8862886312,1,5
"10861",5,18,"conf_358",250,11,12.6525997089,1,5
"10862",5,18,"conf_358",500,11,9.2748473585,1,5
"10863",5,18,"conf_358",1500,11,8.1059385916,1,5
"10864",5,18,"conf_358",2500,11,2.2260969638,1,5
"10865",5,18,"conf_358",5000,11,1.8306758032,1,5
"10866",5,18,"conf_358",7500,11,0.6611933119,1,5
"10867",5,18,"conf_358",250,12,14.0994347047,1,5
"10868",5,18,"conf_358",500,12,12.248011759,1,5
"10869",5,18,"conf_358",1500,12,6.6848996333,1,5
"10870",5,18,"conf_358",2500,12,2.0936032108,1,5
"10871",5,18,"conf_358",5000,12,1.8121516006,1,5
"10872",5,18,"conf_358",7500,12,0.4316031712,1,5
"10873",5,18,"conf_358",250,13,11.8051597128,1,5
"10874",5,18,"conf_358",500,13,11.8051597128,1,5
"10875",5,18,"conf_358",1500,13,2.1977326013,1,5
"10876",5,18,"conf_358",2500,13,2.0851045289,1,5
"10877",5,18,"conf_358",5000,13,1.2999897094,1,5
"10878",5,18,"conf_358",7500,13,0.5850327754,1,5
"10879",5,18,"conf_358",250,14,18.0236782826,1,5
"10880",5,18,"conf_358",500,14,6.6731663838,1,5
"10881",5,18,"conf_358",1500,14,5.2707287505,1,5
"10882",5,18,"conf_358",2500,14,5.2707287505,1,5
"10883",5,18,"conf_358",5000,14,3.1917206819,1,5
"10884",5,18,"conf_358",7500,14,1.1548712871,1,5
"10885",5,18,"conf_358",250,15,18.8876739153,1,5
"10886",5,18,"conf_358",500,15,9.911084188,1,5
"10887",5,18,"conf_358",1500,15,4.0961727741,1,5
"10888",5,18,"conf_358",2500,15,4.0961727741,1,5
"10889",5,18,"conf_358",5000,15,1.8821731879,1,5
"10890",5,18,"conf_358",7500,15,0.647006227,1,5
"10891",5,18,"conf_358",250,16,18.0019538547,1,5
"10892",5,18,"conf_358",500,16,18.0019538547,1,5
"10893",5,18,"conf_358",1500,16,3.7208474352,1,5
"10894",5,18,"conf_358",2500,16,3.7208474352,1,5
"10895",5,18,"conf_358",5000,16,1.670950695,1,5
"10896",5,18,"conf_358",7500,16,0.6952192455,1,5
"10897",5,18,"conf_358",250,17,15.1439274338,1,5
"10898",5,18,"conf_358",500,17,15.1439274338,1,5
"10899",5,18,"conf_358",1500,17,6.6563818178,1,5
"10900",5,18,"conf_358",2500,17,4.0166998555,1,5
"10901",5,18,"conf_358",5000,17,1.1530727431,1,5
"10902",5,18,"conf_358",7500,17,0.4004209914,1,5
"10903",5,18,"conf_358",250,18,16.4767037319,1,5
"10904",5,18,"conf_358",500,18,16.4767037319,1,5
"10905",5,18,"conf_358",1500,18,8.7934035147,1,5
"10906",5,18,"conf_358",2500,18,2.605142431,1,5
"10907",5,18,"conf_358",5000,18,1.5061685146,1,5
"10908",5,18,"conf_358",7500,18,0.4862656842,1,5
"10909",5,18,"conf_358",250,19,14.6981709099,1,5
"10910",5,18,"conf_358",500,19,12.8832266282,1,5
"10911",5,18,"conf_358",1500,19,3.0622542937,1,5
"10912",5,18,"conf_358",2500,19,3.0622542937,1,5
"10913",5,18,"conf_358",5000,19,2.2018327639,1,5
"10914",5,18,"conf_358",7500,19,0.9628987987,1,5
"10915",5,18,"conf_358",250,20,10.408483084,1,5
"10916",5,18,"conf_358",500,20,10.0431469155,1,5
"10917",5,18,"conf_358",1500,20,4.5084550887,1,5
"10918",5,18,"conf_358",2500,20,4.3313476591,1,5
"10919",5,18,"conf_358",5000,20,1.1162152114,1,5
"10920",5,18,"conf_358",7500,20,0.5197657391,1,5
"10921",5,18,"conf_358",250,21,11.9634680362,1,5
"10922",5,18,"conf_358",500,21,11.9634680362,1,5
"10923",5,18,"conf_358",1500,21,2.6659398316,1,5
"10924",5,18,"conf_358",2500,21,2.6659398316,1,5
"10925",5,18,"conf_358",5000,21,1.6855628246,1,5
"10926",5,18,"conf_358",7500,21,1.4468534605,1,5
"10927",5,18,"conf_358",250,22,7.8884369792,1,5
"10928",5,18,"conf_358",500,22,6.046055492,1,5
"10929",5,18,"conf_358",1500,22,4.0819279944,1,5
"10930",5,18,"conf_358",2500,22,2.8897361455,1,5
"10931",5,18,"conf_358",5000,22,1.829976556,1,5
"10932",5,18,"conf_358",7500,22,0.9667923373,1,5
"10933",5,18,"conf_358",250,23,10.5801031303,1,5
"10934",5,18,"conf_358",500,23,10.5801031303,1,5
"10935",5,18,"conf_358",1500,23,3.289401159,1,5
"10936",5,18,"conf_358",2500,23,3.289401159,1,5
"10937",5,18,"conf_358",5000,23,1.775642485,1,5
"10938",5,18,"conf_358",7500,23,0.5649682508,1,5
"10939",5,18,"conf_358",250,24,11.0199327746,1,5
"10940",5,18,"conf_358",500,24,11.0199327746,1,5
"10941",5,18,"conf_358",1500,24,4.5565130674,1,5
"10942",5,18,"conf_358",2500,24,1.9198481314,1,5
"10943",5,18,"conf_358",5000,24,1.750308886,1,5
"10944",5,18,"conf_358",7500,24,0.4738639955,1,5
"10945",5,18,"conf_358",250,25,17.829462376,1,5
"10946",5,18,"conf_358",500,25,10.1501490317,1,5
"10947",5,18,"conf_358",1500,25,2.6872985506,1,5
"10948",5,18,"conf_358",2500,25,1.6913219328,1,5
"10949",5,18,"conf_358",5000,25,1.5711769304,1,5
"10950",5,18,"conf_358",7500,25,0.9241828353,1,5
"10951",5,18,"conf_358",250,26,18.7865328924,1,5
"10952",5,18,"conf_358",500,26,18.7865328924,1,5
"10953",5,18,"conf_358",1500,26,6.3706002819,1,5
"10954",5,18,"conf_358",2500,26,3.4464833063,1,5
"10955",5,18,"conf_358",5000,26,0.4153461664,1,5
"10956",5,18,"conf_358",7500,26,0.1962786282,1,5
"10957",5,18,"conf_358",250,27,8.6026223698,1,5
"10958",5,18,"conf_358",500,27,8.6026223698,1,5
"10959",5,18,"conf_358",1500,27,7.1071558094,1,5
"10960",5,18,"conf_358",2500,27,5.7477357539,1,5
"10961",5,18,"conf_358",5000,27,1.7606282212,1,5
"10962",5,18,"conf_358",7500,27,1.0729588997,1,5
"10963",5,18,"conf_358",250,28,11.7908680121,1,5
"10964",5,18,"conf_358",500,28,11.7908680121,1,5
"10965",5,18,"conf_358",1500,28,5.517445319,1,5
"10966",5,18,"conf_358",2500,28,4.4761913235,1,5
"10967",5,18,"conf_358",5000,28,2.0995035258,1,5
"10968",5,18,"conf_358",7500,28,1.5260572402,1,5
"10969",5,18,"conf_358",250,29,9.5925028145,1,5
"10970",5,18,"conf_358",500,29,9.5925028145,1,5
"10971",5,18,"conf_358",1500,29,7.1515103109,1,5
"10972",5,18,"conf_358",2500,29,1.7035823251,1,5
"10973",5,18,"conf_358",5000,29,1.7035823251,1,5
"10974",5,18,"conf_358",7500,29,0.7346288796,1,5
"10975",5,18,"conf_358",250,30,22.3735375474,1,5
"10976",5,18,"conf_358",500,30,20.7261813451,1,5
"10977",5,18,"conf_358",1500,30,6.6811466593,1,5
"10978",5,18,"conf_358",2500,30,3.4198749936,1,5
"10979",5,18,"conf_358",5000,30,2.3725322435,1,5
"10980",5,18,"conf_358",7500,30,0.96407184,1,5
"10981",5,18,"conf_358",250,31,18.392711999,1,5
"10982",5,18,"conf_358",500,31,16.4651380288,1,5
"10983",5,18,"conf_358",1500,31,5.2024842545,1,5
"10984",5,18,"conf_358",2500,31,4.406416366,1,5
"10985",5,18,"conf_358",5000,31,1.624894416,1,5
"10986",5,18,"conf_358",7500,31,0.7092738573,1,5
"10987",5,18,"conf_358",250,32,11.7958282066,1,5
"10988",5,18,"conf_358",500,32,11.7958282066,1,5
"10989",5,18,"conf_358",1500,32,8.8616166986,1,5
"10990",5,18,"conf_358",2500,32,4.5369689667,1,5
"10991",5,18,"conf_358",5000,32,2.6539109536,1,5
"10992",5,18,"conf_358",7500,32,0.762950966,1,5
"10993",5,18,"conf_358",250,33,27.3260443984,1,5
"10994",5,18,"conf_358",500,33,13.4542226814,1,5
"10995",5,18,"conf_358",1500,33,5.6362002663,1,5
"10996",5,18,"conf_358",2500,33,3.4780031424,1,5
"10997",5,18,"conf_358",5000,33,2.223607879,1,5
"10998",5,18,"conf_358",7500,33,0.9676317548,1,5
"10999",5,18,"conf_358",250,34,21.904176494,1,5
"11000",5,18,"conf_358",500,34,13.0856343145,1,5
"11001",5,18,"conf_358",1500,34,7.508770816,1,5
"11002",5,18,"conf_358",2500,34,4.7042608598,1,5
"11003",5,18,"conf_358",5000,34,2.992250008,1,5
"11004",5,18,"conf_358",7500,34,0.526655979,1,5
"11005",5,18,"conf_358",250,35,14.1846592606,1,5
"11006",5,18,"conf_358",500,35,14.1846592606,1,5
"11007",5,18,"conf_358",1500,35,3.9151682977,1,5
"11008",5,18,"conf_358",2500,35,3.9151682977,1,5
"11009",5,18,"conf_358",5000,35,2.3254562445,1,5
"11010",5,18,"conf_358",7500,35,0.7814983088,1,5
"11011",5,18,"conf_358",250,36,7.4787798568,1,5
"11012",5,18,"conf_358",500,36,7.4787798568,1,5
"11013",5,18,"conf_358",1500,36,3.5962665097,1,5
"11014",5,18,"conf_358",2500,36,2.2377110786,1,5
"11015",5,18,"conf_358",5000,36,0.8089344344,1,5
"11016",5,18,"conf_358",7500,36,0.7616211976,1,5
"11017",5,18,"conf_358",250,37,18.2969257724,1,5
"11018",5,18,"conf_358",500,37,17.1028996595,1,5
"11019",5,18,"conf_358",1500,37,7.0834230444,1,5
"11020",5,18,"conf_358",2500,37,4.3243331739,1,5
"11021",5,18,"conf_358",5000,37,1.5758732375,1,5
"11022",5,18,"conf_358",7500,37,0.9336214909,1,5
"11023",5,18,"conf_358",250,38,18.38901878,1,5
"11024",5,18,"conf_358",500,38,14.9225605965,1,5
"11025",5,18,"conf_358",1500,38,5.3422784306,1,5
"11026",5,18,"conf_358",2500,38,3.3258544627,1,5
"11027",5,18,"conf_358",5000,38,1.3118393931,1,5
"11028",5,18,"conf_358",7500,38,0.64207002,1,5
"11029",5,18,"conf_358",250,39,14.8338628467,1,5
"11030",5,18,"conf_358",500,39,7.5930588958,1,5
"11031",5,18,"conf_358",1500,39,3.9704005042,1,5
"11032",5,18,"conf_358",2500,39,2.731944316,1,5
"11033",5,18,"conf_358",5000,39,1.4932431351,1,5
"11034",5,18,"conf_358",7500,39,0.3775046957,1,5
"11035",5,18,"conf_358",250,40,16.7243663848,1,5
"11036",5,18,"conf_358",500,40,12.958593847,1,5
"11037",5,18,"conf_358",1500,40,4.1488252243,1,5
"11038",5,18,"conf_358",2500,40,3.2935016294,1,5
"11039",5,18,"conf_358",5000,40,1.8592612373,1,5
"11040",5,18,"conf_358",7500,40,1.1516662222,1,5
"11041",5,18,"conf_358",250,41,20.5735590946,1,5
"11042",5,18,"conf_358",500,41,11.8748525746,1,5
"11043",5,18,"conf_358",1500,41,6.776354206,1,5
"11044",5,18,"conf_358",2500,41,4.0322420683,1,5
"11045",5,18,"conf_358",5000,41,1.1796461907,1,5
"11046",5,18,"conf_358",7500,41,0.7079841407,1,5
"11047",5,18,"conf_358",250,42,12.4835886254,1,5
"11048",5,18,"conf_358",500,42,12.4835886254,1,5
"11049",5,18,"conf_358",1500,42,5.2871799528,1,5
"11050",5,18,"conf_358",2500,42,4.8527016282,1,5
"11051",5,18,"conf_358",5000,42,1.223563535,1,5
"11052",5,18,"conf_358",7500,42,1.0115938621,1,5
"11053",5,18,"conf_358",250,43,24.5834421361,1,5
"11054",5,18,"conf_358",500,43,10.9001681296,1,5
"11055",5,18,"conf_358",1500,43,4.2007942977,1,5
"11056",5,18,"conf_358",2500,43,3.1541327238,1,5
"11057",5,18,"conf_358",5000,43,2.2458576674,1,5
"11058",5,18,"conf_358",7500,43,0.6613685034,1,5
"11059",5,18,"conf_358",250,44,10.8282990015,1,5
"11060",5,18,"conf_358",500,44,9.0212139492,1,5
"11061",5,18,"conf_358",1500,44,3.9864156177,1,5
"11062",5,18,"conf_358",2500,44,2.3240652978,1,5
"11063",5,18,"conf_358",5000,44,1.4887705681,1,5
"11064",5,18,"conf_358",7500,44,0.546633335,1,5
"11065",5,18,"conf_358",250,45,9.4927639311,1,5
"11066",5,18,"conf_358",500,45,8.4457064209,1,5
"11067",5,18,"conf_358",1500,45,2.6675559201,1,5
"11068",5,18,"conf_358",2500,45,2.6675559201,1,5
"11069",5,18,"conf_358",5000,45,2.195776108,1,5
"11070",5,18,"conf_358",7500,45,0.4850176588,1,5
"11071",5,18,"conf_358",250,46,7.1205774777,1,5
"11072",5,18,"conf_358",500,46,7.1205774777,1,5
"11073",5,18,"conf_358",1500,46,5.6389469631,1,5
"11074",5,18,"conf_358",2500,46,2.5319746637,1,5
"11075",5,18,"conf_358",5000,46,1.1677711471,1,5
"11076",5,18,"conf_358",7500,46,0.2495816228,1,5
"11077",5,18,"conf_358",250,47,14.4981646699,1,5
"11078",5,18,"conf_358",500,47,10.3884209333,1,5
"11079",5,18,"conf_358",1500,47,6.0569580426,1,5
"11080",5,18,"conf_358",2500,47,4.6390636284,1,5
"11081",5,18,"conf_358",5000,47,1.3043699312,1,5
"11082",5,18,"conf_358",7500,47,1.1441634198,1,5
"11083",5,18,"conf_358",250,48,21.8862819843,1,5
"11084",5,18,"conf_358",500,48,2.8435198117,1,5
"11085",5,18,"conf_358",1500,48,2.8435198117,1,5
"11086",5,18,"conf_358",2500,48,2.8435198117,1,5
"11087",5,18,"conf_358",5000,48,1.1642013868,1,5
"11088",5,18,"conf_358",7500,48,0.8356127819,1,5
"11089",5,18,"conf_358",250,49,17.562601026,1,5
"11090",5,18,"conf_358",500,49,14.8222256154,1,5
"11091",5,18,"conf_358",1500,49,5.402523539,1,5
"11092",5,18,"conf_358",2500,49,2.7943673852,1,5
"11093",5,18,"conf_358",5000,49,1.0061780396,1,5
"11094",5,18,"conf_358",7500,49,0.4207268373,1,5
"11095",5,18,"conf_358",250,50,10.3168290819,1,5
"11096",5,18,"conf_358",500,50,10.188241552,1,5
"11097",5,18,"conf_358",1500,50,6.1719424479,1,5
"11098",5,18,"conf_358",2500,50,2.7670110161,1,5
"11099",5,18,"conf_358",5000,50,1.477565283,1,5
"11100",5,18,"conf_358",7500,50,0.6892725472,1,5
"11101",5,18,"conf_358",250,51,15.0016082216,2,5
"11102",5,18,"conf_358",500,51,14.1478443679,2,5
"11103",5,18,"conf_358",1500,51,6.1869067494,2,5
"11104",5,18,"conf_358",2500,51,2.748216294,2,5
"11105",5,18,"conf_358",5000,51,1.6522708814,2,5
"11106",5,18,"conf_358",7500,51,1.0084660173,2,5
"11107",5,18,"conf_358",250,52,14.1855787649,2,5
"11108",5,18,"conf_358",500,52,9.0404261633,2,5
"11109",5,18,"conf_358",1500,52,8.6403467801,2,5
"11110",5,18,"conf_358",2500,52,4.4975635239,2,5
"11111",5,18,"conf_358",5000,52,1.850684068,2,5
"11112",5,18,"conf_358",7500,52,1.223914411,2,5
"11113",5,18,"conf_358",250,53,13.1815797637,2,5
"11114",5,18,"conf_358",500,53,9.1545902271,2,5
"11115",5,18,"conf_358",1500,53,4.7928266021,2,5
"11116",5,18,"conf_358",2500,53,2.8246217224,2,5
"11117",5,18,"conf_358",5000,53,2.4147638823,2,5
"11118",5,18,"conf_358",7500,53,1.0054420075,2,5
"11119",5,18,"conf_358",250,54,15.5364309594,2,5
"11120",5,18,"conf_358",500,54,9.8136791601,2,5
"11121",5,18,"conf_358",1500,54,5.69294985,2,5
"11122",5,18,"conf_358",2500,54,4.6100180556,2,5
"11123",5,18,"conf_358",5000,54,2.4325352345,2,5
"11124",5,18,"conf_358",7500,54,1.0495052025,2,5
"11125",5,18,"conf_358",250,55,12.1384427835,2,5
"11126",5,18,"conf_358",500,55,12.1384427835,2,5
"11127",5,18,"conf_358",1500,55,4.57226614,2,5
"11128",5,18,"conf_358",2500,55,4.1304559221,2,5
"11129",5,18,"conf_358",5000,55,1.3573446112,2,5
"11130",5,18,"conf_358",7500,55,0.8712657273,2,5
"11131",5,18,"conf_358",250,56,16.2094942842,2,5
"11132",5,18,"conf_358",500,56,16.090381807,2,5
"11133",5,18,"conf_358",1500,56,3.1210655605,2,5
"11134",5,18,"conf_358",2500,56,3.1210655605,2,5
"11135",5,18,"conf_358",5000,56,1.4138356831,2,5
"11136",5,18,"conf_358",7500,56,0.7138436732,2,5
"11137",5,18,"conf_358",250,57,13.7972437494,2,5
"11138",5,18,"conf_358",500,57,12.2350864266,2,5
"11139",5,18,"conf_358",1500,57,7.6996065594,2,5
"11140",5,18,"conf_358",2500,57,2.2628733703,2,5
"11141",5,18,"conf_358",5000,57,1.3503781547,2,5
"11142",5,18,"conf_358",7500,57,0.3041347985,2,5
"11143",5,18,"conf_358",250,58,15.1267142475,2,5
"11144",5,18,"conf_358",500,58,9.6866065048,2,5
"11145",5,18,"conf_358",1500,58,6.6456976275,2,5
"11146",5,18,"conf_358",2500,58,2.9642204103,2,5
"11147",5,18,"conf_358",5000,58,1.0204278699,2,5
"11148",5,18,"conf_358",7500,58,1.0204278699,2,5
"11149",5,18,"conf_358",250,59,16.9738802578,2,5
"11150",5,18,"conf_358",500,59,12.9901714312,2,5
"11151",5,18,"conf_358",1500,59,3.3037953091,2,5
"11152",5,18,"conf_358",2500,59,1.6912208837,2,5
"11153",5,18,"conf_358",5000,59,1.6912208837,2,5
"11154",5,18,"conf_358",7500,59,0.56308205,2,5
"11155",5,18,"conf_358",250,60,16.8330181505,2,5
"11156",5,18,"conf_358",500,60,15.8559175032,2,5
"11157",5,18,"conf_358",1500,60,7.0950837884,2,5
"11158",5,18,"conf_358",2500,60,5.1339805574,2,5
"11159",5,18,"conf_358",5000,60,2.201486584,2,5
"11160",5,18,"conf_358",7500,60,1.0653541897,2,5
"11161",5,18,"conf_358",250,61,7.1478470505,2,5
"11162",5,18,"conf_358",500,61,7.1478470505,2,5
"11163",5,18,"conf_358",1500,61,3.8644810098,2,5
"11164",5,18,"conf_358",2500,61,3.5246583317,2,5
"11165",5,18,"conf_358",5000,61,1.1478018558,2,5
"11166",5,18,"conf_358",7500,61,0.5665423946,2,5
"11167",5,18,"conf_358",250,62,23.7107021587,2,5
"11168",5,18,"conf_358",500,62,19.1068615152,2,5
"11169",5,18,"conf_358",1500,62,4.4253166562,2,5
"11170",5,18,"conf_358",2500,62,3.8786079057,2,5
"11171",5,18,"conf_358",5000,62,1.6206994384,2,5
"11172",5,18,"conf_358",7500,62,1.1313972051,2,5
"11173",5,18,"conf_358",250,63,19.3413625809,2,5
"11174",5,18,"conf_358",500,63,14.9027933795,2,5
"11175",5,18,"conf_358",1500,63,7.281377218,2,5
"11176",5,18,"conf_358",2500,63,3.6714501593,2,5
"11177",5,18,"conf_358",5000,63,1.7350475868,2,5
"11178",5,18,"conf_358",7500,63,0.8194977857,2,5
"11179",5,18,"conf_358",250,64,18.0667208601,2,5
"11180",5,18,"conf_358",500,64,11.8065723234,2,5
"11181",5,18,"conf_358",1500,64,5.1910548435,2,5
"11182",5,18,"conf_358",2500,64,4.2399387657,2,5
"11183",5,18,"conf_358",5000,64,1.1369820591,2,5
"11184",5,18,"conf_358",7500,64,1.1369820591,2,5
"11185",5,18,"conf_358",250,65,15.5496774268,2,5
"11186",5,18,"conf_358",500,65,10.6759434327,2,5
"11187",5,18,"conf_358",1500,65,6.0337195153,2,5
"11188",5,18,"conf_358",2500,65,4.2143846513,2,5
"11189",5,18,"conf_358",5000,65,1.5917630867,2,5
"11190",5,18,"conf_358",7500,65,0.8895335261,2,5
"11191",5,18,"conf_358",250,66,20.2194542049,2,5
"11192",5,18,"conf_358",500,66,12.9303358325,2,5
"11193",5,18,"conf_358",1500,66,7.5061617481,2,5
"11194",5,18,"conf_358",2500,66,4.2499231801,2,5
"11195",5,18,"conf_358",5000,66,1.571389166,2,5
"11196",5,18,"conf_358",7500,66,0.8747620206,2,5
"11197",5,18,"conf_358",250,67,12.1687770297,2,5
"11198",5,18,"conf_358",500,67,10.6861482786,2,5
"11199",5,18,"conf_358",1500,67,6.6156448367,2,5
"11200",5,18,"conf_358",2500,67,6.1637624259,2,5
"11201",5,18,"conf_358",5000,67,1.4843381845,2,5
"11202",5,18,"conf_358",7500,67,0.8149535014,2,5
"11203",5,18,"conf_358",250,68,15.2411488695,2,5
"11204",5,18,"conf_358",500,68,14.8075259846,2,5
"11205",5,18,"conf_358",1500,68,5.5471732384,2,5
"11206",5,18,"conf_358",2500,68,3.673309895,2,5
"11207",5,18,"conf_358",5000,68,0.7600588623,2,5
"11208",5,18,"conf_358",7500,68,0.4724909216,2,5
"11209",5,18,"conf_358",250,69,8.2533439365,2,5
"11210",5,18,"conf_358",500,69,7.7662620299,2,5
"11211",5,18,"conf_358",1500,69,2.8967720912,2,5
"11212",5,18,"conf_358",2500,69,2.8096805794,2,5
"11213",5,18,"conf_358",5000,69,1.7463179277,2,5
"11214",5,18,"conf_358",7500,69,0.564688001,2,5
"11215",5,18,"conf_358",250,70,20.2212251037,2,5
"11216",5,18,"conf_358",500,70,14.0899400709,2,5
"11217",5,18,"conf_358",1500,70,4.6741902213,2,5
"11218",5,18,"conf_358",2500,70,2.9832786447,2,5
"11219",5,18,"conf_358",5000,70,1.7321040481,2,5
"11220",5,18,"conf_358",7500,70,1.0150511707,2,5
"11221",5,18,"conf_358",250,71,11.4900577705,2,5
"11222",5,18,"conf_358",500,71,11.4900577705,2,5
"11223",5,18,"conf_358",1500,71,8.4897313987,2,5
"11224",5,18,"conf_358",2500,71,4.9050108636,2,5
"11225",5,18,"conf_358",5000,71,3.054355615,2,5
"11226",5,18,"conf_358",7500,71,1.2671369651,2,5
"11227",5,18,"conf_358",250,72,14.9023949617,2,5
"11228",5,18,"conf_358",500,72,14.3971703209,2,5
"11229",5,18,"conf_358",1500,72,7.5523233769,2,5
"11230",5,18,"conf_358",2500,72,3.7478087456,2,5
"11231",5,18,"conf_358",5000,72,2.3787198971,2,5
"11232",5,18,"conf_358",7500,72,1.9123579289,2,5
"11233",5,18,"conf_358",250,73,11.8150223134,2,5
"11234",5,18,"conf_358",500,73,11.8150223134,2,5
"11235",5,18,"conf_358",1500,73,6.0399108531,2,5
"11236",5,18,"conf_358",2500,73,2.5341854323,2,5
"11237",5,18,"conf_358",5000,73,1.1827919654,2,5
"11238",5,18,"conf_358",7500,73,0.2787751852,2,5
"11239",5,18,"conf_358",250,74,12.8756937765,2,5
"11240",5,18,"conf_358",500,74,12.8756937765,2,5
"11241",5,18,"conf_358",1500,74,8.6658556315,2,5
"11242",5,18,"conf_358",2500,74,5.2623207542,2,5
"11243",5,18,"conf_358",5000,74,2.5268210581,2,5
"11244",5,18,"conf_358",7500,74,1.2241720073,2,5
"11245",5,18,"conf_358",250,75,18.520394904,2,5
"11246",5,18,"conf_358",500,75,16.0949064835,2,5
"11247",5,18,"conf_358",1500,75,5.2160611184,2,5
"11248",5,18,"conf_358",2500,75,4.1087043422,2,5
"11249",5,18,"conf_358",5000,75,2.4593751138,2,5
"11250",5,18,"conf_358",7500,75,1.3690960368,2,5
"11251",5,18,"conf_358",250,76,8.712713977,2,5
"11252",5,18,"conf_358",500,76,8.712713977,2,5
"11253",5,18,"conf_358",1500,76,2.1382804021,2,5
"11254",5,18,"conf_358",2500,76,2.1382804021,2,5
"11255",5,18,"conf_358",5000,76,2.1382804021,2,5
"11256",5,18,"conf_358",7500,76,0.7266637657,2,5
"11257",5,18,"conf_358",250,77,6.9378293841,2,5
"11258",5,18,"conf_358",500,77,6.9378293841,2,5
"11259",5,18,"conf_358",1500,77,5.8240294987,2,5
"11260",5,18,"conf_358",2500,77,2.6731007364,2,5
"11261",5,18,"conf_358",5000,77,1.424382785,2,5
"11262",5,18,"conf_358",7500,77,0.6557320243,2,5
"11263",5,18,"conf_358",250,78,4.6045726406,2,5
"11264",5,18,"conf_358",500,78,4.6045726406,2,5
"11265",5,18,"conf_358",1500,78,4.5133310315,2,5
"11266",5,18,"conf_358",2500,78,4.5133310315,2,5
"11267",5,18,"conf_358",5000,78,2.3650963033,2,5
"11268",5,18,"conf_358",7500,78,1.8370366935,2,5
"11269",5,18,"conf_358",250,79,14.0577506579,2,5
"11270",5,18,"conf_358",500,79,12.7294628359,2,5
"11271",5,18,"conf_358",1500,79,6.9732502005,2,5
"11272",5,18,"conf_358",2500,79,4.9406321287,2,5
"11273",5,18,"conf_358",5000,79,2.2919487719,2,5
"11274",5,18,"conf_358",7500,79,0.5208973394,2,5
"11275",5,18,"conf_358",250,80,8.9762343889,2,5
"11276",5,18,"conf_358",500,80,5.6144190614,2,5
"11277",5,18,"conf_358",1500,80,5.6144190614,2,5
"11278",5,18,"conf_358",2500,80,4.0992860672,2,5
"11279",5,18,"conf_358",5000,80,0.5918384425,2,5
"11280",5,18,"conf_358",7500,80,0.5918384425,2,5
"11281",5,18,"conf_358",250,81,16.9931386992,2,5
"11282",5,18,"conf_358",500,81,11.931611427,2,5
"11283",5,18,"conf_358",1500,81,5.2312822265,2,5
"11284",5,18,"conf_358",2500,81,2.8706872764,2,5
"11285",5,18,"conf_358",5000,81,1.0800318677,2,5
"11286",5,18,"conf_358",7500,81,0.8834990785,2,5
"11287",5,18,"conf_358",250,82,19.9392963691,2,5
"11288",5,18,"conf_358",500,82,19.9392963691,2,5
"11289",5,18,"conf_358",1500,82,7.3392985567,2,5
"11290",5,18,"conf_358",2500,82,6.5731989321,2,5
"11291",5,18,"conf_358",5000,82,1.364208192,2,5
"11292",5,18,"conf_358",7500,82,0.5423925681,2,5
"11293",5,18,"conf_358",250,83,15.7745759193,2,5
"11294",5,18,"conf_358",500,83,15.7745759193,2,5
"11295",5,18,"conf_358",1500,83,8.0657595753,2,5
"11296",5,18,"conf_358",2500,83,6.8510985211,2,5
"11297",5,18,"conf_358",5000,83,2.4169223002,2,5
"11298",5,18,"conf_358",7500,83,1.4748047251,2,5
"11299",5,18,"conf_358",250,84,10.0690451828,2,5
"11300",5,18,"conf_358",500,84,7.590311968,2,5
"11301",5,18,"conf_358",1500,84,7.250721006,2,5
"11302",5,18,"conf_358",2500,84,5.7635574077,2,5
"11303",5,18,"conf_358",5000,84,2.8024909102,2,5
"11304",5,18,"conf_358",7500,84,2.2795018872,2,5
"11305",5,18,"conf_358",250,85,13.3343356803,2,5
"11306",5,18,"conf_358",500,85,5.5568527252,2,5
"11307",5,18,"conf_358",1500,85,3.5403684163,2,5
"11308",5,18,"conf_358",2500,85,1.8488734358,2,5
"11309",5,18,"conf_358",5000,85,1.5283388986,2,5
"11310",5,18,"conf_358",7500,85,0.519302239,2,5
"11311",5,18,"conf_358",250,86,11.8957319135,2,5
"11312",5,18,"conf_358",500,86,11.8957319135,2,5
"11313",5,18,"conf_358",1500,86,3.7799459596,2,5
"11314",5,18,"conf_358",2500,86,3.7799459596,2,5
"11315",5,18,"conf_358",5000,86,2.0615271677,2,5
"11316",5,18,"conf_358",7500,86,1.155912954,2,5
"11317",5,18,"conf_358",250,87,14.5699086179,2,5
"11318",5,18,"conf_358",500,87,9.0129850787,2,5
"11319",5,18,"conf_358",1500,87,1.8254272331,2,5
"11320",5,18,"conf_358",2500,87,1.8254272331,2,5
"11321",5,18,"conf_358",5000,87,1.8254272331,2,5
"11322",5,18,"conf_358",7500,87,1.0045222015,2,5
"11323",5,18,"conf_358",250,88,11.6576336765,2,5
"11324",5,18,"conf_358",500,88,11.6576336765,2,5
"11325",5,18,"conf_358",1500,88,8.1901270432,2,5
"11326",5,18,"conf_358",2500,88,2.2583652776,2,5
"11327",5,18,"conf_358",5000,88,2.2583652776,2,5
"11328",5,18,"conf_358",7500,88,0.7560990904,2,5
"11329",5,18,"conf_358",250,89,19.6833218918,2,5
"11330",5,18,"conf_358",500,89,13.3046057961,2,5
"11331",5,18,"conf_358",1500,89,8.4849978581,2,5
"11332",5,18,"conf_358",2500,89,6.7330698325,2,5
"11333",5,18,"conf_358",5000,89,3.776002004,2,5
"11334",5,18,"conf_358",7500,89,2.6605059347,2,5
"11335",5,18,"conf_358",250,90,11.3932343319,2,5
"11336",5,18,"conf_358",500,90,11.3932343319,2,5
"11337",5,18,"conf_358",1500,90,5.7220140473,2,5
"11338",5,18,"conf_358",2500,90,3.2137251408,2,5
"11339",5,18,"conf_358",5000,90,1.9114912364,2,5
"11340",5,18,"conf_358",7500,90,0.91811777,2,5
"11341",5,18,"conf_358",250,91,13.338698162,2,5
"11342",5,18,"conf_358",500,91,7.709730103,2,5
"11343",5,18,"conf_358",1500,91,7.709730103,2,5
"11344",5,18,"conf_358",2500,91,2.8980555124,2,5
"11345",5,18,"conf_358",5000,91,1.8845934764,2,5
"11346",5,18,"conf_358",7500,91,1.1159945472,2,5
"11347",5,18,"conf_358",250,92,15.7918419529,2,5
"11348",5,18,"conf_358",500,92,15.7918419529,2,5
"11349",5,18,"conf_358",1500,92,4.7309243967,2,5
"11350",5,18,"conf_358",2500,92,3.795604624,2,5
"11351",5,18,"conf_358",5000,92,1.6437914677,2,5
"11352",5,18,"conf_358",7500,92,0.8940298719,2,5
"11353",5,18,"conf_358",250,93,14.6500264643,2,5
"11354",5,18,"conf_358",500,93,11.1163648609,2,5
"11355",5,18,"conf_358",1500,93,7.3283543836,2,5
"11356",5,18,"conf_358",2500,93,6.297229109,2,5
"11357",5,18,"conf_358",5000,93,3.1141140068,2,5
"11358",5,18,"conf_358",7500,93,2.1947984915,2,5
"11359",5,18,"conf_358",250,94,11.5573541475,2,5
"11360",5,18,"conf_358",500,94,11.0097713104,2,5
"11361",5,18,"conf_358",1500,94,7.0781642062,2,5
"11362",5,18,"conf_358",2500,94,5.3864364711,2,5
"11363",5,18,"conf_358",5000,94,3.1112561702,2,5
"11364",5,18,"conf_358",7500,94,1.1838252675,2,5
"11365",5,18,"conf_358",250,95,12.8484161683,2,5
"11366",5,18,"conf_358",500,95,8.1483586741,2,5
"11367",5,18,"conf_358",1500,95,1.7972099509,2,5
"11368",5,18,"conf_358",2500,95,1.7972099509,2,5
"11369",5,18,"conf_358",5000,95,1.7972099509,2,5
"11370",5,18,"conf_358",7500,95,0.9546233331,2,5
"11371",5,18,"conf_358",250,96,18.4702336497,2,5
"11372",5,18,"conf_358",500,96,9.8075366271,2,5
"11373",5,18,"conf_358",1500,96,8.5232182253,2,5
"11374",5,18,"conf_358",2500,96,4.9083249384,2,5
"11375",5,18,"conf_358",5000,96,1.2290996785,2,5
"11376",5,18,"conf_358",7500,96,0.6622804769,2,5
"11377",5,18,"conf_358",250,97,11.6378469115,2,5
"11378",5,18,"conf_358",500,97,11.6378469115,2,5
"11379",5,18,"conf_358",1500,97,2.8906590503,2,5
"11380",5,18,"conf_358",2500,97,2.8906590503,2,5
"11381",5,18,"conf_358",5000,97,1.9670037158,2,5
"11382",5,18,"conf_358",7500,97,0.7597335949,2,5
"11383",5,18,"conf_358",250,98,19.9605075571,2,5
"11384",5,18,"conf_358",500,98,8.1316305906,2,5
"11385",5,18,"conf_358",1500,98,7.2337733893,2,5
"11386",5,18,"conf_358",2500,98,4.0380640277,2,5
"11387",5,18,"conf_358",5000,98,3.0321259652,2,5
"11388",5,18,"conf_358",7500,98,1.1212757321,2,5
"11389",5,18,"conf_358",250,99,19.5896972072,2,5
"11390",5,18,"conf_358",500,99,19.5896972072,2,5
"11391",5,18,"conf_358",1500,99,8.0300994353,2,5
"11392",5,18,"conf_358",2500,99,3.4262423629,2,5
"11393",5,18,"conf_358",5000,99,3.0160289032,2,5
"11394",5,18,"conf_358",7500,99,1.1837259945,2,5
"11395",5,18,"conf_358",250,100,12.9905083499,2,5
"11396",5,18,"conf_358",500,100,7.0398420652,2,5
"11397",5,18,"conf_358",1500,100,5.8409429495,2,5
"11398",5,18,"conf_358",2500,100,5.7688757196,2,5
"11399",5,18,"conf_358",5000,100,1.6783533994,2,5
"11400",5,18,"conf_358",7500,100,0.92341893,2,5
"11401",5,18,"conf_358",250,101,8.3337246392,3,5
"11402",5,18,"conf_358",500,101,8.3337246392,3,5
"11403",5,18,"conf_358",1500,101,5.1713617473,3,5
"11404",5,18,"conf_358",2500,101,2.6350146458,3,5
"11405",5,18,"conf_358",5000,101,1.1783054095,3,5
"11406",5,18,"conf_358",7500,101,0.3914502564,3,5
"11407",5,18,"conf_358",250,102,10.2344637554,3,5
"11408",5,18,"conf_358",500,102,10.2344637554,3,5
"11409",5,18,"conf_358",1500,102,7.8184115196,3,5
"11410",5,18,"conf_358",2500,102,4.0013506789,3,5
"11411",5,18,"conf_358",5000,102,1.652760212,3,5
"11412",5,18,"conf_358",7500,102,0.9436200462,3,5
"11413",5,18,"conf_358",250,103,22.8325676252,3,5
"11414",5,18,"conf_358",500,103,13.5379837689,3,5
"11415",5,18,"conf_358",1500,103,7.5993888866,3,5
"11416",5,18,"conf_358",2500,103,4.909894058,3,5
"11417",5,18,"conf_358",5000,103,0.8086082879,3,5
"11418",5,18,"conf_358",7500,103,0.3742178049,3,5
"11419",5,18,"conf_358",250,104,21.2349223013,3,5
"11420",5,18,"conf_358",500,104,8.8668385661,3,5
"11421",5,18,"conf_358",1500,104,4.5865378769,3,5
"11422",5,18,"conf_358",2500,104,4.2917071266,3,5
"11423",5,18,"conf_358",5000,104,0.899819917,3,5
"11424",5,18,"conf_358",7500,104,0.2640844372,3,5
"11425",5,18,"conf_358",250,105,17.1389107137,3,5
"11426",5,18,"conf_358",500,105,8.2111982178,3,5
"11427",5,18,"conf_358",1500,105,6.5016741895,3,5
"11428",5,18,"conf_358",2500,105,5.0912252521,3,5
"11429",5,18,"conf_358",5000,105,1.5674761874,3,5
"11430",5,18,"conf_358",7500,105,0.7254931515,3,5
"11431",5,18,"conf_358",250,106,8.2472956917,3,5
"11432",5,18,"conf_358",500,106,6.0649215068,3,5
"11433",5,18,"conf_358",1500,106,4.2079076486,3,5
"11434",5,18,"conf_358",2500,106,3.0690938019,3,5
"11435",5,18,"conf_358",5000,106,1.3106211504,3,5
"11436",5,18,"conf_358",7500,106,0.6762972817,3,5
"11437",5,18,"conf_358",250,107,17.1632101265,3,5
"11438",5,18,"conf_358",500,107,10.5125160316,3,5
"11439",5,18,"conf_358",1500,107,7.966583772,3,5
"11440",5,18,"conf_358",2500,107,3.6658839974,3,5
"11441",5,18,"conf_358",5000,107,0.9048993349,3,5
"11442",5,18,"conf_358",7500,107,0.7813571334,3,5
"11443",5,18,"conf_358",250,108,8.1007333467,3,5
"11444",5,18,"conf_358",500,108,8.1007333467,3,5
"11445",5,18,"conf_358",1500,108,5.7337189582,3,5
"11446",5,18,"conf_358",2500,108,4.7045537529,3,5
"11447",5,18,"conf_358",5000,108,1.317611456,3,5
"11448",5,18,"conf_358",7500,108,0.8397819052,3,5
"11449",5,18,"conf_358",250,109,18.4353781363,3,5
"11450",5,18,"conf_358",500,109,17.3417746223,3,5
"11451",5,18,"conf_358",1500,109,7.4469929335,3,5
"11452",5,18,"conf_358",2500,109,3.1796491235,3,5
"11453",5,18,"conf_358",5000,109,1.0078920772,3,5
"11454",5,18,"conf_358",7500,109,0.6496174184,3,5
"11455",5,18,"conf_358",250,110,19.9334439906,3,5
"11456",5,18,"conf_358",500,110,13.9828054006,3,5
"11457",5,18,"conf_358",1500,110,7.3025936122,3,5
"11458",5,18,"conf_358",2500,110,4.3344165162,3,5
"11459",5,18,"conf_358",5000,110,1.5962999431,3,5
"11460",5,18,"conf_358",7500,110,0.6265538356,3,5
"11461",5,18,"conf_358",250,111,13.8330815791,3,5
"11462",5,18,"conf_358",500,111,12.5290892512,3,5
"11463",5,18,"conf_358",1500,111,4.8896599841,3,5
"11464",5,18,"conf_358",2500,111,3.7023188451,3,5
"11465",5,18,"conf_358",5000,111,0.6885283113,3,5
"11466",5,18,"conf_358",7500,111,0.6885283113,3,5
"11467",5,18,"conf_358",250,112,8.8689539384,3,5
"11468",5,18,"conf_358",500,112,8.8689539384,3,5
"11469",5,18,"conf_358",1500,112,7.048942982,3,5
"11470",5,18,"conf_358",2500,112,2.9378249674,3,5
"11471",5,18,"conf_358",5000,112,2.0541620694,3,5
"11472",5,18,"conf_358",7500,112,0.6886987737,3,5
"11473",5,18,"conf_358",250,113,14.0735601474,3,5
"11474",5,18,"conf_358",500,113,12.2998884751,3,5
"11475",5,18,"conf_358",1500,113,4.6747199135,3,5
"11476",5,18,"conf_358",2500,113,1.9733482889,3,5
"11477",5,18,"conf_358",5000,113,1.3698700327,3,5
"11478",5,18,"conf_358",7500,113,0.6161385522,3,5
"11479",5,18,"conf_358",250,114,10.3396167396,3,5
"11480",5,18,"conf_358",500,114,10.3396167396,3,5
"11481",5,18,"conf_358",1500,114,6.8299270915,3,5
"11482",5,18,"conf_358",2500,114,2.881065877,3,5
"11483",5,18,"conf_358",5000,114,1.99063185,3,5
"11484",5,18,"conf_358",7500,114,0.6253258185,3,5
"11485",5,18,"conf_358",250,115,18.4214299882,3,5
"11486",5,18,"conf_358",500,115,13.0497763987,3,5
"11487",5,18,"conf_358",1500,115,5.9137417847,3,5
"11488",5,18,"conf_358",2500,115,2.8448936079,3,5
"11489",5,18,"conf_358",5000,115,1.3880185189,3,5
"11490",5,18,"conf_358",7500,115,0.7755761451,3,5
"11491",5,18,"conf_358",250,116,13.7748476959,3,5
"11492",5,18,"conf_358",500,116,13.7748476959,3,5
"11493",5,18,"conf_358",1500,116,5.0431226928,3,5
"11494",5,18,"conf_358",2500,116,3.2193071681,3,5
"11495",5,18,"conf_358",5000,116,1.7884030174,3,5
"11496",5,18,"conf_358",7500,116,0.6519974104,3,5
"11497",5,18,"conf_358",250,117,10.9471389312,3,5
"11498",5,18,"conf_358",500,117,10.9471389312,3,5
"11499",5,18,"conf_358",1500,117,6.6860513799,3,5
"11500",5,18,"conf_358",2500,117,3.9209137815,3,5
"11501",5,18,"conf_358",5000,117,1.7875556665,3,5
"11502",5,18,"conf_358",7500,117,0.6825011346,3,5
"11503",5,18,"conf_358",250,118,18.0765546611,3,5
"11504",5,18,"conf_358",500,118,17.3998373528,3,5
"11505",5,18,"conf_358",1500,118,7.5253460619,3,5
"11506",5,18,"conf_358",2500,118,4.4461558386,3,5
"11507",5,18,"conf_358",5000,118,2.6142962129,3,5
"11508",5,18,"conf_358",7500,118,1.4518739673,3,5
"11509",5,18,"conf_358",250,119,13.7676436769,3,5
"11510",5,18,"conf_358",500,119,5.6586030386,3,5
"11511",5,18,"conf_358",1500,119,5.6433423748,3,5
"11512",5,18,"conf_358",2500,119,3.8320910681,3,5
"11513",5,18,"conf_358",5000,119,0.9876664086,3,5
"11514",5,18,"conf_358",7500,119,0.2510139687,3,5
"11515",5,18,"conf_358",250,120,14.8734777959,3,5
"11516",5,18,"conf_358",500,120,10.3054035747,3,5
"11517",5,18,"conf_358",1500,120,4.8609896683,3,5
"11518",5,18,"conf_358",2500,120,1.9186839223,3,5
"11519",5,18,"conf_358",5000,120,1.187023974,3,5
"11520",5,18,"conf_358",7500,120,1.0425183046,3,5
"11521",5,18,"conf_358",250,121,11.0931988408,3,5
"11522",5,18,"conf_358",500,121,10.9169149372,3,5
"11523",5,18,"conf_358",1500,121,5.8941632505,3,5
"11524",5,18,"conf_358",2500,121,3.3856766748,3,5
"11525",5,18,"conf_358",5000,121,1.7353577633,3,5
"11526",5,18,"conf_358",7500,121,1.1003689748,3,5
"11527",5,18,"conf_358",250,122,3.4991424924,3,5
"11528",5,18,"conf_358",500,122,3.4991424924,3,5
"11529",5,18,"conf_358",1500,122,3.4991424924,3,5
"11530",5,18,"conf_358",2500,122,2.7675093012,3,5
"11531",5,18,"conf_358",5000,122,2.7675093012,3,5
"11532",5,18,"conf_358",7500,122,1.6049308174,3,5
"11533",5,18,"conf_358",250,123,14.4838701357,3,5
"11534",5,18,"conf_358",500,123,10.9860721724,3,5
"11535",5,18,"conf_358",1500,123,5.1835008296,3,5
"11536",5,18,"conf_358",2500,123,3.1690882719,3,5
"11537",5,18,"conf_358",5000,123,1.2715898667,3,5
"11538",5,18,"conf_358",7500,123,0.6887396684,3,5
"11539",5,18,"conf_358",250,124,19.2534118974,3,5
"11540",5,18,"conf_358",500,124,13.5595368346,3,5
"11541",5,18,"conf_358",1500,124,9.1060610195,3,5
"11542",5,18,"conf_358",2500,124,4.2221891612,3,5
"11543",5,18,"conf_358",5000,124,1.8203489142,3,5
"11544",5,18,"conf_358",7500,124,0.7444244711,3,5
"11545",5,18,"conf_358",250,125,10.6127182487,3,5
"11546",5,18,"conf_358",500,125,10.6127182487,3,5
"11547",5,18,"conf_358",1500,125,5.717852929,3,5
"11548",5,18,"conf_358",2500,125,4.2049339092,3,5
"11549",5,18,"conf_358",5000,125,1.7264917898,3,5
"11550",5,18,"conf_358",7500,125,0.7297643131,3,5
"11551",5,18,"conf_358",250,126,7.2034108489,3,5
"11552",5,18,"conf_358",500,126,7.2034108489,3,5
"11553",5,18,"conf_358",1500,126,5.6305644818,3,5
"11554",5,18,"conf_358",2500,126,2.0775160796,3,5
"11555",5,18,"conf_358",5000,126,1.2369899925,3,5
"11556",5,18,"conf_358",7500,126,0.3893614345,3,5
"11557",5,18,"conf_358",250,127,14.2015306556,3,5
"11558",5,18,"conf_358",500,127,10.8906824377,3,5
"11559",5,18,"conf_358",1500,127,6.4197154058,3,5
"11560",5,18,"conf_358",2500,127,2.5159640574,3,5
"11561",5,18,"conf_358",5000,127,1.1975911332,3,5
"11562",5,18,"conf_358",7500,127,0.5756183257,3,5
"11563",5,18,"conf_358",250,128,16.0775035519,3,5
"11564",5,18,"conf_358",500,128,8.6272603086,3,5
"11565",5,18,"conf_358",1500,128,7.9413740604,3,5
"11566",5,18,"conf_358",2500,128,4.0978223922,3,5
"11567",5,18,"conf_358",5000,128,0.8524879698,3,5
"11568",5,18,"conf_358",7500,128,0.5808650348,3,5
"11569",5,18,"conf_358",250,129,6.3679696997,3,5
"11570",5,18,"conf_358",500,129,6.3679696997,3,5
"11571",5,18,"conf_358",1500,129,5.6839089201,3,5
"11572",5,18,"conf_358",2500,129,2.7700538826,3,5
"11573",5,18,"conf_358",5000,129,1.1535624441,3,5
"11574",5,18,"conf_358",7500,129,0.4103387374,3,5
"11575",5,18,"conf_358",250,130,10.3165077948,3,5
"11576",5,18,"conf_358",500,130,10.3165077948,3,5
"11577",5,18,"conf_358",1500,130,4.3944497539,3,5
"11578",5,18,"conf_358",2500,130,3.3506568898,3,5
"11579",5,18,"conf_358",5000,130,1.135823222,3,5
"11580",5,18,"conf_358",7500,130,0.5087421875,3,5
"11581",5,18,"conf_358",250,131,9.3584306926,3,5
"11582",5,18,"conf_358",500,131,8.9164024944,3,5
"11583",5,18,"conf_358",1500,131,4.1996228845,3,5
"11584",5,18,"conf_358",2500,131,3.0604503063,3,5
"11585",5,18,"conf_358",5000,131,0.9397812337,3,5
"11586",5,18,"conf_358",7500,131,0.4889308899,3,5
"11587",5,18,"conf_358",250,132,11.80524915,3,5
"11588",5,18,"conf_358",500,132,8.6051302805,3,5
"11589",5,18,"conf_358",1500,132,5.6268295894,3,5
"11590",5,18,"conf_358",2500,132,2.4722657514,3,5
"11591",5,18,"conf_358",5000,132,1.3722103826,3,5
"11592",5,18,"conf_358",7500,132,0.8238593555,3,5
"11593",5,18,"conf_358",250,133,14.1958667224,3,5
"11594",5,18,"conf_358",500,133,13.4918346858,3,5
"11595",5,18,"conf_358",1500,133,4.1930941299,3,5
"11596",5,18,"conf_358",2500,133,4.1660559417,3,5
"11597",5,18,"conf_358",5000,133,1.0465055925,3,5
"11598",5,18,"conf_358",7500,133,0.6889884115,3,5
"11599",5,18,"conf_358",250,134,11.0167249359,3,5
"11600",5,18,"conf_358",500,134,11.0167249359,3,5
"11601",5,18,"conf_358",1500,134,3.7795192476,3,5
"11602",5,18,"conf_358",2500,134,3.6917408887,3,5
"11603",5,18,"conf_358",5000,134,1.5090045728,3,5
"11604",5,18,"conf_358",7500,134,0.5183685843,3,5
"11605",5,18,"conf_358",250,135,20.8991670034,3,5
"11606",5,18,"conf_358",500,135,10.2656522624,3,5
"11607",5,18,"conf_358",1500,135,7.0105181781,3,5
"11608",5,18,"conf_358",2500,135,2.9595869761,3,5
"11609",5,18,"conf_358",5000,135,1.608155654,3,5
"11610",5,18,"conf_358",7500,135,0.6604416722,3,5
"11611",5,18,"conf_358",250,136,14.2324320348,3,5
"11612",5,18,"conf_358",500,136,13.6894455595,3,5
"11613",5,18,"conf_358",1500,136,4.5862969652,3,5
"11614",5,18,"conf_358",2500,136,3.6567257084,3,5
"11615",5,18,"conf_358",5000,136,1.9100347324,3,5
"11616",5,18,"conf_358",7500,136,0.6365888228,3,5
"11617",5,18,"conf_358",250,137,16.0008868273,3,5
"11618",5,18,"conf_358",500,137,14.5091572075,3,5
"11619",5,18,"conf_358",1500,137,6.4967074766,3,5
"11620",5,18,"conf_358",2500,137,3.3841837549,3,5
"11621",5,18,"conf_358",5000,137,1.2030448536,3,5
"11622",5,18,"conf_358",7500,137,0.4154395832,3,5
"11623",5,18,"conf_358",250,138,15.4696000191,3,5
"11624",5,18,"conf_358",500,138,9.9141162848,3,5
"11625",5,18,"conf_358",1500,138,8.46853942,3,5
"11626",5,18,"conf_358",2500,138,3.7293211922,3,5
"11627",5,18,"conf_358",5000,138,1.3289347463,3,5
"11628",5,18,"conf_358",7500,138,0.7958937747,3,5
"11629",5,18,"conf_358",250,139,13.6733820853,3,5
"11630",5,18,"conf_358",500,139,7.4304330911,3,5
"11631",5,18,"conf_358",1500,139,6.2948473515,3,5
"11632",5,18,"conf_358",2500,139,4.5562416281,3,5
"11633",5,18,"conf_358",5000,139,0.4012064209,3,5
"11634",5,18,"conf_358",7500,139,0.351270514,3,5
"11635",5,18,"conf_358",250,140,13.8411552429,3,5
"11636",5,18,"conf_358",500,140,13.0390455427,3,5
"11637",5,18,"conf_358",1500,140,5.7608405859,3,5
"11638",5,18,"conf_358",2500,140,4.5001301873,3,5
"11639",5,18,"conf_358",5000,140,1.6269449867,3,5
"11640",5,18,"conf_358",7500,140,0.7976389076,3,5
"11641",5,18,"conf_358",250,141,17.6887998682,3,5
"11642",5,18,"conf_358",500,141,10.1059661115,3,5
"11643",5,18,"conf_358",1500,141,4.6694797214,3,5
"11644",5,18,"conf_358",2500,141,4.6694797214,3,5
"11645",5,18,"conf_358",5000,141,1.5520242157,3,5
"11646",5,18,"conf_358",7500,141,0.7721322676,3,5
"11647",5,18,"conf_358",250,142,18.6642627516,3,5
"11648",5,18,"conf_358",500,142,18.6405973639,3,5
"11649",5,18,"conf_358",1500,142,6.017453082,3,5
"11650",5,18,"conf_358",2500,142,5.9735068763,3,5
"11651",5,18,"conf_358",5000,142,1.2740414044,3,5
"11652",5,18,"conf_358",7500,142,0.6821291019,3,5
"11653",5,18,"conf_358",250,143,10.2071442077,3,5
"11654",5,18,"conf_358",500,143,9.5220287695,3,5
"11655",5,18,"conf_358",1500,143,7.7941753299,3,5
"11656",5,18,"conf_358",2500,143,4.5997916647,3,5
"11657",5,18,"conf_358",5000,143,1.5719227202,3,5
"11658",5,18,"conf_358",7500,143,0.3770197009,3,5
"11659",5,18,"conf_358",250,144,19.0206554192,3,5
"11660",5,18,"conf_358",500,144,6.3916115521,3,5
"11661",5,18,"conf_358",1500,144,3.7572054494,3,5
"11662",5,18,"conf_358",2500,144,2.8282243676,3,5
"11663",5,18,"conf_358",5000,144,0.8879267146,3,5
"11664",5,18,"conf_358",7500,144,0.4773283932,3,5
"11665",5,18,"conf_358",250,145,11.1595684282,3,5
"11666",5,18,"conf_358",500,145,8.0100724788,3,5
"11667",5,18,"conf_358",1500,145,4.4379653448,3,5
"11668",5,18,"conf_358",2500,145,4.4379653448,3,5
"11669",5,18,"conf_358",5000,145,1.4159830978,3,5
"11670",5,18,"conf_358",7500,145,0.2896337676,3,5
"11671",5,18,"conf_358",250,146,13.0286066241,3,5
"11672",5,18,"conf_358",500,146,13.0286066241,3,5
"11673",5,18,"conf_358",1500,146,3.6927125857,3,5
"11674",5,18,"conf_358",2500,146,3.6927125857,3,5
"11675",5,18,"conf_358",5000,146,0.7958843356,3,5
"11676",5,18,"conf_358",7500,146,0.5859003952,3,5
"11677",5,18,"conf_358",250,147,6.2113611276,3,5
"11678",5,18,"conf_358",500,147,6.2113611276,3,5
"11679",5,18,"conf_358",1500,147,4.8500829956,3,5
"11680",5,18,"conf_358",2500,147,3.905588874,3,5
"11681",5,18,"conf_358",5000,147,1.4687495844,3,5
"11682",5,18,"conf_358",7500,147,0.7019877491,3,5
"11683",5,18,"conf_358",250,148,16.8471112671,3,5
"11684",5,18,"conf_358",500,148,11.65453942,3,5
"11685",5,18,"conf_358",1500,148,2.896246331,3,5
"11686",5,18,"conf_358",2500,148,2.896246331,3,5
"11687",5,18,"conf_358",5000,148,1.4214150498,3,5
"11688",5,18,"conf_358",7500,148,0.5077034395,3,5
"11689",5,18,"conf_358",250,149,5.646112699,3,5
"11690",5,18,"conf_358",500,149,5.646112699,3,5
"11691",5,18,"conf_358",1500,149,2.5737916966,3,5
"11692",5,18,"conf_358",2500,149,1.7410136507,3,5
"11693",5,18,"conf_358",5000,149,0.8769365906,3,5
"11694",5,18,"conf_358",7500,149,0.5146912872,3,5
"11695",5,18,"conf_358",250,150,11.7877915542,3,5
"11696",5,18,"conf_358",500,150,6.4500664704,3,5
"11697",5,18,"conf_358",1500,150,4.0445473065,3,5
"11698",5,18,"conf_358",2500,150,4.0156612914,3,5
"11699",5,18,"conf_358",5000,150,1.8295655712,3,5
"11700",5,18,"conf_358",7500,150,0.5021692092,3,5
"11701",5,18,"conf_358",250,151,10.391876868,4,5
"11702",5,18,"conf_358",500,151,10.391876868,4,5
"11703",5,18,"conf_358",1500,151,4.7016508439,4,5
"11704",5,18,"conf_358",2500,151,1.2588636168,4,5
"11705",5,18,"conf_358",5000,151,0.8856777576,4,5
"11706",5,18,"conf_358",7500,151,0.4851024816,4,5
"11707",5,18,"conf_358",250,152,5.3470317462,4,5
"11708",5,18,"conf_358",500,152,5.3470317462,4,5
"11709",5,18,"conf_358",1500,152,3.8153037454,4,5
"11710",5,18,"conf_358",2500,152,2.2339358136,4,5
"11711",5,18,"conf_358",5000,152,2.0523094445,4,5
"11712",5,18,"conf_358",7500,152,0.7509855874,4,5
"11713",5,18,"conf_358",250,153,12.1930350285,4,5
"11714",5,18,"conf_358",500,153,10.0818641773,4,5
"11715",5,18,"conf_358",1500,153,7.3428755532,4,5
"11716",5,18,"conf_358",2500,153,3.8974926571,4,5
"11717",5,18,"conf_358",5000,153,1.7294411611,4,5
"11718",5,18,"conf_358",7500,153,0.9584006928,4,5
"11719",5,18,"conf_358",250,154,17.3253813779,4,5
"11720",5,18,"conf_358",500,154,10.6147393267,4,5
"11721",5,18,"conf_358",1500,154,2.5498141754,4,5
"11722",5,18,"conf_358",2500,154,2.5498141754,4,5
"11723",5,18,"conf_358",5000,154,1.1057431881,4,5
"11724",5,18,"conf_358",7500,154,0.4488657686,4,5
"11725",5,18,"conf_358",250,155,13.510437281,4,5
"11726",5,18,"conf_358",500,155,13.510437281,4,5
"11727",5,18,"conf_358",1500,155,4.3149151831,4,5
"11728",5,18,"conf_358",2500,155,3.1086255686,4,5
"11729",5,18,"conf_358",5000,155,1.013154389,4,5
"11730",5,18,"conf_358",7500,155,0.4579950808,4,5
"11731",5,18,"conf_358",250,156,11.7550717554,4,5
"11732",5,18,"conf_358",500,156,8.3002521049,4,5
"11733",5,18,"conf_358",1500,156,4.8234820304,4,5
"11734",5,18,"conf_358",2500,156,2.5032148961,4,5
"11735",5,18,"conf_358",5000,156,1.9403378524,4,5
"11736",5,18,"conf_358",7500,156,0.447691912,4,5
"11737",5,18,"conf_358",250,157,12.5572112413,4,5
"11738",5,18,"conf_358",500,157,5.1450830841,4,5
"11739",5,18,"conf_358",1500,157,3.0044197878,4,5
"11740",5,18,"conf_358",2500,157,2.2420908487,4,5
"11741",5,18,"conf_358",5000,157,1.2656058428,4,5
"11742",5,18,"conf_358",7500,157,0.6946989944,4,5
"11743",5,18,"conf_358",250,158,14.8557990637,4,5
"11744",5,18,"conf_358",500,158,12.1502301061,4,5
"11745",5,18,"conf_358",1500,158,5.4522569222,4,5
"11746",5,18,"conf_358",2500,158,2.9117245264,4,5
"11747",5,18,"conf_358",5000,158,1.0672007805,4,5
"11748",5,18,"conf_358",7500,158,0.4555569059,4,5
"11749",5,18,"conf_358",250,159,13.79370661,4,5
"11750",5,18,"conf_358",500,159,10.2830263516,4,5
"11751",5,18,"conf_358",1500,159,6.2933492199,4,5
"11752",5,18,"conf_358",2500,159,2.2872216679,4,5
"11753",5,18,"conf_358",5000,159,1.6069905881,4,5
"11754",5,18,"conf_358",7500,159,0.5241357569,4,5
"11755",5,18,"conf_358",250,160,14.1968158092,4,5
"11756",5,18,"conf_358",500,160,8.0050991308,4,5
"11757",5,18,"conf_358",1500,160,4.2824287811,4,5
"11758",5,18,"conf_358",2500,160,3.2168609023,4,5
"11759",5,18,"conf_358",5000,160,2.1419761941,4,5
"11760",5,18,"conf_358",7500,160,1.4063252011,4,5
"11761",5,18,"conf_358",250,161,11.0339298407,4,5
"11762",5,18,"conf_358",500,161,8.6729355508,4,5
"11763",5,18,"conf_358",1500,161,4.8914960023,4,5
"11764",5,18,"conf_358",2500,161,2.5381021563,4,5
"11765",5,18,"conf_358",5000,161,1.1899245793,4,5
"11766",5,18,"conf_358",7500,161,0.8862572553,4,5
"11767",5,18,"conf_358",250,162,17.2998017758,4,5
"11768",5,18,"conf_358",500,162,13.7444920418,4,5
"11769",5,18,"conf_358",1500,162,3.468803198,4,5
"11770",5,18,"conf_358",2500,162,2.3786909532,4,5
"11771",5,18,"conf_358",5000,162,1.1441871938,4,5
"11772",5,18,"conf_358",7500,162,0.7628434329,4,5
"11773",5,18,"conf_358",250,163,15.271565245,4,5
"11774",5,18,"conf_358",500,163,12.6093237088,4,5
"11775",5,18,"conf_358",1500,163,4.5121898155,4,5
"11776",5,18,"conf_358",2500,163,3.4537661986,4,5
"11777",5,18,"conf_358",5000,163,2.00818911,4,5
"11778",5,18,"conf_358",7500,163,0.4751566591,4,5
"11779",5,18,"conf_358",250,164,20.0903322806,4,5
"11780",5,18,"conf_358",500,164,9.3464329211,4,5
"11781",5,18,"conf_358",1500,164,3.7390889156,4,5
"11782",5,18,"conf_358",2500,164,3.073165003,4,5
"11783",5,18,"conf_358",5000,164,1.1050459568,4,5
"11784",5,18,"conf_358",7500,164,0.7760873768,4,5
"11785",5,18,"conf_358",250,165,7.0922598545,4,5
"11786",5,18,"conf_358",500,165,7.0922598545,4,5
"11787",5,18,"conf_358",1500,165,4.9858301314,4,5
"11788",5,18,"conf_358",2500,165,1.9892944645,4,5
"11789",5,18,"conf_358",5000,165,1.3469702987,4,5
"11790",5,18,"conf_358",7500,165,0.5328398866,4,5
"11791",5,18,"conf_358",250,166,7.8062098021,4,5
"11792",5,18,"conf_358",500,166,7.8062098021,4,5
"11793",5,18,"conf_358",1500,166,2.8168177353,4,5
"11794",5,18,"conf_358",2500,166,2.8168177353,4,5
"11795",5,18,"conf_358",5000,166,1.2995548281,4,5
"11796",5,18,"conf_358",7500,166,0.5923560084,4,5
"11797",5,18,"conf_358",250,167,15.4055492337,4,5
"11798",5,18,"conf_358",500,167,15.0242335738,4,5
"11799",5,18,"conf_358",1500,167,6.5332327157,4,5
"11800",5,18,"conf_358",2500,167,4.3429524244,4,5
"11801",5,18,"conf_358",5000,167,1.224627177,4,5
"11802",5,18,"conf_358",7500,167,0.6144105726,4,5
"11803",5,18,"conf_358",250,168,16.8165095254,4,5
"11804",5,18,"conf_358",500,168,16.7063002356,4,5
"11805",5,18,"conf_358",1500,168,7.4721168007,4,5
"11806",5,18,"conf_358",2500,168,2.1750473392,4,5
"11807",5,18,"conf_358",5000,168,1.6389914667,4,5
"11808",5,18,"conf_358",7500,168,0.483743118,4,5
"11809",5,18,"conf_358",250,169,10.734444253,4,5
"11810",5,18,"conf_358",500,169,9.5585300503,4,5
"11811",5,18,"conf_358",1500,169,5.4935774357,4,5
"11812",5,18,"conf_358",2500,169,4.2424506834,4,5
"11813",5,18,"conf_358",5000,169,1.0629602147,4,5
"11814",5,18,"conf_358",7500,169,0.5261721276,4,5
"11815",5,18,"conf_358",250,170,14.5377422907,4,5
"11816",5,18,"conf_358",500,170,14.5377422907,4,5
"11817",5,18,"conf_358",1500,170,6.2391173296,4,5
"11818",5,18,"conf_358",2500,170,6.0673605188,4,5
"11819",5,18,"conf_358",5000,170,1.8812303126,4,5
"11820",5,18,"conf_358",7500,170,0.9031474239,4,5
"11821",5,18,"conf_358",250,171,17.8034011666,4,5
"11822",5,18,"conf_358",500,171,8.1977245045,4,5
"11823",5,18,"conf_358",1500,171,7.0238433457,4,5
"11824",5,18,"conf_358",2500,171,3.6635698812,4,5
"11825",5,18,"conf_358",5000,171,1.7247434187,4,5
"11826",5,18,"conf_358",7500,171,1.1672674756,4,5
"11827",5,18,"conf_358",250,172,11.3099724034,4,5
"11828",5,18,"conf_358",500,172,6.535362031,4,5
"11829",5,18,"conf_358",1500,172,4.1248494056,4,5
"11830",5,18,"conf_358",2500,172,3.6800036029,4,5
"11831",5,18,"conf_358",5000,172,0.921589042,4,5
"11832",5,18,"conf_358",7500,172,0.4305364717,4,5
"11833",5,18,"conf_358",250,173,16.2229534903,4,5
"11834",5,18,"conf_358",500,173,11.7753353355,4,5
"11835",5,18,"conf_358",1500,173,2.6945837898,4,5
"11836",5,18,"conf_358",2500,173,2.5463486662,4,5
"11837",5,18,"conf_358",5000,173,0.8764740933,4,5
"11838",5,18,"conf_358",7500,173,0.6327994128,4,5
"11839",5,18,"conf_358",250,174,21.9746521521,4,5
"11840",5,18,"conf_358",500,174,11.962216908,4,5
"11841",5,18,"conf_358",1500,174,6.0306037294,4,5
"11842",5,18,"conf_358",2500,174,3.5703540865,4,5
"11843",5,18,"conf_358",5000,174,1.3540952789,4,5
"11844",5,18,"conf_358",7500,174,0.9064395368,4,5
"11845",5,18,"conf_358",250,175,16.9588825153,4,5
"11846",5,18,"conf_358",500,175,7.5662970334,4,5
"11847",5,18,"conf_358",1500,175,5.7859958612,4,5
"11848",5,18,"conf_358",2500,175,2.4553251257,4,5
"11849",5,18,"conf_358",5000,175,2.0688890279,4,5
"11850",5,18,"conf_358",7500,175,1.0121215058,4,5
"11851",5,18,"conf_358",250,176,20.6251504965,4,5
"11852",5,18,"conf_358",500,176,12.0395305507,4,5
"11853",5,18,"conf_358",1500,176,3.5771716967,4,5
"11854",5,18,"conf_358",2500,176,1.942885204,4,5
"11855",5,18,"conf_358",5000,176,0.9318340332,4,5
"11856",5,18,"conf_358",7500,176,0.6547512522,4,5
"11857",5,18,"conf_358",250,177,11.8463791293,4,5
"11858",5,18,"conf_358",500,177,5.5711574041,4,5
"11859",5,18,"conf_358",1500,177,4.5833460973,4,5
"11860",5,18,"conf_358",2500,177,1.2248834517,4,5
"11861",5,18,"conf_358",5000,177,0.6872502348,4,5
"11862",5,18,"conf_358",7500,177,0.4112741111,4,5
"11863",5,18,"conf_358",250,178,16.8636843852,4,5
"11864",5,18,"conf_358",500,178,9.0798622331,4,5
"11865",5,18,"conf_358",1500,178,2.0150064201,4,5
"11866",5,18,"conf_358",2500,178,2.0150064201,4,5
"11867",5,18,"conf_358",5000,178,0.7331819723,4,5
"11868",5,18,"conf_358",7500,178,0.7215522199,4,5
"11869",5,18,"conf_358",250,179,15.3082230279,4,5
"11870",5,18,"conf_358",500,179,13.330442779,4,5
"11871",5,18,"conf_358",1500,179,6.6337649432,4,5
"11872",5,18,"conf_358",2500,179,1.6065498684,4,5
"11873",5,18,"conf_358",5000,179,1.3995236035,4,5
"11874",5,18,"conf_358",7500,179,0.6324382438,4,5
"11875",5,18,"conf_358",250,180,17.2714189502,4,5
"11876",5,18,"conf_358",500,180,11.6036110616,4,5
"11877",5,18,"conf_358",1500,180,5.7043727304,4,5
"11878",5,18,"conf_358",2500,180,2.9303890484,4,5
"11879",5,18,"conf_358",5000,180,1.1443324441,4,5
"11880",5,18,"conf_358",7500,180,0.8757491201,4,5
"11881",5,18,"conf_358",250,181,13.956765311,4,5
"11882",5,18,"conf_358",500,181,7.4605188223,4,5
"11883",5,18,"conf_358",1500,181,6.8947219449,4,5
"11884",5,18,"conf_358",2500,181,4.0033387561,4,5
"11885",5,18,"conf_358",5000,181,1.8541625403,4,5
"11886",5,18,"conf_358",7500,181,0.6459666323,4,5
"11887",5,18,"conf_358",250,182,8.721219937,4,5
"11888",5,18,"conf_358",500,182,8.6083151092,4,5
"11889",5,18,"conf_358",1500,182,6.3869454868,4,5
"11890",5,18,"conf_358",2500,182,1.8841168774,4,5
"11891",5,18,"conf_358",5000,182,1.4759200596,4,5
"11892",5,18,"conf_358",7500,182,0.2860049611,4,5
"11893",5,18,"conf_358",250,183,14.0764955621,4,5
"11894",5,18,"conf_358",500,183,11.5799624933,4,5
"11895",5,18,"conf_358",1500,183,2.9397571711,4,5
"11896",5,18,"conf_358",2500,183,2.9397571711,4,5
"11897",5,18,"conf_358",5000,183,0.7948731012,4,5
"11898",5,18,"conf_358",7500,183,0.5311715449,4,5
"11899",5,18,"conf_358",250,184,20.1257494102,4,5
"11900",5,18,"conf_358",500,184,17.3357088986,4,5
"11901",5,18,"conf_358",1500,184,6.1598626872,4,5
"11902",5,18,"conf_358",2500,184,4.4705737584,4,5
"11903",5,18,"conf_358",5000,184,1.4801013872,4,5
"11904",5,18,"conf_358",7500,184,1.0718467726,4,5
"11905",5,18,"conf_358",250,185,16.3505976497,4,5
"11906",5,18,"conf_358",500,185,10.4869586176,4,5
"11907",5,18,"conf_358",1500,185,3.0035785303,4,5
"11908",5,18,"conf_358",2500,185,2.9532224573,4,5
"11909",5,18,"conf_358",5000,185,0.77943592,4,5
"11910",5,18,"conf_358",7500,185,0.5060754169,4,5
"11911",5,18,"conf_358",250,186,15.1698556511,4,5
"11912",5,18,"conf_358",500,186,14.0300929034,4,5
"11913",5,18,"conf_358",1500,186,6.9198132182,4,5
"11914",5,18,"conf_358",2500,186,2.715128783,4,5
"11915",5,18,"conf_358",5000,186,1.0298510246,4,5
"11916",5,18,"conf_358",7500,186,0.8189965401,4,5
"11917",5,18,"conf_358",250,187,14.6679115475,4,5
"11918",5,18,"conf_358",500,187,13.9908603382,4,5
"11919",5,18,"conf_358",1500,187,6.2687123947,4,5
"11920",5,18,"conf_358",2500,187,2.475046771,4,5
"11921",5,18,"conf_358",5000,187,1.1667365819,4,5
"11922",5,18,"conf_358",7500,187,1.1667365819,4,5
"11923",5,18,"conf_358",250,188,21.0384182366,4,5
"11924",5,18,"conf_358",500,188,9.3094759201,4,5
"11925",5,18,"conf_358",1500,188,5.2753220306,4,5
"11926",5,18,"conf_358",2500,188,3.1312553564,4,5
"11927",5,18,"conf_358",5000,188,1.3829032737,4,5
"11928",5,18,"conf_358",7500,188,0.8961038403,4,5
"11929",5,18,"conf_358",250,189,21.3727718773,4,5
"11930",5,18,"conf_358",500,189,10.8750014802,4,5
"11931",5,18,"conf_358",1500,189,5.3258469034,4,5
"11932",5,18,"conf_358",2500,189,1.3075574848,4,5
"11933",5,18,"conf_358",5000,189,1.1632777286,4,5
"11934",5,18,"conf_358",7500,189,0.9634516088,4,5
"11935",5,18,"conf_358",250,190,18.5934337946,4,5
"11936",5,18,"conf_358",500,190,12.3947171095,4,5
"11937",5,18,"conf_358",1500,190,3.0461597435,4,5
"11938",5,18,"conf_358",2500,190,2.7941098271,4,5
"11939",5,18,"conf_358",5000,190,1.6184700656,4,5
"11940",5,18,"conf_358",7500,190,0.7103958823,4,5
"11941",5,18,"conf_358",250,191,19.6687600478,4,5
"11942",5,18,"conf_358",500,191,11.7282546589,4,5
"11943",5,18,"conf_358",1500,191,5.8982431968,4,5
"11944",5,18,"conf_358",2500,191,1.7451367518,4,5
"11945",5,18,"conf_358",5000,191,0.7740808991,4,5
"11946",5,18,"conf_358",7500,191,0.5563433954,4,5
"11947",5,18,"conf_358",250,192,14.1147304126,4,5
"11948",5,18,"conf_358",500,192,10.4082778967,4,5
"11949",5,18,"conf_358",1500,192,7.4041451312,4,5
"11950",5,18,"conf_358",2500,192,5.0224639199,4,5
"11951",5,18,"conf_358",5000,192,1.522002364,4,5
"11952",5,18,"conf_358",7500,192,0.5654455502,4,5
"11953",5,18,"conf_358",250,193,17.2847078413,4,5
"11954",5,18,"conf_358",500,193,17.2847078413,4,5
"11955",5,18,"conf_358",1500,193,5.5437531115,4,5
"11956",5,18,"conf_358",2500,193,2.1315028044,4,5
"11957",5,18,"conf_358",5000,193,1.2464299678,4,5
"11958",5,18,"conf_358",7500,193,0.5709502553,4,5
"11959",5,18,"conf_358",250,194,10.3387866044,4,5
"11960",5,18,"conf_358",500,194,10.3387866044,4,5
"11961",5,18,"conf_358",1500,194,2.7456230769,4,5
"11962",5,18,"conf_358",2500,194,2.7456230769,4,5
"11963",5,18,"conf_358",5000,194,1.3878173541,4,5
"11964",5,18,"conf_358",7500,194,0.8421181599,4,5
"11965",5,18,"conf_358",250,195,10.7213106882,4,5
"11966",5,18,"conf_358",500,195,7.7227230622,4,5
"11967",5,18,"conf_358",1500,195,4.8249064683,4,5
"11968",5,18,"conf_358",2500,195,3.6859071239,4,5
"11969",5,18,"conf_358",5000,195,1.5751243131,4,5
"11970",5,18,"conf_358",7500,195,0.7012196751,4,5
"11971",5,18,"conf_358",250,196,13.1681599001,4,5
"11972",5,18,"conf_358",500,196,9.1868679476,4,5
"11973",5,18,"conf_358",1500,196,6.762289319,4,5
"11974",5,18,"conf_358",2500,196,3.6141624027,4,5
"11975",5,18,"conf_358",5000,196,1.5989896536,4,5
"11976",5,18,"conf_358",7500,196,1.0407600644,4,5
"11977",5,18,"conf_358",250,197,16.8265923356,4,5
"11978",5,18,"conf_358",500,197,6.4260133242,4,5
"11979",5,18,"conf_358",1500,197,4.0875891013,4,5
"11980",5,18,"conf_358",2500,197,1.8736256441,4,5
"11981",5,18,"conf_358",5000,197,1.1672151867,4,5
"11982",5,18,"conf_358",7500,197,0.5520602312,4,5
"11983",5,18,"conf_358",250,198,10.678348101,4,5
"11984",5,18,"conf_358",500,198,10.678348101,4,5
"11985",5,18,"conf_358",1500,198,2.6737207722,4,5
"11986",5,18,"conf_358",2500,198,1.7681985904,4,5
"11987",5,18,"conf_358",5000,198,1.207142711,4,5
"11988",5,18,"conf_358",7500,198,0.6184560737,4,5
"11989",5,18,"conf_358",250,199,18.1771580915,4,5
"11990",5,18,"conf_358",500,199,11.1572591469,4,5
"11991",5,18,"conf_358",1500,199,3.9632446273,4,5
"11992",5,18,"conf_358",2500,199,2.5930489347,4,5
"11993",5,18,"conf_358",5000,199,1.007203967,4,5
"11994",5,18,"conf_358",7500,199,0.6223215414,4,5
"11995",5,18,"conf_358",250,200,16.8226158895,4,5
"11996",5,18,"conf_358",500,200,5.4376605516,4,5
"11997",5,18,"conf_358",1500,200,3.6616738811,4,5
"11998",5,18,"conf_358",2500,200,3.6616738811,4,5
"11999",5,18,"conf_358",5000,200,1.1906419189,4,5
"12000",5,18,"conf_358",7500,200,0.7361180015,4,5
"12001",5,19,"conf_358",250,1,5.3732927392,4,5
"12002",5,19,"conf_358",500,1,4.3930697778,4,5
"12003",5,19,"conf_358",1500,1,2.388486995,4,5
"12004",5,19,"conf_358",2500,1,1.972183408,4,5
"12005",5,19,"conf_358",5000,1,1.8826937575,4,5
"12006",5,19,"conf_358",7500,1,1.5161049854,4,5
"12007",5,19,"conf_358",250,2,7.5708166503,4,5
"12008",5,19,"conf_358",500,2,3.4080423504,4,5
"12009",5,19,"conf_358",1500,2,3.0417894427,4,5
"12010",5,19,"conf_358",2500,2,1.6428966576,4,5
"12011",5,19,"conf_358",5000,2,1.6428966576,4,5
"12012",5,19,"conf_358",7500,2,1.6428966576,4,5
"12013",5,19,"conf_358",250,3,5.0212951082,4,5
"12014",5,19,"conf_358",500,3,1.750600662,4,5
"12015",5,19,"conf_358",1500,3,1.1915347488,4,5
"12016",5,19,"conf_358",2500,3,1.1915347488,4,5
"12017",5,19,"conf_358",5000,3,1.1915347488,4,5
"12018",5,19,"conf_358",7500,3,0.238100652,4,5
"12019",5,19,"conf_358",250,4,7.4448405839,4,5
"12020",5,19,"conf_358",500,4,4.9104322808,4,5
"12021",5,19,"conf_358",1500,4,3.1158977298,4,5
"12022",5,19,"conf_358",2500,4,1.2921423431,4,5
"12023",5,19,"conf_358",5000,4,1.0173137713,4,5
"12024",5,19,"conf_358",7500,4,0.8808633054,4,5
"12025",5,19,"conf_358",250,5,5.5438768143,4,5
"12026",5,19,"conf_358",500,5,2.8686803975,4,5
"12027",5,19,"conf_358",1500,5,2.1067870019,4,5
"12028",5,19,"conf_358",2500,5,2.1067870019,4,5
"12029",5,19,"conf_358",5000,5,0.5296929988,4,5
"12030",5,19,"conf_358",7500,5,0.5296929988,4,5
"12031",5,19,"conf_358",250,6,2.7296933105,4,5
"12032",5,19,"conf_358",500,6,2.7296933105,4,5
"12033",5,19,"conf_358",1500,6,2.3439146453,4,5
"12034",5,19,"conf_358",2500,6,2.3439146453,4,5
"12035",5,19,"conf_358",5000,6,1.1777027062,4,5
"12036",5,19,"conf_358",7500,6,1.1777027062,4,5
"12037",5,19,"conf_358",250,7,6.1409198833,4,5
"12038",5,19,"conf_358",500,7,2.408878153,4,5
"12039",5,19,"conf_358",1500,7,0.9315263391,4,5
"12040",5,19,"conf_358",2500,7,0.9315263391,4,5
"12041",5,19,"conf_358",5000,7,0.9315263391,4,5
"12042",5,19,"conf_358",7500,7,0.9315263391,4,5
"12043",5,19,"conf_358",250,8,5.0283278699,4,5
"12044",5,19,"conf_358",500,8,5.0283278699,4,5
"12045",5,19,"conf_358",1500,8,1.508029563,4,5
"12046",5,19,"conf_358",2500,8,1.508029563,4,5
"12047",5,19,"conf_358",5000,8,1.508029563,4,5
"12048",5,19,"conf_358",7500,8,1.1724325393,4,5
"12049",5,19,"conf_358",250,9,5.4590572503,4,5
"12050",5,19,"conf_358",500,9,3.1359719469,4,5
"12051",5,19,"conf_358",1500,9,3.1242728216,4,5
"12052",5,19,"conf_358",2500,9,2.2934429914,4,5
"12053",5,19,"conf_358",5000,9,1.1355199844,4,5
"12054",5,19,"conf_358",7500,9,1.1355199844,4,5
"12055",5,19,"conf_358",250,10,4.8146406529,4,5
"12056",5,19,"conf_358",500,10,4.7751282292,4,5
"12057",5,19,"conf_358",1500,10,3.9327111329,4,5
"12058",5,19,"conf_358",2500,10,1.3074599854,4,5
"12059",5,19,"conf_358",5000,10,1.3074599854,4,5
"12060",5,19,"conf_358",7500,10,0.9545056718,4,5
"12061",5,19,"conf_358",250,11,5.4293680665,4,5
"12062",5,19,"conf_358",500,11,5.4293680665,4,5
"12063",5,19,"conf_358",1500,11,3.0860250697,4,5
"12064",5,19,"conf_358",2500,11,1.454705243,4,5
"12065",5,19,"conf_358",5000,11,1.2540796677,4,5
"12066",5,19,"conf_358",7500,11,0.9310942841,4,5
"12067",5,19,"conf_358",250,12,5.1307013299,4,5
"12068",5,19,"conf_358",500,12,0.993057942,4,5
"12069",5,19,"conf_358",1500,12,0.993057942,4,5
"12070",5,19,"conf_358",2500,12,0.993057942,4,5
"12071",5,19,"conf_358",5000,12,0.9381475532,4,5
"12072",5,19,"conf_358",7500,12,0.9381475532,4,5
"12073",5,19,"conf_358",250,13,3.6984739658,4,5
"12074",5,19,"conf_358",500,13,3.1565495083,4,5
"12075",5,19,"conf_358",1500,13,2.2550779992,4,5
"12076",5,19,"conf_358",2500,13,2.2550779992,4,5
"12077",5,19,"conf_358",5000,13,1.3298794749,4,5
"12078",5,19,"conf_358",7500,13,1.3298794749,4,5
"12079",5,19,"conf_358",250,14,6.1676968711,4,5
"12080",5,19,"conf_358",500,14,1.8240928353,4,5
"12081",5,19,"conf_358",1500,14,1.8240928353,4,5
"12082",5,19,"conf_358",2500,14,1.8240928353,4,5
"12083",5,19,"conf_358",5000,14,1.0842920388,4,5
"12084",5,19,"conf_358",7500,14,0.8200814557,4,5
"12085",5,19,"conf_358",250,15,6.8514414863,4,5
"12086",5,19,"conf_358",500,15,4.9198313152,4,5
"12087",5,19,"conf_358",1500,15,3.2105866017,4,5
"12088",5,19,"conf_358",2500,15,3.2105866017,4,5
"12089",5,19,"conf_358",5000,15,0.9311427088,4,5
"12090",5,19,"conf_358",7500,15,0.9311427088,4,5
"12091",5,19,"conf_358",250,16,7.1096986888,4,5
"12092",5,19,"conf_358",500,16,6.3270691452,4,5
"12093",5,19,"conf_358",1500,16,2.0812191903,4,5
"12094",5,19,"conf_358",2500,16,2.0812191903,4,5
"12095",5,19,"conf_358",5000,16,1.6624255818,4,5
"12096",5,19,"conf_358",7500,16,1.406966461,4,5
"12097",5,19,"conf_358",250,17,5.5745638533,4,5
"12098",5,19,"conf_358",500,17,5.2247515225,4,5
"12099",5,19,"conf_358",1500,17,1.8456845446,4,5
"12100",5,19,"conf_358",2500,17,1.8456845446,4,5
"12101",5,19,"conf_358",5000,17,1.8456845446,4,5
"12102",5,19,"conf_358",7500,17,1.6141235847,4,5
"12103",5,19,"conf_358",250,18,5.9002242794,4,5
"12104",5,19,"conf_358",500,18,5.9002242794,4,5
"12105",5,19,"conf_358",1500,18,3.4670804218,4,5
"12106",5,19,"conf_358",2500,18,2.9950462595,4,5
"12107",5,19,"conf_358",5000,18,1.8330457238,4,5
"12108",5,19,"conf_358",7500,18,1.8040371685,4,5
"12109",5,19,"conf_358",250,19,5.2674112631,4,5
"12110",5,19,"conf_358",500,19,2.4433894202,4,5
"12111",5,19,"conf_358",1500,19,2.4433894202,4,5
"12112",5,19,"conf_358",2500,19,2.2737706644,4,5
"12113",5,19,"conf_358",5000,19,0.9753195732,4,5
"12114",5,19,"conf_358",7500,19,0.9753195732,4,5
"12115",5,19,"conf_358",250,20,6.9452685901,4,5
"12116",5,19,"conf_358",500,20,5.7118376149,4,5
"12117",5,19,"conf_358",1500,20,3.2528611616,4,5
"12118",5,19,"conf_358",2500,20,2.5247179149,4,5
"12119",5,19,"conf_358",5000,20,1.3459931618,4,5
"12120",5,19,"conf_358",7500,20,0.5556455136,4,5
"12121",5,19,"conf_358",250,21,6.463033103,4,5
"12122",5,19,"conf_358",500,21,5.9847380355,4,5
"12123",5,19,"conf_358",1500,21,1.5751496462,4,5
"12124",5,19,"conf_358",2500,21,1.5751496462,4,5
"12125",5,19,"conf_358",5000,21,1.5751496462,4,5
"12126",5,19,"conf_358",7500,21,0.9796702376,4,5
"12127",5,19,"conf_358",250,22,5.4095224193,4,5
"12128",5,19,"conf_358",500,22,4.2302508704,4,5
"12129",5,19,"conf_358",1500,22,2.8377044192,4,5
"12130",5,19,"conf_358",2500,22,2.1952470005,4,5
"12131",5,19,"conf_358",5000,22,1.1893357091,4,5
"12132",5,19,"conf_358",7500,22,0.6787245944,4,5
"12133",5,19,"conf_358",250,23,7.195583238,4,5
"12134",5,19,"conf_358",500,23,4.9226403627,4,5
"12135",5,19,"conf_358",1500,23,0.9024615251,4,5
"12136",5,19,"conf_358",2500,23,0.9024615251,4,5
"12137",5,19,"conf_358",5000,23,0.9024615251,4,5
"12138",5,19,"conf_358",7500,23,0.9024615251,4,5
"12139",5,19,"conf_358",250,24,5.9329199264,4,5
"12140",5,19,"conf_358",500,24,4.329245359,4,5
"12141",5,19,"conf_358",1500,24,3.5959765478,4,5
"12142",5,19,"conf_358",2500,24,1.7623937353,4,5
"12143",5,19,"conf_358",5000,24,1.7131649231,4,5
"12144",5,19,"conf_358",7500,24,1.1091314363,4,5
"12145",5,19,"conf_358",250,25,5.1426652581,4,5
"12146",5,19,"conf_358",500,25,5.0855301264,4,5
"12147",5,19,"conf_358",1500,25,2.0992776869,4,5
"12148",5,19,"conf_358",2500,25,0.8012659276,4,5
"12149",5,19,"conf_358",5000,25,0.5977272217,4,5
"12150",5,19,"conf_358",7500,25,0.5977272217,4,5
"12151",5,19,"conf_358",250,26,5.8160656696,4,5
"12152",5,19,"conf_358",500,26,4.0221378738,4,5
"12153",5,19,"conf_358",1500,26,2.0480043379,4,5
"12154",5,19,"conf_358",2500,26,1.2507803812,4,5
"12155",5,19,"conf_358",5000,26,1.2332332207,4,5
"12156",5,19,"conf_358",7500,26,0.9021052492,4,5
"12157",5,19,"conf_358",250,27,6.4313947385,4,5
"12158",5,19,"conf_358",500,27,5.0033998279,4,5
"12159",5,19,"conf_358",1500,27,3.217163204,4,5
"12160",5,19,"conf_358",2500,27,2.1483381049,4,5
"12161",5,19,"conf_358",5000,27,1.7139051926,4,5
"12162",5,19,"conf_358",7500,27,0.8100278655,4,5
"12163",5,19,"conf_358",250,28,5.7910033827,4,5
"12164",5,19,"conf_358",500,28,5.4091379604,4,5
"12165",5,19,"conf_358",1500,28,1.9140721612,4,5
"12166",5,19,"conf_358",2500,28,1.9140721612,4,5
"12167",5,19,"conf_358",5000,28,1.7851243058,4,5
"12168",5,19,"conf_358",7500,28,1.0356922995,4,5
"12169",5,19,"conf_358",250,29,4.6924581858,4,5
"12170",5,19,"conf_358",500,29,4.1584640161,4,5
"12171",5,19,"conf_358",1500,29,2.3029724854,4,5
"12172",5,19,"conf_358",2500,29,1.9272958543,4,5
"12173",5,19,"conf_358",5000,29,1.241597955,4,5
"12174",5,19,"conf_358",7500,29,0.5921359812,4,5
"12175",5,19,"conf_358",250,30,2.7331326309,4,5
"12176",5,19,"conf_358",500,30,2.7331326309,4,5
"12177",5,19,"conf_358",1500,30,1.4295129515,4,5
"12178",5,19,"conf_358",2500,30,1.1251738567,4,5
"12179",5,19,"conf_358",5000,30,1.1251738567,4,5
"12180",5,19,"conf_358",7500,30,1.1251738567,4,5
"12181",5,19,"conf_358",250,31,6.9992446758,4,5
"12182",5,19,"conf_358",500,31,4.3157666412,4,5
"12183",5,19,"conf_358",1500,31,2.1952441404,4,5
"12184",5,19,"conf_358",2500,31,1.5101600677,4,5
"12185",5,19,"conf_358",5000,31,1.1743713732,4,5
"12186",5,19,"conf_358",7500,31,1.0195187515,4,5
"12187",5,19,"conf_358",250,32,3.2667507311,4,5
"12188",5,19,"conf_358",500,32,3.2667507311,4,5
"12189",5,19,"conf_358",1500,32,1.2452598145,4,5
"12190",5,19,"conf_358",2500,32,1.2452598145,4,5
"12191",5,19,"conf_358",5000,32,1.0879547752,4,5
"12192",5,19,"conf_358",7500,32,1.0879547752,4,5
"12193",5,19,"conf_358",250,33,4.0606572953,4,5
"12194",5,19,"conf_358",500,33,3.5665731767,4,5
"12195",5,19,"conf_358",1500,33,2.1644227955,4,5
"12196",5,19,"conf_358",2500,33,1.6720367401,4,5
"12197",5,19,"conf_358",5000,33,0.9876639365,4,5
"12198",5,19,"conf_358",7500,33,0.9876639365,4,5
"12199",5,19,"conf_358",250,34,5.8087826536,4,5
"12200",5,19,"conf_358",500,34,4.415757564,4,5
"12201",5,19,"conf_358",1500,34,2.1208788942,4,5
"12202",5,19,"conf_358",2500,34,2.1208788942,4,5
"12203",5,19,"conf_358",5000,34,2.1208788942,4,5
"12204",5,19,"conf_358",7500,34,2.1208788942,4,5
"12205",5,19,"conf_358",250,35,1.6181887944,4,5
"12206",5,19,"conf_358",500,35,1.6181887944,4,5
"12207",5,19,"conf_358",1500,35,1.6181887944,4,5
"12208",5,19,"conf_358",2500,35,1.6181887944,4,5
"12209",5,19,"conf_358",5000,35,1.1224741427,4,5
"12210",5,19,"conf_358",7500,35,1.1224741427,4,5
"12211",5,19,"conf_358",250,36,6.2017177319,4,5
"12212",5,19,"conf_358",500,36,3.1644098291,4,5
"12213",5,19,"conf_358",1500,36,1.8619657747,4,5
"12214",5,19,"conf_358",2500,36,1.1252820598,4,5
"12215",5,19,"conf_358",5000,36,1.1252820598,4,5
"12216",5,19,"conf_358",7500,36,1.1252820598,4,5
"12217",5,19,"conf_358",250,37,6.2460238254,4,5
"12218",5,19,"conf_358",500,37,4.5183048981,4,5
"12219",5,19,"conf_358",1500,37,2.0739084802,4,5
"12220",5,19,"conf_358",2500,37,2.0739084802,4,5
"12221",5,19,"conf_358",5000,37,0.639684,4,5
"12222",5,19,"conf_358",7500,37,0.639684,4,5
"12223",5,19,"conf_358",250,38,7.5752225216,4,5
"12224",5,19,"conf_358",500,38,4.8491438277,4,5
"12225",5,19,"conf_358",1500,38,1.5913147988,4,5
"12226",5,19,"conf_358",2500,38,1.5913147988,4,5
"12227",5,19,"conf_358",5000,38,1.0234680163,4,5
"12228",5,19,"conf_358",7500,38,1.0234680163,4,5
"12229",5,19,"conf_358",250,39,3.2392041275,4,5
"12230",5,19,"conf_358",500,39,3.2392041275,4,5
"12231",5,19,"conf_358",1500,39,2.6689797093,4,5
"12232",5,19,"conf_358",2500,39,1.7390437374,4,5
"12233",5,19,"conf_358",5000,39,1.2374894331,4,5
"12234",5,19,"conf_358",7500,39,0.9584156963,4,5
"12235",5,19,"conf_358",250,40,3.329899959,4,5
"12236",5,19,"conf_358",500,40,3.329899959,4,5
"12237",5,19,"conf_358",1500,40,2.4870824345,4,5
"12238",5,19,"conf_358",2500,40,0.702812094,4,5
"12239",5,19,"conf_358",5000,40,0.702812094,4,5
"12240",5,19,"conf_358",7500,40,0.702812094,4,5
"12241",5,19,"conf_358",250,41,4.6856938162,4,5
"12242",5,19,"conf_358",500,41,4.6856938162,4,5
"12243",5,19,"conf_358",1500,41,3.9920129731,4,5
"12244",5,19,"conf_358",2500,41,0.9573805392,4,5
"12245",5,19,"conf_358",5000,41,0.9573805392,4,5
"12246",5,19,"conf_358",7500,41,0.9573805392,4,5
"12247",5,19,"conf_358",250,42,5.3121491264,4,5
"12248",5,19,"conf_358",500,42,5.3121491264,4,5
"12249",5,19,"conf_358",1500,42,3.6020911822,4,5
"12250",5,19,"conf_358",2500,42,2.3488934985,4,5
"12251",5,19,"conf_358",5000,42,1.5000097204,4,5
"12252",5,19,"conf_358",7500,42,1.0388937486,4,5
"12253",5,19,"conf_358",250,43,3.5288226529,4,5
"12254",5,19,"conf_358",500,43,3.5288226529,4,5
"12255",5,19,"conf_358",1500,43,1.9623005896,4,5
"12256",5,19,"conf_358",2500,43,1.9623005896,4,5
"12257",5,19,"conf_358",5000,43,1.1114429361,4,5
"12258",5,19,"conf_358",7500,43,0.6587301957,4,5
"12259",5,19,"conf_358",250,44,3.3057976239,4,5
"12260",5,19,"conf_358",500,44,3.3057976239,4,5
"12261",5,19,"conf_358",1500,44,1.1285440751,4,5
"12262",5,19,"conf_358",2500,44,1.1285440751,4,5
"12263",5,19,"conf_358",5000,44,0.903062116,4,5
"12264",5,19,"conf_358",7500,44,0.4755723427,4,5
"12265",5,19,"conf_358",250,45,2.9396468561,4,5
"12266",5,19,"conf_358",500,45,2.9396468561,4,5
"12267",5,19,"conf_358",1500,45,2.9396468561,4,5
"12268",5,19,"conf_358",2500,45,2.2866066338,4,5
"12269",5,19,"conf_358",5000,45,1.3240748689,4,5
"12270",5,19,"conf_358",7500,45,1.1071197513,4,5
"12271",5,19,"conf_358",250,46,4.1021047045,4,5
"12272",5,19,"conf_358",500,46,3.2918599378,4,5
"12273",5,19,"conf_358",1500,46,0.8361554234,4,5
"12274",5,19,"conf_358",2500,46,0.8361554234,4,5
"12275",5,19,"conf_358",5000,46,0.8361554234,4,5
"12276",5,19,"conf_358",7500,46,0.5708121078,4,5
"12277",5,19,"conf_358",250,47,6.280599585,4,5
"12278",5,19,"conf_358",500,47,5.2937974876,4,5
"12279",5,19,"conf_358",1500,47,1.7513882675,4,5
"12280",5,19,"conf_358",2500,47,1.7513882675,4,5
"12281",5,19,"conf_358",5000,47,1.7513882675,4,5
"12282",5,19,"conf_358",7500,47,1.1936399331,4,5
"12283",5,19,"conf_358",250,48,5.259754026,4,5
"12284",5,19,"conf_358",500,48,5.259754026,4,5
"12285",5,19,"conf_358",1500,48,1.871580086,4,5
"12286",5,19,"conf_358",2500,48,1.7374480658,4,5
"12287",5,19,"conf_358",5000,48,1.008764906,4,5
"12288",5,19,"conf_358",7500,48,1.008764906,4,5
"12289",5,19,"conf_358",250,49,3.919500709,4,5
"12290",5,19,"conf_358",500,49,3.5278311864,4,5
"12291",5,19,"conf_358",1500,49,1.6530447498,4,5
"12292",5,19,"conf_358",2500,49,1.6530447498,4,5
"12293",5,19,"conf_358",5000,49,0.4660061883,4,5
"12294",5,19,"conf_358",7500,49,0.4660061883,4,5
"12295",5,19,"conf_358",250,50,3.4669863142,4,5
"12296",5,19,"conf_358",500,50,3.4669863142,4,5
"12297",5,19,"conf_358",1500,50,1.6030942558,4,5
"12298",5,19,"conf_358",2500,50,0.5189974883,4,5
"12299",5,19,"conf_358",5000,50,0.5189974883,4,5
"12300",5,19,"conf_358",7500,50,0.5189974883,4,5
"12301",5,19,"conf_358",250,51,6.7430728718,1,5
"12302",5,19,"conf_358",500,51,3.0990550086,1,5
"12303",5,19,"conf_358",1500,51,2.9133220897,1,5
"12304",5,19,"conf_358",2500,51,1.5533273066,1,5
"12305",5,19,"conf_358",5000,51,1.5325159051,1,5
"12306",5,19,"conf_358",7500,51,1.1643719898,1,5
"12307",5,19,"conf_358",250,52,3.96416569,1,5
"12308",5,19,"conf_358",500,52,3.96416569,1,5
"12309",5,19,"conf_358",1500,52,3.8907998218,1,5
"12310",5,19,"conf_358",2500,52,1.7525740395,1,5
"12311",5,19,"conf_358",5000,52,1.7330832295,1,5
"12312",5,19,"conf_358",7500,52,1.3961330594,1,5
"12313",5,19,"conf_358",250,53,5.6037586114,1,5
"12314",5,19,"conf_358",500,53,3.5219173179,1,5
"12315",5,19,"conf_358",1500,53,3.1856921861,1,5
"12316",5,19,"conf_358",2500,53,3.1723981561,1,5
"12317",5,19,"conf_358",5000,53,0.957590086,1,5
"12318",5,19,"conf_358",7500,53,0.957590086,1,5
"12319",5,19,"conf_358",250,54,4.4538376668,1,5
"12320",5,19,"conf_358",500,54,4.4538376668,1,5
"12321",5,19,"conf_358",1500,54,1.6450401072,1,5
"12322",5,19,"conf_358",2500,54,1.6450401072,1,5
"12323",5,19,"conf_358",5000,54,0.2115060798,1,5
"12324",5,19,"conf_358",7500,54,0.2115060798,1,5
"12325",5,19,"conf_358",250,55,2.6139922014,1,5
"12326",5,19,"conf_358",500,55,2.6139922014,1,5
"12327",5,19,"conf_358",1500,55,2.104763467,1,5
"12328",5,19,"conf_358",2500,55,2.104763467,1,5
"12329",5,19,"conf_358",5000,55,1.8528473154,1,5
"12330",5,19,"conf_358",7500,55,0.5510968472,1,5
"12331",5,19,"conf_358",250,56,4.4949046631,1,5
"12332",5,19,"conf_358",500,56,4.4949046631,1,5
"12333",5,19,"conf_358",1500,56,2.2188441269,1,5
"12334",5,19,"conf_358",2500,56,2.1089181354,1,5
"12335",5,19,"conf_358",5000,56,1.3580016256,1,5
"12336",5,19,"conf_358",7500,56,0.4106638481,1,5
"12337",5,19,"conf_358",250,57,1.4267190245,1,5
"12338",5,19,"conf_358",500,57,1.4267190245,1,5
"12339",5,19,"conf_358",1500,57,1.4267190245,1,5
"12340",5,19,"conf_358",2500,57,1.4267190245,1,5
"12341",5,19,"conf_358",5000,57,1.0597207343,1,5
"12342",5,19,"conf_358",7500,57,0.4141291305,1,5
"12343",5,19,"conf_358",250,58,6.5496546793,1,5
"12344",5,19,"conf_358",500,58,3.3180520584,1,5
"12345",5,19,"conf_358",1500,58,2.3728279286,1,5
"12346",5,19,"conf_358",2500,58,2.1937534408,1,5
"12347",5,19,"conf_358",5000,58,1.4491476521,1,5
"12348",5,19,"conf_358",7500,58,0.9943631169,1,5
"12349",5,19,"conf_358",250,59,6.5512604447,1,5
"12350",5,19,"conf_358",500,59,6.0029578551,1,5
"12351",5,19,"conf_358",1500,59,1.2117108456,1,5
"12352",5,19,"conf_358",2500,59,1.2117108456,1,5
"12353",5,19,"conf_358",5000,59,0.5715507002,1,5
"12354",5,19,"conf_358",7500,59,0.5715507002,1,5
"12355",5,19,"conf_358",250,60,5.0815252722,1,5
"12356",5,19,"conf_358",500,60,5.0815252722,1,5
"12357",5,19,"conf_358",1500,60,0.9522786837,1,5
"12358",5,19,"conf_358",2500,60,0.9522786837,1,5
"12359",5,19,"conf_358",5000,60,0.9522786837,1,5
"12360",5,19,"conf_358",7500,60,0.9522786837,1,5
"12361",5,19,"conf_358",250,61,5.1388403395,1,5
"12362",5,19,"conf_358",500,61,4.3368595491,1,5
"12363",5,19,"conf_358",1500,61,3.4397416852,1,5
"12364",5,19,"conf_358",2500,61,2.4680075389,1,5
"12365",5,19,"conf_358",5000,61,1.2765490082,1,5
"12366",5,19,"conf_358",7500,61,1.2765490082,1,5
"12367",5,19,"conf_358",250,62,1.1206948321,1,5
"12368",5,19,"conf_358",500,62,1.1206948321,1,5
"12369",5,19,"conf_358",1500,62,1.1206948321,1,5
"12370",5,19,"conf_358",2500,62,1.1206948321,1,5
"12371",5,19,"conf_358",5000,62,0.9069750915,1,5
"12372",5,19,"conf_358",7500,62,0.9069750915,1,5
"12373",5,19,"conf_358",250,63,4.6389825799,1,5
"12374",5,19,"conf_358",500,63,4.6389825799,1,5
"12375",5,19,"conf_358",1500,63,2.7331098869,1,5
"12376",5,19,"conf_358",2500,63,1.2728259895,1,5
"12377",5,19,"conf_358",5000,63,0.9999640673,1,5
"12378",5,19,"conf_358",7500,63,0.9999640673,1,5
"12379",5,19,"conf_358",250,64,2.6586993207,1,5
"12380",5,19,"conf_358",500,64,0.9230011346,1,5
"12381",5,19,"conf_358",1500,64,0.9230011346,1,5
"12382",5,19,"conf_358",2500,64,0.9230011346,1,5
"12383",5,19,"conf_358",5000,64,0.9230011346,1,5
"12384",5,19,"conf_358",7500,64,0.9230011346,1,5
"12385",5,19,"conf_358",250,65,3.8547387718,1,5
"12386",5,19,"conf_358",500,65,3.8547387718,1,5
"12387",5,19,"conf_358",1500,65,3.330249594,1,5
"12388",5,19,"conf_358",2500,65,1.2416428009,1,5
"12389",5,19,"conf_358",5000,65,1.2416428009,1,5
"12390",5,19,"conf_358",7500,65,0.5953258027,1,5
"12391",5,19,"conf_358",250,66,4.9158561004,1,5
"12392",5,19,"conf_358",500,66,4.9158561004,1,5
"12393",5,19,"conf_358",1500,66,1.8293874782,1,5
"12394",5,19,"conf_358",2500,66,1.8293874782,1,5
"12395",5,19,"conf_358",5000,66,0.4237116456,1,5
"12396",5,19,"conf_358",7500,66,0.4237116456,1,5
"12397",5,19,"conf_358",250,67,8.39744529,1,5
"12398",5,19,"conf_358",500,67,2.8600277369,1,5
"12399",5,19,"conf_358",1500,67,1.6257174079,1,5
"12400",5,19,"conf_358",2500,67,0.9674892951,1,5
"12401",5,19,"conf_358",5000,67,0.9674892951,1,5
"12402",5,19,"conf_358",7500,67,0.9674892951,1,5
"12403",5,19,"conf_358",250,68,6.7206736424,1,5
"12404",5,19,"conf_358",500,68,4.3187006994,1,5
"12405",5,19,"conf_358",1500,68,3.3122812604,1,5
"12406",5,19,"conf_358",2500,68,1.582015518,1,5
"12407",5,19,"conf_358",5000,68,1.582015518,1,5
"12408",5,19,"conf_358",7500,68,1.2442166379,1,5
"12409",5,19,"conf_358",250,69,8.3247421581,1,5
"12410",5,19,"conf_358",500,69,6.4655073706,1,5
"12411",5,19,"conf_358",1500,69,2.6052328059,1,5
"12412",5,19,"conf_358",2500,69,1.9216621048,1,5
"12413",5,19,"conf_358",5000,69,1.094275463,1,5
"12414",5,19,"conf_358",7500,69,1.0855477487,1,5
"12415",5,19,"conf_358",250,70,8.5755341558,1,5
"12416",5,19,"conf_358",500,70,8.2263949025,1,5
"12417",5,19,"conf_358",1500,70,3.5239875357,1,5
"12418",5,19,"conf_358",2500,70,2.6400263892,1,5
"12419",5,19,"conf_358",5000,70,1.7655401048,1,5
"12420",5,19,"conf_358",7500,70,0.9814727398,1,5
"12421",5,19,"conf_358",250,71,6.1928456701,1,5
"12422",5,19,"conf_358",500,71,6.1928456701,1,5
"12423",5,19,"conf_358",1500,71,2.0745196613,1,5
"12424",5,19,"conf_358",2500,71,1.1010525288,1,5
"12425",5,19,"conf_358",5000,71,0.6654214627,1,5
"12426",5,19,"conf_358",7500,71,0.6654214627,1,5
"12427",5,19,"conf_358",250,72,3.3182052358,1,5
"12428",5,19,"conf_358",500,72,2.521717479,1,5
"12429",5,19,"conf_358",1500,72,2.2030734674,1,5
"12430",5,19,"conf_358",2500,72,0.8742708769,1,5
"12431",5,19,"conf_358",5000,72,0.8742708769,1,5
"12432",5,19,"conf_358",7500,72,0.8742708769,1,5
"12433",5,19,"conf_358",250,73,6.7834138226,1,5
"12434",5,19,"conf_358",500,73,5.9968864577,1,5
"12435",5,19,"conf_358",1500,73,1.5351507476,1,5
"12436",5,19,"conf_358",2500,73,1.5351507476,1,5
"12437",5,19,"conf_358",5000,73,1.5351507476,1,5
"12438",5,19,"conf_358",7500,73,1.4564954438,1,5
"12439",5,19,"conf_358",250,74,6.4948091838,1,5
"12440",5,19,"conf_358",500,74,5.3791924718,1,5
"12441",5,19,"conf_358",1500,74,2.9528356059,1,5
"12442",5,19,"conf_358",2500,74,2.9528356059,1,5
"12443",5,19,"conf_358",5000,74,1.2988447992,1,5
"12444",5,19,"conf_358",7500,74,0.4630774359,1,5
"12445",5,19,"conf_358",250,75,1.5928609128,1,5
"12446",5,19,"conf_358",500,75,1.5928609128,1,5
"12447",5,19,"conf_358",1500,75,1.1560575765,1,5
"12448",5,19,"conf_358",2500,75,1.1560575765,1,5
"12449",5,19,"conf_358",5000,75,1.1560575765,1,5
"12450",5,19,"conf_358",7500,75,0.547783582,1,5
"12451",5,19,"conf_358",250,76,9.2420375993,1,5
"12452",5,19,"conf_358",500,76,9.1339741061,1,5
"12453",5,19,"conf_358",1500,76,2.6669927183,1,5
"12454",5,19,"conf_358",2500,76,2.6669927183,1,5
"12455",5,19,"conf_358",5000,76,0.7110123267,1,5
"12456",5,19,"conf_358",7500,76,0.7071120988,1,5
"12457",5,19,"conf_358",250,77,6.6112354934,1,5
"12458",5,19,"conf_358",500,77,2.971940873,1,5
"12459",5,19,"conf_358",1500,77,2.7874548801,1,5
"12460",5,19,"conf_358",2500,77,1.6172394192,1,5
"12461",5,19,"conf_358",5000,77,0.4451275741,1,5
"12462",5,19,"conf_358",7500,77,0.4451275741,1,5
"12463",5,19,"conf_358",250,78,4.6371565263,1,5
"12464",5,19,"conf_358",500,78,3.8625406453,1,5
"12465",5,19,"conf_358",1500,78,1.2361536018,1,5
"12466",5,19,"conf_358",2500,78,1.2361536018,1,5
"12467",5,19,"conf_358",5000,78,1.2361536018,1,5
"12468",5,19,"conf_358",7500,78,1.0663501565,1,5
"12469",5,19,"conf_358",250,79,3.1190567505,1,5
"12470",5,19,"conf_358",500,79,3.1190567505,1,5
"12471",5,19,"conf_358",1500,79,2.8210263448,1,5
"12472",5,19,"conf_358",2500,79,2.6094439057,1,5
"12473",5,19,"conf_358",5000,79,1.5791390712,1,5
"12474",5,19,"conf_358",7500,79,0.8903180645,1,5
"12475",5,19,"conf_358",250,80,5.478756733,1,5
"12476",5,19,"conf_358",500,80,3.1924849662,1,5
"12477",5,19,"conf_358",1500,80,3.082493574,1,5
"12478",5,19,"conf_358",2500,80,2.1331061551,1,5
"12479",5,19,"conf_358",5000,80,1.1926157594,1,5
"12480",5,19,"conf_358",7500,80,1.1926157594,1,5
"12481",5,19,"conf_358",250,81,6.6259572124,1,5
"12482",5,19,"conf_358",500,81,1.0952323164,1,5
"12483",5,19,"conf_358",1500,81,1.0952323164,1,5
"12484",5,19,"conf_358",2500,81,1.0952323164,1,5
"12485",5,19,"conf_358",5000,81,1.0497203674,1,5
"12486",5,19,"conf_358",7500,81,1.0497203674,1,5
"12487",5,19,"conf_358",250,82,5.7239069489,1,5
"12488",5,19,"conf_358",500,82,5.3133034739,1,5
"12489",5,19,"conf_358",1500,82,2.7006895745,1,5
"12490",5,19,"conf_358",2500,82,2.0759287712,1,5
"12491",5,19,"conf_358",5000,82,1.7809875971,1,5
"12492",5,19,"conf_358",7500,82,0.4911570119,1,5
"12493",5,19,"conf_358",250,83,5.4157161397,1,5
"12494",5,19,"conf_358",500,83,5.3276397966,1,5
"12495",5,19,"conf_358",1500,83,1.8789329266,1,5
"12496",5,19,"conf_358",2500,83,1.8789329266,1,5
"12497",5,19,"conf_358",5000,83,1.8752599295,1,5
"12498",5,19,"conf_358",7500,83,0.8849003043,1,5
"12499",5,19,"conf_358",250,84,6.2405889324,1,5
"12500",5,19,"conf_358",500,84,3.9653064975,1,5
"12501",5,19,"conf_358",1500,84,1.5865602051,1,5
"12502",5,19,"conf_358",2500,84,1.5865602051,1,5
"12503",5,19,"conf_358",5000,84,0.7121698323,1,5
"12504",5,19,"conf_358",7500,84,0.7121698323,1,5
"12505",5,19,"conf_358",250,85,4.2800014287,1,5
"12506",5,19,"conf_358",500,85,4.2800014287,1,5
"12507",5,19,"conf_358",1500,85,2.0644485338,1,5
"12508",5,19,"conf_358",2500,85,2.0644485338,1,5
"12509",5,19,"conf_358",5000,85,1.6812605834,1,5
"12510",5,19,"conf_358",7500,85,0.9699457165,1,5
"12511",5,19,"conf_358",250,86,5.3842623228,1,5
"12512",5,19,"conf_358",500,86,2.3011094715,1,5
"12513",5,19,"conf_358",1500,86,2.3011094715,1,5
"12514",5,19,"conf_358",2500,86,1.0488239526,1,5
"12515",5,19,"conf_358",5000,86,0.5525017619,1,5
"12516",5,19,"conf_358",7500,86,0.5525017619,1,5
"12517",5,19,"conf_358",250,87,2.9084480469,1,5
"12518",5,19,"conf_358",500,87,2.9084480469,1,5
"12519",5,19,"conf_358",1500,87,1.5935836636,1,5
"12520",5,19,"conf_358",2500,87,1.5935836636,1,5
"12521",5,19,"conf_358",5000,87,1.124121011,1,5
"12522",5,19,"conf_358",7500,87,1.124121011,1,5
"12523",5,19,"conf_358",250,88,5.0636521124,1,5
"12524",5,19,"conf_358",500,88,3.0938434142,1,5
"12525",5,19,"conf_358",1500,88,0.9497913578,1,5
"12526",5,19,"conf_358",2500,88,0.9497913578,1,5
"12527",5,19,"conf_358",5000,88,0.9497913578,1,5
"12528",5,19,"conf_358",7500,88,0.9497913578,1,5
"12529",5,19,"conf_358",250,89,5.3002068759,1,5
"12530",5,19,"conf_358",500,89,5.3002068759,1,5
"12531",5,19,"conf_358",1500,89,2.7298969671,1,5
"12532",5,19,"conf_358",2500,89,1.3763307574,1,5
"12533",5,19,"conf_358",5000,89,0.6474114155,1,5
"12534",5,19,"conf_358",7500,89,0.6474114155,1,5
"12535",5,19,"conf_358",250,90,5.7651701582,1,5
"12536",5,19,"conf_358",500,90,5.1461180557,1,5
"12537",5,19,"conf_358",1500,90,1.970495921,1,5
"12538",5,19,"conf_358",2500,90,0.7294163882,1,5
"12539",5,19,"conf_358",5000,90,0.7294163882,1,5
"12540",5,19,"conf_358",7500,90,0.7294163882,1,5
"12541",5,19,"conf_358",250,91,5.2862927811,1,5
"12542",5,19,"conf_358",500,91,5.2862927811,1,5
"12543",5,19,"conf_358",1500,91,3.0857420017,1,5
"12544",5,19,"conf_358",2500,91,2.6183728815,1,5
"12545",5,19,"conf_358",5000,91,1.8909801829,1,5
"12546",5,19,"conf_358",7500,91,0.8021889038,1,5
"12547",5,19,"conf_358",250,92,1.1935883075,1,5
"12548",5,19,"conf_358",500,92,1.1935883075,1,5
"12549",5,19,"conf_358",1500,92,1.1935883075,1,5
"12550",5,19,"conf_358",2500,92,1.1935883075,1,5
"12551",5,19,"conf_358",5000,92,0.9612094979,1,5
"12552",5,19,"conf_358",7500,92,0.7525689958,1,5
"12553",5,19,"conf_358",250,93,5.5811912942,1,5
"12554",5,19,"conf_358",500,93,2.8820598477,1,5
"12555",5,19,"conf_358",1500,93,1.3450903441,1,5
"12556",5,19,"conf_358",2500,93,1.3450903441,1,5
"12557",5,19,"conf_358",5000,93,1.3450903441,1,5
"12558",5,19,"conf_358",7500,93,0.5749852771,1,5
"12559",5,19,"conf_358",250,94,3.6983281656,1,5
"12560",5,19,"conf_358",500,94,3.6983281656,1,5
"12561",5,19,"conf_358",1500,94,2.3350152295,1,5
"12562",5,19,"conf_358",2500,94,1.1140723308,1,5
"12563",5,19,"conf_358",5000,94,1.1140723308,1,5
"12564",5,19,"conf_358",7500,94,1.1140723308,1,5
"12565",5,19,"conf_358",250,95,7.1828128641,1,5
"12566",5,19,"conf_358",500,95,6.5603623314,1,5
"12567",5,19,"conf_358",1500,95,2.8468728225,1,5
"12568",5,19,"conf_358",2500,95,1.5733322096,1,5
"12569",5,19,"conf_358",5000,95,1.5733322096,1,5
"12570",5,19,"conf_358",7500,95,0.9294986202,1,5
"12571",5,19,"conf_358",250,96,6.642147224,1,5
"12572",5,19,"conf_358",500,96,4.6880122438,1,5
"12573",5,19,"conf_358",1500,96,2.5338724824,1,5
"12574",5,19,"conf_358",2500,96,2.5338724824,1,5
"12575",5,19,"conf_358",5000,96,1.5020049442,1,5
"12576",5,19,"conf_358",7500,96,1.5020049442,1,5
"12577",5,19,"conf_358",250,97,3.1365014648,1,5
"12578",5,19,"conf_358",500,97,3.1365014648,1,5
"12579",5,19,"conf_358",1500,97,2.4703454904,1,5
"12580",5,19,"conf_358",2500,97,2.4300728129,1,5
"12581",5,19,"conf_358",5000,97,1.388498107,1,5
"12582",5,19,"conf_358",7500,97,1.2889248137,1,5
"12583",5,19,"conf_358",250,98,5.8530228703,1,5
"12584",5,19,"conf_358",500,98,5.8530228703,1,5
"12585",5,19,"conf_358",1500,98,1.791103503,1,5
"12586",5,19,"conf_358",2500,98,1.1997592443,1,5
"12587",5,19,"conf_358",5000,98,0.99181432,1,5
"12588",5,19,"conf_358",7500,98,0.99181432,1,5
"12589",5,19,"conf_358",250,99,6.0608933549,1,5
"12590",5,19,"conf_358",500,99,6.0608933549,1,5
"12591",5,19,"conf_358",1500,99,5.2580797807,1,5
"12592",5,19,"conf_358",2500,99,1.973656551,1,5
"12593",5,19,"conf_358",5000,99,1.6476783349,1,5
"12594",5,19,"conf_358",7500,99,1.2343707032,1,5
"12595",5,19,"conf_358",250,100,4.2424408702,1,5
"12596",5,19,"conf_358",500,100,3.9894686518,1,5
"12597",5,19,"conf_358",1500,100,2.4462585342,1,5
"12598",5,19,"conf_358",2500,100,2.4462585342,1,5
"12599",5,19,"conf_358",5000,100,1.0244287962,1,5
"12600",5,19,"conf_358",7500,100,0.882085383,1,5
"12601",5,19,"conf_358",250,101,2.9629900842,2,5
"12602",5,19,"conf_358",500,101,2.9629900842,2,5
"12603",5,19,"conf_358",1500,101,2.0087530646,2,5
"12604",5,19,"conf_358",2500,101,1.7427418818,2,5
"12605",5,19,"conf_358",5000,101,1.259793294,2,5
"12606",5,19,"conf_358",7500,101,1.030091678,2,5
"12607",5,19,"conf_358",250,102,3.5277279986,2,5
"12608",5,19,"conf_358",500,102,3.5277279986,2,5
"12609",5,19,"conf_358",1500,102,2.8574024879,2,5
"12610",5,19,"conf_358",2500,102,1.7997764733,2,5
"12611",5,19,"conf_358",5000,102,0.9983165363,2,5
"12612",5,19,"conf_358",7500,102,0.9349041442,2,5
"12613",5,19,"conf_358",250,103,5.574748217,2,5
"12614",5,19,"conf_358",500,103,4.692544959,2,5
"12615",5,19,"conf_358",1500,103,3.2384546966,2,5
"12616",5,19,"conf_358",2500,103,1.5152389287,2,5
"12617",5,19,"conf_358",5000,103,1.1305332512,2,5
"12618",5,19,"conf_358",7500,103,1.1305332512,2,5
"12619",5,19,"conf_358",250,104,6.4244815205,2,5
"12620",5,19,"conf_358",500,104,4.5972399411,2,5
"12621",5,19,"conf_358",1500,104,1.0448046619,2,5
"12622",5,19,"conf_358",2500,104,1.0448046619,2,5
"12623",5,19,"conf_358",5000,104,0.7206182697,2,5
"12624",5,19,"conf_358",7500,104,0.0872340426,2,5
"12625",5,19,"conf_358",250,105,4.6489613215,2,5
"12626",5,19,"conf_358",500,105,4.6489613215,2,5
"12627",5,19,"conf_358",1500,105,1.3299211234,2,5
"12628",5,19,"conf_358",2500,105,1.3299211234,2,5
"12629",5,19,"conf_358",5000,105,1.3299211234,2,5
"12630",5,19,"conf_358",7500,105,0.8637454591,2,5
"12631",5,19,"conf_358",250,106,4.1833496243,2,5
"12632",5,19,"conf_358",500,106,4.1833496243,2,5
"12633",5,19,"conf_358",1500,106,2.9658902918,2,5
"12634",5,19,"conf_358",2500,106,1.0106950183,2,5
"12635",5,19,"conf_358",5000,106,1.0106950183,2,5
"12636",5,19,"conf_358",7500,106,0.7037097162,2,5
"12637",5,19,"conf_358",250,107,5.8536505681,2,5
"12638",5,19,"conf_358",500,107,5.364763717,2,5
"12639",5,19,"conf_358",1500,107,2.7498695212,2,5
"12640",5,19,"conf_358",2500,107,1.9948870334,2,5
"12641",5,19,"conf_358",5000,107,0.959034829,2,5
"12642",5,19,"conf_358",7500,107,0.5754767938,2,5
"12643",5,19,"conf_358",250,108,5.3365374851,2,5
"12644",5,19,"conf_358",500,108,1.4015757875,2,5
"12645",5,19,"conf_358",1500,108,1.4015757875,2,5
"12646",5,19,"conf_358",2500,108,1.4015757875,2,5
"12647",5,19,"conf_358",5000,108,1.3276572815,2,5
"12648",5,19,"conf_358",7500,108,0.837758481,2,5
"12649",5,19,"conf_358",250,109,5.4772476229,2,5
"12650",5,19,"conf_358",500,109,5.4772476229,2,5
"12651",5,19,"conf_358",1500,109,1.9834525228,2,5
"12652",5,19,"conf_358",2500,109,1.7790984077,2,5
"12653",5,19,"conf_358",5000,109,1.1342283663,2,5
"12654",5,19,"conf_358",7500,109,1.1342283663,2,5
"12655",5,19,"conf_358",250,110,7.387753065,2,5
"12656",5,19,"conf_358",500,110,2.8654372163,2,5
"12657",5,19,"conf_358",1500,110,1.1688579113,2,5
"12658",5,19,"conf_358",2500,110,1.1688579113,2,5
"12659",5,19,"conf_358",5000,110,0.9233566312,2,5
"12660",5,19,"conf_358",7500,110,0.5787495934,2,5
"12661",5,19,"conf_358",250,111,6.7084758209,2,5
"12662",5,19,"conf_358",500,111,2.8235330276,2,5
"12663",5,19,"conf_358",1500,111,2.4869369554,2,5
"12664",5,19,"conf_358",2500,111,2.4869369554,2,5
"12665",5,19,"conf_358",5000,111,1.2426569843,2,5
"12666",5,19,"conf_358",7500,111,0.8029985284,2,5
"12667",5,19,"conf_358",250,112,3.7330062784,2,5
"12668",5,19,"conf_358",500,112,3.7330062784,2,5
"12669",5,19,"conf_358",1500,112,2.2708570291,2,5
"12670",5,19,"conf_358",2500,112,1.7607939592,2,5
"12671",5,19,"conf_358",5000,112,1.6591160032,2,5
"12672",5,19,"conf_358",7500,112,0.8427396404,2,5
"12673",5,19,"conf_358",250,113,3.1232376655,2,5
"12674",5,19,"conf_358",500,113,3.1232376655,2,5
"12675",5,19,"conf_358",1500,113,2.0589681003,2,5
"12676",5,19,"conf_358",2500,113,1.1513695895,2,5
"12677",5,19,"conf_358",5000,113,1.1513695895,2,5
"12678",5,19,"conf_358",7500,113,1.1513695895,2,5
"12679",5,19,"conf_358",250,114,3.3648109904,2,5
"12680",5,19,"conf_358",500,114,1.6422535662,2,5
"12681",5,19,"conf_358",1500,114,1.6422535662,2,5
"12682",5,19,"conf_358",2500,114,1.6422535662,2,5
"12683",5,19,"conf_358",5000,114,1.600678927,2,5
"12684",5,19,"conf_358",7500,114,1.0835595431,2,5
"12685",5,19,"conf_358",250,115,6.8408053005,2,5
"12686",5,19,"conf_358",500,115,2.2204892521,2,5
"12687",5,19,"conf_358",1500,115,2.1300107637,2,5
"12688",5,19,"conf_358",2500,115,2.1300107637,2,5
"12689",5,19,"conf_358",5000,115,1.2363607691,2,5
"12690",5,19,"conf_358",7500,115,1.0929625978,2,5
"12691",5,19,"conf_358",250,116,4.8392649817,2,5
"12692",5,19,"conf_358",500,116,4.8392649817,2,5
"12693",5,19,"conf_358",1500,116,2.8603066867,2,5
"12694",5,19,"conf_358",2500,116,2.8603066867,2,5
"12695",5,19,"conf_358",5000,116,1.1923395939,2,5
"12696",5,19,"conf_358",7500,116,0.8742035594,2,5
"12697",5,19,"conf_358",250,117,5.6738320475,2,5
"12698",5,19,"conf_358",500,117,5.6738320475,2,5
"12699",5,19,"conf_358",1500,117,0.9240774853,2,5
"12700",5,19,"conf_358",2500,117,0.9240774853,2,5
"12701",5,19,"conf_358",5000,117,0.9240774853,2,5
"12702",5,19,"conf_358",7500,117,0.9240774853,2,5
"12703",5,19,"conf_358",250,118,3.8595743773,2,5
"12704",5,19,"conf_358",500,118,3.8595743773,2,5
"12705",5,19,"conf_358",1500,118,2.0310020753,2,5
"12706",5,19,"conf_358",2500,118,1.5989847873,2,5
"12707",5,19,"conf_358",5000,118,0.8836790047,2,5
"12708",5,19,"conf_358",7500,118,0.6701622514,2,5
"12709",5,19,"conf_358",250,119,5.8887841703,2,5
"12710",5,19,"conf_358",500,119,5.8887841703,2,5
"12711",5,19,"conf_358",1500,119,3.2597244291,2,5
"12712",5,19,"conf_358",2500,119,1.550819898,2,5
"12713",5,19,"conf_358",5000,119,1.2148148083,2,5
"12714",5,19,"conf_358",7500,119,1.2148148083,2,5
"12715",5,19,"conf_358",250,120,6.4764684139,2,5
"12716",5,19,"conf_358",500,120,6.3229071034,2,5
"12717",5,19,"conf_358",1500,120,2.7969417104,2,5
"12718",5,19,"conf_358",2500,120,1.6866985505,2,5
"12719",5,19,"conf_358",5000,120,1.4477653314,2,5
"12720",5,19,"conf_358",7500,120,1.4477653314,2,5
"12721",5,19,"conf_358",250,121,2.7385856291,2,5
"12722",5,19,"conf_358",500,121,2.7385856291,2,5
"12723",5,19,"conf_358",1500,121,2.7385856291,2,5
"12724",5,19,"conf_358",2500,121,2.3159856136,2,5
"12725",5,19,"conf_358",5000,121,0.9409804264,2,5
"12726",5,19,"conf_358",7500,121,0.8724692095,2,5
"12727",5,19,"conf_358",250,122,5.4675505058,2,5
"12728",5,19,"conf_358",500,122,5.1619492578,2,5
"12729",5,19,"conf_358",1500,122,2.1973313684,2,5
"12730",5,19,"conf_358",2500,122,1.2717465742,2,5
"12731",5,19,"conf_358",5000,122,1.2717465742,2,5
"12732",5,19,"conf_358",7500,122,1.2717465742,2,5
"12733",5,19,"conf_358",250,123,7.9393564924,2,5
"12734",5,19,"conf_358",500,123,5.2937958939,2,5
"12735",5,19,"conf_358",1500,123,1.0601907648,2,5
"12736",5,19,"conf_358",2500,123,1.0601907648,2,5
"12737",5,19,"conf_358",5000,123,1.0601907648,2,5
"12738",5,19,"conf_358",7500,123,1.0601907648,2,5
"12739",5,19,"conf_358",250,124,7.0667604427,2,5
"12740",5,19,"conf_358",500,124,4.5806848074,2,5
"12741",5,19,"conf_358",1500,124,1.6155836124,2,5
"12742",5,19,"conf_358",2500,124,1.6155836124,2,5
"12743",5,19,"conf_358",5000,124,0.4919418057,2,5
"12744",5,19,"conf_358",7500,124,0.4919418057,2,5
"12745",5,19,"conf_358",250,125,5.5506080914,2,5
"12746",5,19,"conf_358",500,125,3.2470704542,2,5
"12747",5,19,"conf_358",1500,125,1.3124022079,2,5
"12748",5,19,"conf_358",2500,125,1.3124022079,2,5
"12749",5,19,"conf_358",5000,125,1.3124022079,2,5
"12750",5,19,"conf_358",7500,125,1.3124022079,2,5
"12751",5,19,"conf_358",250,126,6.0488055077,2,5
"12752",5,19,"conf_358",500,126,5.0526478919,2,5
"12753",5,19,"conf_358",1500,126,2.6125544845,2,5
"12754",5,19,"conf_358",2500,126,1.4223392078,2,5
"12755",5,19,"conf_358",5000,126,0.8395735713,2,5
"12756",5,19,"conf_358",7500,126,0.8395735713,2,5
"12757",5,19,"conf_358",250,127,5.7836890014,2,5
"12758",5,19,"conf_358",500,127,4.6738157135,2,5
"12759",5,19,"conf_358",1500,127,2.2164944537,2,5
"12760",5,19,"conf_358",2500,127,2.2164944537,2,5
"12761",5,19,"conf_358",5000,127,1.753595144,2,5
"12762",5,19,"conf_358",7500,127,0.9519644169,2,5
"12763",5,19,"conf_358",250,128,4.5975841335,2,5
"12764",5,19,"conf_358",500,128,3.2260989934,2,5
"12765",5,19,"conf_358",1500,128,2.1869443207,2,5
"12766",5,19,"conf_358",2500,128,2.1869443207,2,5
"12767",5,19,"conf_358",5000,128,1.1670614082,2,5
"12768",5,19,"conf_358",7500,128,1.1670614082,2,5
"12769",5,19,"conf_358",250,129,2.2658966124,2,5
"12770",5,19,"conf_358",500,129,2.2658966124,2,5
"12771",5,19,"conf_358",1500,129,2.2658966124,2,5
"12772",5,19,"conf_358",2500,129,1.7804166083,2,5
"12773",5,19,"conf_358",5000,129,0.6961280533,2,5
"12774",5,19,"conf_358",7500,129,0.6961280533,2,5
"12775",5,19,"conf_358",250,130,2.5695012447,2,5
"12776",5,19,"conf_358",500,130,2.5695012447,2,5
"12777",5,19,"conf_358",1500,130,2.5695012447,2,5
"12778",5,19,"conf_358",2500,130,1.7050803452,2,5
"12779",5,19,"conf_358",5000,130,1.1689712967,2,5
"12780",5,19,"conf_358",7500,130,1.1689712967,2,5
"12781",5,19,"conf_358",250,131,4.7222977495,2,5
"12782",5,19,"conf_358",500,131,1.7779441752,2,5
"12783",5,19,"conf_358",1500,131,1.6536714619,2,5
"12784",5,19,"conf_358",2500,131,1.6536714619,2,5
"12785",5,19,"conf_358",5000,131,1.4259186001,2,5
"12786",5,19,"conf_358",7500,131,1.342908282,2,5
"12787",5,19,"conf_358",250,132,6.9600316309,2,5
"12788",5,19,"conf_358",500,132,2.9537013243,2,5
"12789",5,19,"conf_358",1500,132,2.1000244137,2,5
"12790",5,19,"conf_358",2500,132,2.1000244137,2,5
"12791",5,19,"conf_358",5000,132,1.0081087408,2,5
"12792",5,19,"conf_358",7500,132,0.6626419302,2,5
"12793",5,19,"conf_358",250,133,4.9338616778,2,5
"12794",5,19,"conf_358",500,133,4.9338616778,2,5
"12795",5,19,"conf_358",1500,133,3.3702772642,2,5
"12796",5,19,"conf_358",2500,133,1.6947232156,2,5
"12797",5,19,"conf_358",5000,133,0.988083629,2,5
"12798",5,19,"conf_358",7500,133,0.988083629,2,5
"12799",5,19,"conf_358",250,134,6.7314668538,2,5
"12800",5,19,"conf_358",500,134,3.6380849497,2,5
"12801",5,19,"conf_358",1500,134,2.2750473532,2,5
"12802",5,19,"conf_358",2500,134,2.2750473532,2,5
"12803",5,19,"conf_358",5000,134,0.6621764134,2,5
"12804",5,19,"conf_358",7500,134,0.6621764134,2,5
"12805",5,19,"conf_358",250,135,5.0822801399,2,5
"12806",5,19,"conf_358",500,135,5.0822801399,2,5
"12807",5,19,"conf_358",1500,135,2.2422662908,2,5
"12808",5,19,"conf_358",2500,135,2.2422662908,2,5
"12809",5,19,"conf_358",5000,135,1.8393728314,2,5
"12810",5,19,"conf_358",7500,135,1.3375709642,2,5
"12811",5,19,"conf_358",250,136,6.3173708281,2,5
"12812",5,19,"conf_358",500,136,3.4128917766,2,5
"12813",5,19,"conf_358",1500,136,1.8587688634,2,5
"12814",5,19,"conf_358",2500,136,1.8587688634,2,5
"12815",5,19,"conf_358",5000,136,1.8587688634,2,5
"12816",5,19,"conf_358",7500,136,1.6216635135,2,5
"12817",5,19,"conf_358",250,137,0.9180883728,2,5
"12818",5,19,"conf_358",500,137,0.9180883728,2,5
"12819",5,19,"conf_358",1500,137,0.9180883728,2,5
"12820",5,19,"conf_358",2500,137,0.9180883728,2,5
"12821",5,19,"conf_358",5000,137,0.8753400199,2,5
"12822",5,19,"conf_358",7500,137,0.8394610801,2,5
"12823",5,19,"conf_358",250,138,1.3317749161,2,5
"12824",5,19,"conf_358",500,138,1.3317749161,2,5
"12825",5,19,"conf_358",1500,138,1.3317749161,2,5
"12826",5,19,"conf_358",2500,138,1.3317749161,2,5
"12827",5,19,"conf_358",5000,138,1.2792678847,2,5
"12828",5,19,"conf_358",7500,138,0.7760513084,2,5
"12829",5,19,"conf_358",250,139,5.7190777626,2,5
"12830",5,19,"conf_358",500,139,3.8980970221,2,5
"12831",5,19,"conf_358",1500,139,3.1699914613,2,5
"12832",5,19,"conf_358",2500,139,2.6637793618,2,5
"12833",5,19,"conf_358",5000,139,1.3396195952,2,5
"12834",5,19,"conf_358",7500,139,0.807169247,2,5
"12835",5,19,"conf_358",250,140,5.396084992,2,5
"12836",5,19,"conf_358",500,140,1.5132330802,2,5
"12837",5,19,"conf_358",1500,140,1.5132330802,2,5
"12838",5,19,"conf_358",2500,140,1.5132330802,2,5
"12839",5,19,"conf_358",5000,140,1.0620839297,2,5
"12840",5,19,"conf_358",7500,140,1.0620839297,2,5
"12841",5,19,"conf_358",250,141,5.7532595288,2,5
"12842",5,19,"conf_358",500,141,1.0443876318,2,5
"12843",5,19,"conf_358",1500,141,1.0443876318,2,5
"12844",5,19,"conf_358",2500,141,1.0443876318,2,5
"12845",5,19,"conf_358",5000,141,1.0443876318,2,5
"12846",5,19,"conf_358",7500,141,0.726746204,2,5
"12847",5,19,"conf_358",250,142,5.1220106888,2,5
"12848",5,19,"conf_358",500,142,4.7744614118,2,5
"12849",5,19,"conf_358",1500,142,3.243257589,2,5
"12850",5,19,"conf_358",2500,142,2.0285842659,2,5
"12851",5,19,"conf_358",5000,142,2.0285842659,2,5
"12852",5,19,"conf_358",7500,142,1.368612586,2,5
"12853",5,19,"conf_358",250,143,6.0968934325,2,5
"12854",5,19,"conf_358",500,143,3.8446195037,2,5
"12855",5,19,"conf_358",1500,143,2.0298978012,2,5
"12856",5,19,"conf_358",2500,143,2.0298978012,2,5
"12857",5,19,"conf_358",5000,143,1.3686543689,2,5
"12858",5,19,"conf_358",7500,143,1.3686543689,2,5
"12859",5,19,"conf_358",250,144,3.8419012365,2,5
"12860",5,19,"conf_358",500,144,3.8419012365,2,5
"12861",5,19,"conf_358",1500,144,1.1970728847,2,5
"12862",5,19,"conf_358",2500,144,1.1970728847,2,5
"12863",5,19,"conf_358",5000,144,1.1970728847,2,5
"12864",5,19,"conf_358",7500,144,0.4462763919,2,5
"12865",5,19,"conf_358",250,145,7.5311692068,2,5
"12866",5,19,"conf_358",500,145,4.4526826144,2,5
"12867",5,19,"conf_358",1500,145,2.0019411411,2,5
"12868",5,19,"conf_358",2500,145,2.0019411411,2,5
"12869",5,19,"conf_358",5000,145,1.2948349973,2,5
"12870",5,19,"conf_358",7500,145,1.2948349973,2,5
"12871",5,19,"conf_358",250,146,5.416071693,2,5
"12872",5,19,"conf_358",500,146,4.862967449,2,5
"12873",5,19,"conf_358",1500,146,2.5857423827,2,5
"12874",5,19,"conf_358",2500,146,0.9949933417,2,5
"12875",5,19,"conf_358",5000,146,0.9949933417,2,5
"12876",5,19,"conf_358",7500,146,0.9949933417,2,5
"12877",5,19,"conf_358",250,147,2.6421303558,2,5
"12878",5,19,"conf_358",500,147,2.6421303558,2,5
"12879",5,19,"conf_358",1500,147,2.6421303558,2,5
"12880",5,19,"conf_358",2500,147,1.4384027864,2,5
"12881",5,19,"conf_358",5000,147,1.4384027864,2,5
"12882",5,19,"conf_358",7500,147,1.4168857703,2,5
"12883",5,19,"conf_358",250,148,4.9916917744,2,5
"12884",5,19,"conf_358",500,148,4.9916917744,2,5
"12885",5,19,"conf_358",1500,148,1.7070430325,2,5
"12886",5,19,"conf_358",2500,148,1.1116430959,2,5
"12887",5,19,"conf_358",5000,148,1.1116430959,2,5
"12888",5,19,"conf_358",7500,148,1.0413895268,2,5
"12889",5,19,"conf_358",250,149,5.8287691725,2,5
"12890",5,19,"conf_358",500,149,4.0963385959,2,5
"12891",5,19,"conf_358",1500,149,1.6983340224,2,5
"12892",5,19,"conf_358",2500,149,1.5838784234,2,5
"12893",5,19,"conf_358",5000,149,1.5838784234,2,5
"12894",5,19,"conf_358",7500,149,0.7441727567,2,5
"12895",5,19,"conf_358",250,150,5.1473620124,2,5
"12896",5,19,"conf_358",500,150,2.5255700534,2,5
"12897",5,19,"conf_358",1500,150,2.5255700534,2,5
"12898",5,19,"conf_358",2500,150,1.7575465487,2,5
"12899",5,19,"conf_358",5000,150,1.2161212854,2,5
"12900",5,19,"conf_358",7500,150,1.1290985259,2,5
"12901",5,19,"conf_358",250,151,5.4011171799,3,5
"12902",5,19,"conf_358",500,151,4.6994462832,3,5
"12903",5,19,"conf_358",1500,151,2.2886385834,3,5
"12904",5,19,"conf_358",2500,151,1.3558269024,3,5
"12905",5,19,"conf_358",5000,151,0.873388274,3,5
"12906",5,19,"conf_358",7500,151,0.873388274,3,5
"12907",5,19,"conf_358",250,152,3.9240218855,3,5
"12908",5,19,"conf_358",500,152,2.3457684797,3,5
"12909",5,19,"conf_358",1500,152,2.3457684797,3,5
"12910",5,19,"conf_358",2500,152,1.4302502198,3,5
"12911",5,19,"conf_358",5000,152,0.9135184027,3,5
"12912",5,19,"conf_358",7500,152,0.9135184027,3,5
"12913",5,19,"conf_358",250,153,5.3484232901,3,5
"12914",5,19,"conf_358",500,153,4.9816377521,3,5
"12915",5,19,"conf_358",1500,153,1.6081289053,3,5
"12916",5,19,"conf_358",2500,153,1.5935053475,3,5
"12917",5,19,"conf_358",5000,153,1.5935053475,3,5
"12918",5,19,"conf_358",7500,153,1.3037549236,3,5
"12919",5,19,"conf_358",250,154,5.6918511715,3,5
"12920",5,19,"conf_358",500,154,3.3623875679,3,5
"12921",5,19,"conf_358",1500,154,0.7775640426,3,5
"12922",5,19,"conf_358",2500,154,0.7775640426,3,5
"12923",5,19,"conf_358",5000,154,0.7668310647,3,5
"12924",5,19,"conf_358",7500,154,0.7668310647,3,5
"12925",5,19,"conf_358",250,155,4.5448103323,3,5
"12926",5,19,"conf_358",500,155,3.405014246,3,5
"12927",5,19,"conf_358",1500,155,1.6784929624,3,5
"12928",5,19,"conf_358",2500,155,0.8679446344,3,5
"12929",5,19,"conf_358",5000,155,0.8679446344,3,5
"12930",5,19,"conf_358",7500,155,0.8679446344,3,5
"12931",5,19,"conf_358",250,156,3.2764015978,3,5
"12932",5,19,"conf_358",500,156,3.2764015978,3,5
"12933",5,19,"conf_358",1500,156,2.0142451014,3,5
"12934",5,19,"conf_358",2500,156,1.5358739541,3,5
"12935",5,19,"conf_358",5000,156,1.5358739541,3,5
"12936",5,19,"conf_358",7500,156,1.0535058449,3,5
"12937",5,19,"conf_358",250,157,5.2538132088,3,5
"12938",5,19,"conf_358",500,157,4.4480741719,3,5
"12939",5,19,"conf_358",1500,157,2.1284744885,3,5
"12940",5,19,"conf_358",2500,157,2.1284744885,3,5
"12941",5,19,"conf_358",5000,157,1.5777695875,3,5
"12942",5,19,"conf_358",7500,157,1.3218377397,3,5
"12943",5,19,"conf_358",250,158,5.963023393,3,5
"12944",5,19,"conf_358",500,158,4.6136728899,3,5
"12945",5,19,"conf_358",1500,158,2.4856293458,3,5
"12946",5,19,"conf_358",2500,158,1.7776894712,3,5
"12947",5,19,"conf_358",5000,158,1.6696842061,3,5
"12948",5,19,"conf_358",7500,158,1.3363352712,3,5
"12949",5,19,"conf_358",250,159,5.7449338557,3,5
"12950",5,19,"conf_358",500,159,5.7449338557,3,5
"12951",5,19,"conf_358",1500,159,3.5954853494,3,5
"12952",5,19,"conf_358",2500,159,1.5460213507,3,5
"12953",5,19,"conf_358",5000,159,1.1694620549,3,5
"12954",5,19,"conf_358",7500,159,0.7647314975,3,5
"12955",5,19,"conf_358",250,160,3.2973595331,3,5
"12956",5,19,"conf_358",500,160,2.3630756298,3,5
"12957",5,19,"conf_358",1500,160,2.3146328644,3,5
"12958",5,19,"conf_358",2500,160,0.9935406548,3,5
"12959",5,19,"conf_358",5000,160,0.9935406548,3,5
"12960",5,19,"conf_358",7500,160,0.9935406548,3,5
"12961",5,19,"conf_358",250,161,6.926974429,3,5
"12962",5,19,"conf_358",500,161,3.7035096823,3,5
"12963",5,19,"conf_358",1500,161,3.5410643801,3,5
"12964",5,19,"conf_358",2500,161,2.0947215347,3,5
"12965",5,19,"conf_358",5000,161,1.1740414896,3,5
"12966",5,19,"conf_358",7500,161,1.1740414896,3,5
"12967",5,19,"conf_358",250,162,4.3377566114,3,5
"12968",5,19,"conf_358",500,162,4.3377566114,3,5
"12969",5,19,"conf_358",1500,162,2.6642031186,3,5
"12970",5,19,"conf_358",2500,162,2.5617238891,3,5
"12971",5,19,"conf_358",5000,162,1.8018979849,3,5
"12972",5,19,"conf_358",7500,162,0.7791882306,3,5
"12973",5,19,"conf_358",250,163,4.3359336179,3,5
"12974",5,19,"conf_358",500,163,3.7591754706,3,5
"12975",5,19,"conf_358",1500,163,1.8752403382,3,5
"12976",5,19,"conf_358",2500,163,1.8752403382,3,5
"12977",5,19,"conf_358",5000,163,1.8752403382,3,5
"12978",5,19,"conf_358",7500,163,0.835115289,3,5
"12979",5,19,"conf_358",250,164,7.2964436272,3,5
"12980",5,19,"conf_358",500,164,4.5829850436,3,5
"12981",5,19,"conf_358",1500,164,1.3834531687,3,5
"12982",5,19,"conf_358",2500,164,1.3834531687,3,5
"12983",5,19,"conf_358",5000,164,1.3834531687,3,5
"12984",5,19,"conf_358",7500,164,1.2729894765,3,5
"12985",5,19,"conf_358",250,165,7.9976078801,3,5
"12986",5,19,"conf_358",500,165,5.6656078852,3,5
"12987",5,19,"conf_358",1500,165,0.9312261922,3,5
"12988",5,19,"conf_358",2500,165,0.9312261922,3,5
"12989",5,19,"conf_358",5000,165,0.9312261922,3,5
"12990",5,19,"conf_358",7500,165,0.9312261922,3,5
"12991",5,19,"conf_358",250,166,8.0895474298,3,5
"12992",5,19,"conf_358",500,166,4.3488573494,3,5
"12993",5,19,"conf_358",1500,166,2.8475777723,3,5
"12994",5,19,"conf_358",2500,166,1.8127813885,3,5
"12995",5,19,"conf_358",5000,166,1.4593261102,3,5
"12996",5,19,"conf_358",7500,166,1.4593261102,3,5
"12997",5,19,"conf_358",250,167,6.9206587949,3,5
"12998",5,19,"conf_358",500,167,6.9206587949,3,5
"12999",5,19,"conf_358",1500,167,3.855370768,3,5
"13000",5,19,"conf_358",2500,167,2.5722556567,3,5
"13001",5,19,"conf_358",5000,167,2.5722556567,3,5
"13002",5,19,"conf_358",7500,167,0.3476335034,3,5
"13003",5,19,"conf_358",250,168,8.0343106414,3,5
"13004",5,19,"conf_358",500,168,6.515427571,3,5
"13005",5,19,"conf_358",1500,168,1.7812707732,3,5
"13006",5,19,"conf_358",2500,168,1.4163371638,3,5
"13007",5,19,"conf_358",5000,168,0.8468897925,3,5
"13008",5,19,"conf_358",7500,168,0.6404439583,3,5
"13009",5,19,"conf_358",250,169,8.1558381732,3,5
"13010",5,19,"conf_358",500,169,4.3019384003,3,5
"13011",5,19,"conf_358",1500,169,3.5548205064,3,5
"13012",5,19,"conf_358",2500,169,2.4296010159,3,5
"13013",5,19,"conf_358",5000,169,1.5512099767,3,5
"13014",5,19,"conf_358",7500,169,1.3944153457,3,5
"13015",5,19,"conf_358",250,170,5.2317373849,3,5
"13016",5,19,"conf_358",500,170,4.2808670523,3,5
"13017",5,19,"conf_358",1500,170,2.0734783924,3,5
"13018",5,19,"conf_358",2500,170,2.0734783924,3,5
"13019",5,19,"conf_358",5000,170,0.8971137559,3,5
"13020",5,19,"conf_358",7500,170,0.8971137559,3,5
"13021",5,19,"conf_358",250,171,4.1401983549,3,5
"13022",5,19,"conf_358",500,171,3.4517678831,3,5
"13023",5,19,"conf_358",1500,171,1.5223752467,3,5
"13024",5,19,"conf_358",2500,171,1.5223752467,3,5
"13025",5,19,"conf_358",5000,171,0.4655727191,3,5
"13026",5,19,"conf_358",7500,171,0.4655727191,3,5
"13027",5,19,"conf_358",250,172,4.6721625244,3,5
"13028",5,19,"conf_358",500,172,2.7949193868,3,5
"13029",5,19,"conf_358",1500,172,0.8862603216,3,5
"13030",5,19,"conf_358",2500,172,0.8862603216,3,5
"13031",5,19,"conf_358",5000,172,0.8862603216,3,5
"13032",5,19,"conf_358",7500,172,0.8862603216,3,5
"13033",5,19,"conf_358",250,173,3.0903865902,3,5
"13034",5,19,"conf_358",500,173,3.0903865902,3,5
"13035",5,19,"conf_358",1500,173,1.5577895683,3,5
"13036",5,19,"conf_358",2500,173,1.5577895683,3,5
"13037",5,19,"conf_358",5000,173,1.5577895683,3,5
"13038",5,19,"conf_358",7500,173,0.343646097,3,5
"13039",5,19,"conf_358",250,174,5.1456896374,3,5
"13040",5,19,"conf_358",500,174,3.2495171192,3,5
"13041",5,19,"conf_358",1500,174,0.6398851738,3,5
"13042",5,19,"conf_358",2500,174,0.6398851738,3,5
"13043",5,19,"conf_358",5000,174,0.6398851738,3,5
"13044",5,19,"conf_358",7500,174,0.6398851738,3,5
"13045",5,19,"conf_358",250,175,4.8419494567,3,5
"13046",5,19,"conf_358",500,175,4.8419494567,3,5
"13047",5,19,"conf_358",1500,175,1.6910331395,3,5
"13048",5,19,"conf_358",2500,175,0.7811881638,3,5
"13049",5,19,"conf_358",5000,175,0.7811881638,3,5
"13050",5,19,"conf_358",7500,175,0.7811881638,3,5
"13051",5,19,"conf_358",250,176,2.0166449416,3,5
"13052",5,19,"conf_358",500,176,2.0166449416,3,5
"13053",5,19,"conf_358",1500,176,2.006403496,3,5
"13054",5,19,"conf_358",2500,176,0.2534730056,3,5
"13055",5,19,"conf_358",5000,176,0.2534730056,3,5
"13056",5,19,"conf_358",7500,176,0.2534730056,3,5
"13057",5,19,"conf_358",250,177,5.0253508352,3,5
"13058",5,19,"conf_358",500,177,2.0257050139,3,5
"13059",5,19,"conf_358",1500,177,1.3670559628,3,5
"13060",5,19,"conf_358",2500,177,1.3670559628,3,5
"13061",5,19,"conf_358",5000,177,1.3670559628,3,5
"13062",5,19,"conf_358",7500,177,1.3325559733,3,5
"13063",5,19,"conf_358",250,178,3.5567989663,3,5
"13064",5,19,"conf_358",500,178,3.5567989663,3,5
"13065",5,19,"conf_358",1500,178,2.5611329847,3,5
"13066",5,19,"conf_358",2500,178,1.6134091646,3,5
"13067",5,19,"conf_358",5000,178,1.6134091646,3,5
"13068",5,19,"conf_358",7500,178,1.2662818077,3,5
"13069",5,19,"conf_358",250,179,6.6078828152,3,5
"13070",5,19,"conf_358",500,179,5.5259591188,3,5
"13071",5,19,"conf_358",1500,179,3.6090940775,3,5
"13072",5,19,"conf_358",2500,179,0.8166799856,3,5
"13073",5,19,"conf_358",5000,179,0.8166799856,3,5
"13074",5,19,"conf_358",7500,179,0.8166799856,3,5
"13075",5,19,"conf_358",250,180,6.1113541374,3,5
"13076",5,19,"conf_358",500,180,6.1113541374,3,5
"13077",5,19,"conf_358",1500,180,1.6910263031,3,5
"13078",5,19,"conf_358",2500,180,1.6910263031,3,5
"13079",5,19,"conf_358",5000,180,0.9994778325,3,5
"13080",5,19,"conf_358",7500,180,0.9994778325,3,5
"13081",5,19,"conf_358",250,181,3.2380364991,3,5
"13082",5,19,"conf_358",500,181,3.2380364991,3,5
"13083",5,19,"conf_358",1500,181,2.1398914727,3,5
"13084",5,19,"conf_358",2500,181,1.0414714602,3,5
"13085",5,19,"conf_358",5000,181,1.0414714602,3,5
"13086",5,19,"conf_358",7500,181,1.0414714602,3,5
"13087",5,19,"conf_358",250,182,6.0675112016,3,5
"13088",5,19,"conf_358",500,182,3.6740915062,3,5
"13089",5,19,"conf_358",1500,182,2.9834454282,3,5
"13090",5,19,"conf_358",2500,182,2.5262507054,3,5
"13091",5,19,"conf_358",5000,182,0.7175200928,3,5
"13092",5,19,"conf_358",7500,182,0.7175200928,3,5
"13093",5,19,"conf_358",250,183,4.3929961518,3,5
"13094",5,19,"conf_358",500,183,3.6555276597,3,5
"13095",5,19,"conf_358",1500,183,2.2738692276,3,5
"13096",5,19,"conf_358",2500,183,2.1686409602,3,5
"13097",5,19,"conf_358",5000,183,1.4366972602,3,5
"13098",5,19,"conf_358",7500,183,0.7907560744,3,5
"13099",5,19,"conf_358",250,184,6.2601986215,3,5
"13100",5,19,"conf_358",500,184,4.6326896862,3,5
"13101",5,19,"conf_358",1500,184,0.3505553217,3,5
"13102",5,19,"conf_358",2500,184,0.3505553217,3,5
"13103",5,19,"conf_358",5000,184,0.3505553217,3,5
"13104",5,19,"conf_358",7500,184,0.3505553217,3,5
"13105",5,19,"conf_358",250,185,3.9400536231,3,5
"13106",5,19,"conf_358",500,185,3.9400536231,3,5
"13107",5,19,"conf_358",1500,185,1.7095885495,3,5
"13108",5,19,"conf_358",2500,185,1.1880507367,3,5
"13109",5,19,"conf_358",5000,185,0.3662670083,3,5
"13110",5,19,"conf_358",7500,185,0.3662670083,3,5
"13111",5,19,"conf_358",250,186,4.1472152162,3,5
"13112",5,19,"conf_358",500,186,4.1472152162,3,5
"13113",5,19,"conf_358",1500,186,3.1743699947,3,5
"13114",5,19,"conf_358",2500,186,1.6992868798,3,5
"13115",5,19,"conf_358",5000,186,1.5541669242,3,5
"13116",5,19,"conf_358",7500,186,0.48440988,3,5
"13117",5,19,"conf_358",250,187,6.1959342879,3,5
"13118",5,19,"conf_358",500,187,6.1959342879,3,5
"13119",5,19,"conf_358",1500,187,1.3354202043,3,5
"13120",5,19,"conf_358",2500,187,1.3354202043,3,5
"13121",5,19,"conf_358",5000,187,0.5619643869,3,5
"13122",5,19,"conf_358",7500,187,0.5619643869,3,5
"13123",5,19,"conf_358",250,188,3.8876260245,3,5
"13124",5,19,"conf_358",500,188,3.8876260245,3,5
"13125",5,19,"conf_358",1500,188,2.6998439928,3,5
"13126",5,19,"conf_358",2500,188,1.6489021135,3,5
"13127",5,19,"conf_358",5000,188,1.338943232,3,5
"13128",5,19,"conf_358",7500,188,1.0399090291,3,5
"13129",5,19,"conf_358",250,189,2.1216411806,3,5
"13130",5,19,"conf_358",500,189,2.1216411806,3,5
"13131",5,19,"conf_358",1500,189,2.1216411806,3,5
"13132",5,19,"conf_358",2500,189,1.748854977,3,5
"13133",5,19,"conf_358",5000,189,0.9885287835,3,5
"13134",5,19,"conf_358",7500,189,0.9885287835,3,5
"13135",5,19,"conf_358",250,190,7.4651043414,3,5
"13136",5,19,"conf_358",500,190,1.3903953685,3,5
"13137",5,19,"conf_358",1500,190,1.3903953685,3,5
"13138",5,19,"conf_358",2500,190,1.3903953685,3,5
"13139",5,19,"conf_358",5000,190,1.3903953685,3,5
"13140",5,19,"conf_358",7500,190,1.3903953685,3,5
"13141",5,19,"conf_358",250,191,7.8653327848,3,5
"13142",5,19,"conf_358",500,191,5.0832352429,3,5
"13143",5,19,"conf_358",1500,191,2.3266227299,3,5
"13144",5,19,"conf_358",2500,191,1.6034441606,3,5
"13145",5,19,"conf_358",5000,191,1.207563006,3,5
"13146",5,19,"conf_358",7500,191,1.207563006,3,5
"13147",5,19,"conf_358",250,192,4.784878264,3,5
"13148",5,19,"conf_358",500,192,4.784878264,3,5
"13149",5,19,"conf_358",1500,192,1.1376506761,3,5
"13150",5,19,"conf_358",2500,192,1.1376506761,3,5
"13151",5,19,"conf_358",5000,192,1.1376506761,3,5
"13152",5,19,"conf_358",7500,192,0.5579592134,3,5
"13153",5,19,"conf_358",250,193,7.3257649092,3,5
"13154",5,19,"conf_358",500,193,4.0461858484,3,5
"13155",5,19,"conf_358",1500,193,2.1644826327,3,5
"13156",5,19,"conf_358",2500,193,0.7640870492,3,5
"13157",5,19,"conf_358",5000,193,0.5751591781,3,5
"13158",5,19,"conf_358",7500,193,0.5751591781,3,5
"13159",5,19,"conf_358",250,194,6.5460173714,3,5
"13160",5,19,"conf_358",500,194,1.977226505,3,5
"13161",5,19,"conf_358",1500,194,1.977226505,3,5
"13162",5,19,"conf_358",2500,194,1.2119536301,3,5
"13163",5,19,"conf_358",5000,194,1.0991560964,3,5
"13164",5,19,"conf_358",7500,194,1.0991560964,3,5
"13165",5,19,"conf_358",250,195,7.2375496006,3,5
"13166",5,19,"conf_358",500,195,3.7474759367,3,5
"13167",5,19,"conf_358",1500,195,2.2924953299,3,5
"13168",5,19,"conf_358",2500,195,1.5159887012,3,5
"13169",5,19,"conf_358",5000,195,0.8018348013,3,5
"13170",5,19,"conf_358",7500,195,0.8018348013,3,5
"13171",5,19,"conf_358",250,196,3.4041509511,3,5
"13172",5,19,"conf_358",500,196,3.4041509511,3,5
"13173",5,19,"conf_358",1500,196,3.4041509511,3,5
"13174",5,19,"conf_358",2500,196,1.9982245486,3,5
"13175",5,19,"conf_358",5000,196,1.4088579659,3,5
"13176",5,19,"conf_358",7500,196,1.1117899445,3,5
"13177",5,19,"conf_358",250,197,4.5809815828,3,5
"13178",5,19,"conf_358",500,197,4.5809815828,3,5
"13179",5,19,"conf_358",1500,197,1.8812855111,3,5
"13180",5,19,"conf_358",2500,197,1.5984554271,3,5
"13181",5,19,"conf_358",5000,197,1.3468146668,3,5
"13182",5,19,"conf_358",7500,197,1.3468146668,3,5
"13183",5,19,"conf_358",250,198,7.8130722258,3,5
"13184",5,19,"conf_358",500,198,3.8643971885,3,5
"13185",5,19,"conf_358",1500,198,2.3827440721,3,5
"13186",5,19,"conf_358",2500,198,1.2747686426,3,5
"13187",5,19,"conf_358",5000,198,0.9894142814,3,5
"13188",5,19,"conf_358",7500,198,0.9894142814,3,5
"13189",5,19,"conf_358",250,199,4.6714244466,3,5
"13190",5,19,"conf_358",500,199,3.3099904276,3,5
"13191",5,19,"conf_358",1500,199,2.1918691003,3,5
"13192",5,19,"conf_358",2500,199,1.3738668808,3,5
"13193",5,19,"conf_358",5000,199,0.8277719053,3,5
"13194",5,19,"conf_358",7500,199,0.8277719053,3,5
"13195",5,19,"conf_358",250,200,4.8682360661,3,5
"13196",5,19,"conf_358",500,200,3.0501007439,3,5
"13197",5,19,"conf_358",1500,200,0.8587492787,3,5
"13198",5,19,"conf_358",2500,200,0.8587492787,3,5
"13199",5,19,"conf_358",5000,200,0.8095664589,3,5
"13200",5,19,"conf_358",7500,200,0.8095664589,3,5
"13201",5,2,"conf_358",250,1,57762.9975285973,1,5
"13202",5,2,"conf_358",500,1,6987.43368144,1,5
"13203",5,2,"conf_358",1500,1,1267.971791582,1,5
"13204",5,2,"conf_358",2500,1,103.5474041155,1,5
"13205",5,2,"conf_358",5000,1,1.458357637,1,5
"13206",5,2,"conf_358",7500,1,0.0113569999,1,5
"13207",5,2,"conf_358",250,2,19579.8588049142,1,5
"13208",5,2,"conf_358",500,2,8041.5221597531,1,5
"13209",5,2,"conf_358",1500,2,965.5462270875,1,5
"13210",5,2,"conf_358",2500,2,217.2034347224,1,5
"13211",5,2,"conf_358",5000,2,2.0643486484,1,5
"13212",5,2,"conf_358",7500,2,0.0094362059,1,5
"13213",5,2,"conf_358",250,3,6262.2075820578,1,5
"13214",5,2,"conf_358",500,3,6262.2075820578,1,5
"13215",5,2,"conf_358",1500,3,467.9569088875,1,5
"13216",5,2,"conf_358",2500,3,257.4897412041,1,5
"13217",5,2,"conf_358",5000,3,1.3985445366,1,5
"13218",5,2,"conf_358",7500,3,0.0287260241,1,5
"13219",5,2,"conf_358",250,4,3126.4038665547,1,5
"13220",5,2,"conf_358",500,4,3070.0215489944,1,5
"13221",5,2,"conf_358",1500,4,1542.3605006436,1,5
"13222",5,2,"conf_358",2500,4,296.6165406116,1,5
"13223",5,2,"conf_358",5000,4,0.8362046525,1,5
"13224",5,2,"conf_358",7500,4,0.0226138144,1,5
"13225",5,2,"conf_358",250,5,60646.5954435273,1,5
"13226",5,2,"conf_358",500,5,23633.0362375286,1,5
"13227",5,2,"conf_358",1500,5,4565.4117465256,1,5
"13228",5,2,"conf_358",2500,5,274.4504931485,1,5
"13229",5,2,"conf_358",5000,5,1.5281852043,1,5
"13230",5,2,"conf_358",7500,5,0.0098329044,1,5
"13231",5,2,"conf_358",250,6,12939.9719761653,1,5
"13232",5,2,"conf_358",500,6,12939.9719761653,1,5
"13233",5,2,"conf_358",1500,6,540.3307540044,1,5
"13234",5,2,"conf_358",2500,6,144.499225228,1,5
"13235",5,2,"conf_358",5000,6,2.4538391576,1,5
"13236",5,2,"conf_358",7500,6,0.0305799844,1,5
"13237",5,2,"conf_358",250,7,51567.3705196209,1,5
"13238",5,2,"conf_358",500,7,47018.3075083344,1,5
"13239",5,2,"conf_358",1500,7,3518.3505309024,1,5
"13240",5,2,"conf_358",2500,7,238.5546056361,1,5
"13241",5,2,"conf_358",5000,7,4.3257503755,1,5
"13242",5,2,"conf_358",7500,7,0.0278414328,1,5
"13243",5,2,"conf_358",250,8,44941.275523249,1,5
"13244",5,2,"conf_358",500,8,28663.8744885594,1,5
"13245",5,2,"conf_358",1500,8,156.8766744558,1,5
"13246",5,2,"conf_358",2500,8,156.8766744558,1,5
"13247",5,2,"conf_358",5000,8,3.1229071944,1,5
"13248",5,2,"conf_358",7500,8,0.0091068472,1,5
"13249",5,2,"conf_358",250,9,18397.4882042141,1,5
"13250",5,2,"conf_358",500,9,18397.4882042141,1,5
"13251",5,2,"conf_358",1500,9,1167.943021751,1,5
"13252",5,2,"conf_358",2500,9,164.4296654534,1,5
"13253",5,2,"conf_358",5000,9,0.7304949185,1,5
"13254",5,2,"conf_358",7500,9,0.0013019145,1,5
"13255",5,2,"conf_358",250,10,32315.1449923079,1,5
"13256",5,2,"conf_358",500,10,32315.1449923079,1,5
"13257",5,2,"conf_358",1500,10,1172.9537518162,1,5
"13258",5,2,"conf_358",2500,10,624.6878211338,1,5
"13259",5,2,"conf_358",5000,10,5.1033284856,1,5
"13260",5,2,"conf_358",7500,10,0.0221889875,1,5
"13261",5,2,"conf_358",250,11,56439.2876977105,1,5
"13262",5,2,"conf_358",500,11,56439.2876977105,1,5
"13263",5,2,"conf_358",1500,11,1898.6161805305,1,5
"13264",5,2,"conf_358",2500,11,140.9060661527,1,5
"13265",5,2,"conf_358",5000,11,0.440886579,1,5
"13266",5,2,"conf_358",7500,11,0.0094869923,1,5
"13267",5,2,"conf_358",250,12,30147.4870028362,1,5
"13268",5,2,"conf_358",500,12,16207.8983615728,1,5
"13269",5,2,"conf_358",1500,12,2820.5992489884,1,5
"13270",5,2,"conf_358",2500,12,279.019650904,1,5
"13271",5,2,"conf_358",5000,12,2.645625138,1,5
"13272",5,2,"conf_358",7500,12,0.0445338941,1,5
"13273",5,2,"conf_358",250,13,18825.3438157114,1,5
"13274",5,2,"conf_358",500,13,18634.1187129577,1,5
"13275",5,2,"conf_358",1500,13,1609.5340751194,1,5
"13276",5,2,"conf_358",2500,13,366.9116554574,1,5
"13277",5,2,"conf_358",5000,13,1.7153259208,1,5
"13278",5,2,"conf_358",7500,13,0.019290778,1,5
"13279",5,2,"conf_358",250,14,6729.3950341904,1,5
"13280",5,2,"conf_358",500,14,6557.4625083261,1,5
"13281",5,2,"conf_358",1500,14,681.8635986915,1,5
"13282",5,2,"conf_358",2500,14,187.9431939839,1,5
"13283",5,2,"conf_358",5000,14,5.1168117009,1,5
"13284",5,2,"conf_358",7500,14,0.0316000255,1,5
"13285",5,2,"conf_358",250,15,21132.3948723668,1,5
"13286",5,2,"conf_358",500,15,20391.602337905,1,5
"13287",5,2,"conf_358",1500,15,1247.8130446373,1,5
"13288",5,2,"conf_358",2500,15,215.1622895891,1,5
"13289",5,2,"conf_358",5000,15,1.3745117778,1,5
"13290",5,2,"conf_358",7500,15,0.0126836567,1,5
"13291",5,2,"conf_358",250,16,51008.5814340556,1,5
"13292",5,2,"conf_358",500,16,30207.3357195812,1,5
"13293",5,2,"conf_358",1500,16,889.0444804291,1,5
"13294",5,2,"conf_358",2500,16,194.3099862779,1,5
"13295",5,2,"conf_358",5000,16,2.2078515093,1,5
"13296",5,2,"conf_358",7500,16,0.0109470815,1,5
"13297",5,2,"conf_358",250,17,26931.4685750204,1,5
"13298",5,2,"conf_358",500,17,26931.4685750204,1,5
"13299",5,2,"conf_358",1500,17,866.6202262596,1,5
"13300",5,2,"conf_358",2500,17,130.622524492,1,5
"13301",5,2,"conf_358",5000,17,2.7430297036,1,5
"13302",5,2,"conf_358",7500,17,0.0062754348,1,5
"13303",5,2,"conf_358",250,18,24940.6384498958,1,5
"13304",5,2,"conf_358",500,18,12961.6267284427,1,5
"13305",5,2,"conf_358",1500,18,2547.5282711287,1,5
"13306",5,2,"conf_358",2500,18,163.8847941793,1,5
"13307",5,2,"conf_358",5000,18,1.2757718096,1,5
"13308",5,2,"conf_358",7500,18,0.006264523,1,5
"13309",5,2,"conf_358",250,19,4461.3550238283,1,5
"13310",5,2,"conf_358",500,19,4461.3550238283,1,5
"13311",5,2,"conf_358",1500,19,2867.7987771983,1,5
"13312",5,2,"conf_358",2500,19,322.2021455702,1,5
"13313",5,2,"conf_358",5000,19,2.1394361758,1,5
"13314",5,2,"conf_358",7500,19,0.0199219357,1,5
"13315",5,2,"conf_358",250,20,14326.0950414376,1,5
"13316",5,2,"conf_358",500,20,14326.0950414376,1,5
"13317",5,2,"conf_358",1500,20,1445.0559237003,1,5
"13318",5,2,"conf_358",2500,20,104.5785477074,1,5
"13319",5,2,"conf_358",5000,20,4.3563076685,1,5
"13320",5,2,"conf_358",7500,20,0.0259322355,1,5
"13321",5,2,"conf_358",250,21,28116.872918627,1,5
"13322",5,2,"conf_358",500,21,4609.5077251649,1,5
"13323",5,2,"conf_358",1500,21,252.3822742598,1,5
"13324",5,2,"conf_358",2500,21,179.1063244283,1,5
"13325",5,2,"conf_358",5000,21,0.2298891128,1,5
"13326",5,2,"conf_358",7500,21,0.010567686,1,5
"13327",5,2,"conf_358",250,22,51187.2041498594,1,5
"13328",5,2,"conf_358",500,22,15131.3542326967,1,5
"13329",5,2,"conf_358",1500,22,262.7839677421,1,5
"13330",5,2,"conf_358",2500,22,19.1231345838,1,5
"13331",5,2,"conf_358",5000,22,0.7382830679,1,5
"13332",5,2,"conf_358",7500,22,0.0080635838,1,5
"13333",5,2,"conf_358",250,23,60573.173355846,1,5
"13334",5,2,"conf_358",500,23,32956.6623321025,1,5
"13335",5,2,"conf_358",1500,23,1803.975509841,1,5
"13336",5,2,"conf_358",2500,23,609.3081400105,1,5
"13337",5,2,"conf_358",5000,23,2.5823481743,1,5
"13338",5,2,"conf_358",7500,23,0.0200116012,1,5
"13339",5,2,"conf_358",250,24,51859.9540507026,1,5
"13340",5,2,"conf_358",500,24,26337.1176335768,1,5
"13341",5,2,"conf_358",1500,24,2614.5446080185,1,5
"13342",5,2,"conf_358",2500,24,205.7918671946,1,5
"13343",5,2,"conf_358",5000,24,3.2943829455,1,5
"13344",5,2,"conf_358",7500,24,0.00656586,1,5
"13345",5,2,"conf_358",250,25,26875.7575570166,1,5
"13346",5,2,"conf_358",500,25,15567.3532764722,1,5
"13347",5,2,"conf_358",1500,25,312.3785294299,1,5
"13348",5,2,"conf_358",2500,25,84.2826235662,1,5
"13349",5,2,"conf_358",5000,25,2.4408014987,1,5
"13350",5,2,"conf_358",7500,25,0.0039728024,1,5
"13351",5,2,"conf_358",250,26,32415.2400587821,1,5
"13352",5,2,"conf_358",500,26,22853.2298526629,1,5
"13353",5,2,"conf_358",1500,26,398.37029045,1,5
"13354",5,2,"conf_358",2500,26,224.9357627985,1,5
"13355",5,2,"conf_358",5000,26,2.0726624847,1,5
"13356",5,2,"conf_358",7500,26,0.0223793818,1,5
"13357",5,2,"conf_358",250,27,12264.8881983629,1,5
"13358",5,2,"conf_358",500,27,8377.896777755,1,5
"13359",5,2,"conf_358",1500,27,1054.5722911367,1,5
"13360",5,2,"conf_358",2500,27,113.5854105536,1,5
"13361",5,2,"conf_358",5000,27,2.3315739349,1,5
"13362",5,2,"conf_358",7500,27,0.0193634536,1,5
"13363",5,2,"conf_358",250,28,67373.6428099941,1,5
"13364",5,2,"conf_358",500,28,49955.0340367284,1,5
"13365",5,2,"conf_358",1500,28,2283.5179369251,1,5
"13366",5,2,"conf_358",2500,28,376.9604933288,1,5
"13367",5,2,"conf_358",5000,28,0.5005873072,1,5
"13368",5,2,"conf_358",7500,28,0.0121915317,1,5
"13369",5,2,"conf_358",250,29,36327.1424247735,1,5
"13370",5,2,"conf_358",500,29,13491.3524782188,1,5
"13371",5,2,"conf_358",1500,29,446.7109676666,1,5
"13372",5,2,"conf_358",2500,29,154.4800673001,1,5
"13373",5,2,"conf_358",5000,29,3.9069022833,1,5
"13374",5,2,"conf_358",7500,29,0.0213583788,1,5
"13375",5,2,"conf_358",250,30,3211.4538600857,1,5
"13376",5,2,"conf_358",500,30,3209.1041162579,1,5
"13377",5,2,"conf_358",1500,30,186.0302555245,1,5
"13378",5,2,"conf_358",2500,30,152.0148030973,1,5
"13379",5,2,"conf_358",5000,30,1.2683555311,1,5
"13380",5,2,"conf_358",7500,30,0.0130815184,1,5
"13381",5,2,"conf_358",250,31,15041.1067233134,1,5
"13382",5,2,"conf_358",500,31,7687.304669063,1,5
"13383",5,2,"conf_358",1500,31,2027.6905389664,1,5
"13384",5,2,"conf_358",2500,31,179.9208167605,1,5
"13385",5,2,"conf_358",5000,31,1.1513129639,1,5
"13386",5,2,"conf_358",7500,31,0.0091227377,1,5
"13387",5,2,"conf_358",250,32,4497.4448630042,1,5
"13388",5,2,"conf_358",500,32,4497.4448630042,1,5
"13389",5,2,"conf_358",1500,32,2073.8834284348,1,5
"13390",5,2,"conf_358",2500,32,126.8256223526,1,5
"13391",5,2,"conf_358",5000,32,1.7275932191,1,5
"13392",5,2,"conf_358",7500,32,0.0040548348,1,5
"13393",5,2,"conf_358",250,33,41424.0464656865,1,5
"13394",5,2,"conf_358",500,33,6122.7403564651,1,5
"13395",5,2,"conf_358",1500,33,1578.7165810372,1,5
"13396",5,2,"conf_358",2500,33,210.4239985166,1,5
"13397",5,2,"conf_358",5000,33,2.3390372573,1,5
"13398",5,2,"conf_358",7500,33,0.0089238163,1,5
"13399",5,2,"conf_358",250,34,2150.0255280428,1,5
"13400",5,2,"conf_358",500,34,2150.0255280428,1,5
"13401",5,2,"conf_358",1500,34,1359.4667385288,1,5
"13402",5,2,"conf_358",2500,34,160.5272237403,1,5
"13403",5,2,"conf_358",5000,34,2.4563700857,1,5
"13404",5,2,"conf_358",7500,34,0.0140196374,1,5
"13405",5,2,"conf_358",250,35,55785.32477954,1,5
"13406",5,2,"conf_358",500,35,16805.712811641,1,5
"13407",5,2,"conf_358",1500,35,290.2718014086,1,5
"13408",5,2,"conf_358",2500,35,164.1693978404,1,5
"13409",5,2,"conf_358",5000,35,3.700378596,1,5
"13410",5,2,"conf_358",7500,35,0.0242303939,1,5
"13411",5,2,"conf_358",250,36,33332.1788529225,1,5
"13412",5,2,"conf_358",500,36,13752.1747623378,1,5
"13413",5,2,"conf_358",1500,36,1132.6762724561,1,5
"13414",5,2,"conf_358",2500,36,101.5403490039,1,5
"13415",5,2,"conf_358",5000,36,1.9168291926,1,5
"13416",5,2,"conf_358",7500,36,0.0121038349,1,5
"13417",5,2,"conf_358",250,37,3790.8646974714,1,5
"13418",5,2,"conf_358",500,37,3790.8646974714,1,5
"13419",5,2,"conf_358",1500,37,1169.36850272,1,5
"13420",5,2,"conf_358",2500,37,82.3332829917,1,5
"13421",5,2,"conf_358",5000,37,2.5178477912,1,5
"13422",5,2,"conf_358",7500,37,0.0176996397,1,5
"13423",5,2,"conf_358",250,38,94681.0470992478,1,5
"13424",5,2,"conf_358",500,38,17114.0468098691,1,5
"13425",5,2,"conf_358",1500,38,2469.8273844831,1,5
"13426",5,2,"conf_358",2500,38,169.0500723421,1,5
"13427",5,2,"conf_358",5000,38,0.7621033115,1,5
"13428",5,2,"conf_358",7500,38,0.0136746172,1,5
"13429",5,2,"conf_358",250,39,60260.5706833083,1,5
"13430",5,2,"conf_358",500,39,54172.78120678,1,5
"13431",5,2,"conf_358",1500,39,1605.2193930633,1,5
"13432",5,2,"conf_358",2500,39,84.1150169897,1,5
"13433",5,2,"conf_358",5000,39,2.3098875726,1,5
"13434",5,2,"conf_358",7500,39,0.0091126451,1,5
"13435",5,2,"conf_358",250,40,35491.4709354242,1,5
"13436",5,2,"conf_358",500,40,35491.4709354242,1,5
"13437",5,2,"conf_358",1500,40,4040.2328277449,1,5
"13438",5,2,"conf_358",2500,40,126.7655827075,1,5
"13439",5,2,"conf_358",5000,40,2.7252085111,1,5
"13440",5,2,"conf_358",7500,40,0.0117372242,1,5
"13441",5,2,"conf_358",250,41,18653.734470197,1,5
"13442",5,2,"conf_358",500,41,15401.6427987704,1,5
"13443",5,2,"conf_358",1500,41,583.9099937814,1,5
"13444",5,2,"conf_358",2500,41,107.3807172698,1,5
"13445",5,2,"conf_358",5000,41,2.2582165298,1,5
"13446",5,2,"conf_358",7500,41,0.0143738638,1,5
"13447",5,2,"conf_358",250,42,66675.5088285933,1,5
"13448",5,2,"conf_358",500,42,31028.0465259043,1,5
"13449",5,2,"conf_358",1500,42,3513.7487656497,1,5
"13450",5,2,"conf_358",2500,42,449.174575262,1,5
"13451",5,2,"conf_358",5000,42,0.183958634,1,5
"13452",5,2,"conf_358",7500,42,0.0325567427,1,5
"13453",5,2,"conf_358",250,43,67588.7155463153,1,5
"13454",5,2,"conf_358",500,43,67588.7155463153,1,5
"13455",5,2,"conf_358",1500,43,1519.6750599893,1,5
"13456",5,2,"conf_358",2500,43,55.4648108338,1,5
"13457",5,2,"conf_358",5000,43,1.0073651782,1,5
"13458",5,2,"conf_358",7500,43,0.0142965498,1,5
"13459",5,2,"conf_358",250,44,7052.8391576448,1,5
"13460",5,2,"conf_358",500,44,5091.9821833923,1,5
"13461",5,2,"conf_358",1500,44,2138.8349671592,1,5
"13462",5,2,"conf_358",2500,44,230.6502088661,1,5
"13463",5,2,"conf_358",5000,44,4.3957179092,1,5
"13464",5,2,"conf_358",7500,44,0.0178627813,1,5
"13465",5,2,"conf_358",250,45,79560.8862242294,1,5
"13466",5,2,"conf_358",500,45,27462.7755309565,1,5
"13467",5,2,"conf_358",1500,45,412.7033633238,1,5
"13468",5,2,"conf_358",2500,45,117.8974792307,1,5
"13469",5,2,"conf_358",5000,45,1.4820934732,1,5
"13470",5,2,"conf_358",7500,45,0.0046807475,1,5
"13471",5,2,"conf_358",250,46,19318.3417056517,1,5
"13472",5,2,"conf_358",500,46,19318.3417056517,1,5
"13473",5,2,"conf_358",1500,46,764.529808824,1,5
"13474",5,2,"conf_358",2500,46,123.6761567979,1,5
"13475",5,2,"conf_358",5000,46,1.5429025315,1,5
"13476",5,2,"conf_358",7500,46,0.0257790463,1,5
"13477",5,2,"conf_358",250,47,42096.4460032809,1,5
"13478",5,2,"conf_358",500,47,29255.2003804841,1,5
"13479",5,2,"conf_358",1500,47,1524.7503906737,1,5
"13480",5,2,"conf_358",2500,47,72.2283635117,1,5
"13481",5,2,"conf_358",5000,47,0.9806234124,1,5
"13482",5,2,"conf_358",7500,47,0.0283553699,1,5
"13483",5,2,"conf_358",250,48,5533.4062383846,1,5
"13484",5,2,"conf_358",500,48,5528.9168720497,1,5
"13485",5,2,"conf_358",1500,48,521.56078519,1,5
"13486",5,2,"conf_358",2500,48,192.1628102719,1,5
"13487",5,2,"conf_358",5000,48,2.7600928064,1,5
"13488",5,2,"conf_358",7500,48,0.017986086,1,5
"13489",5,2,"conf_358",250,49,97168.8761846127,1,5
"13490",5,2,"conf_358",500,49,9460.8443548924,1,5
"13491",5,2,"conf_358",1500,49,2457.3576406329,1,5
"13492",5,2,"conf_358",2500,49,304.5516786805,1,5
"13493",5,2,"conf_358",5000,49,5.280464186,1,5
"13494",5,2,"conf_358",7500,49,0.0113314592,1,5
"13495",5,2,"conf_358",250,50,132133.717396631,1,5
"13496",5,2,"conf_358",500,50,59325.4774734383,1,5
"13497",5,2,"conf_358",1500,50,1258.8886527152,1,5
"13498",5,2,"conf_358",2500,50,255.1544459189,1,5
"13499",5,2,"conf_358",5000,50,3.3706739109,1,5
"13500",5,2,"conf_358",7500,50,0.0201143598,1,5
"13501",5,2,"conf_358",250,51,73266.9700574238,2,5
"13502",5,2,"conf_358",500,51,39780.0080883918,2,5
"13503",5,2,"conf_358",1500,51,1962.0546978129,2,5
"13504",5,2,"conf_358",2500,51,320.3706762277,2,5
"13505",5,2,"conf_358",5000,51,2.3074938284,2,5
"13506",5,2,"conf_358",7500,51,0.0169422277,2,5
"13507",5,2,"conf_358",250,52,9970.2465244727,2,5
"13508",5,2,"conf_358",500,52,9970.2465244727,2,5
"13509",5,2,"conf_358",1500,52,3739.8473432903,2,5
"13510",5,2,"conf_358",2500,52,248.805503048,2,5
"13511",5,2,"conf_358",5000,52,2.3744857225,2,5
"13512",5,2,"conf_358",7500,52,0.0203499171,2,5
"13513",5,2,"conf_358",250,53,13103.5359249478,2,5
"13514",5,2,"conf_358",500,53,4774.8093689791,2,5
"13515",5,2,"conf_358",1500,53,2888.4409010604,2,5
"13516",5,2,"conf_358",2500,53,84.0751482593,2,5
"13517",5,2,"conf_358",5000,53,2.7718489832,2,5
"13518",5,2,"conf_358",7500,53,0.0225712769,2,5
"13519",5,2,"conf_358",250,54,13445.6967303238,2,5
"13520",5,2,"conf_358",500,54,9817.9468696785,2,5
"13521",5,2,"conf_358",1500,54,636.2034834708,2,5
"13522",5,2,"conf_358",2500,54,85.4854101915,2,5
"13523",5,2,"conf_358",5000,54,1.7081648547,2,5
"13524",5,2,"conf_358",7500,54,0.0256232465,2,5
"13525",5,2,"conf_358",250,55,12214.8082837737,2,5
"13526",5,2,"conf_358",500,55,12214.8082837737,2,5
"13527",5,2,"conf_358",1500,55,1941.8231980076,2,5
"13528",5,2,"conf_358",2500,55,261.1931011642,2,5
"13529",5,2,"conf_358",5000,55,1.8319423437,2,5
"13530",5,2,"conf_358",7500,55,0.0071570102,2,5
"13531",5,2,"conf_358",250,56,7257.5775549571,2,5
"13532",5,2,"conf_358",500,56,7257.5775549571,2,5
"13533",5,2,"conf_358",1500,56,2096.1098152744,2,5
"13534",5,2,"conf_358",2500,56,579.9925453619,2,5
"13535",5,2,"conf_358",5000,56,2.833555327,2,5
"13536",5,2,"conf_358",7500,56,0.0244114633,2,5
"13537",5,2,"conf_358",250,57,17362.1567733345,2,5
"13538",5,2,"conf_358",500,57,10102.3023228441,2,5
"13539",5,2,"conf_358",1500,57,318.3681490212,2,5
"13540",5,2,"conf_358",2500,57,318.3681490212,2,5
"13541",5,2,"conf_358",5000,57,1.1008445651,2,5
"13542",5,2,"conf_358",7500,57,0.0039706694,2,5
"13543",5,2,"conf_358",250,58,5222.4677672607,2,5
"13544",5,2,"conf_358",500,58,5222.4677672607,2,5
"13545",5,2,"conf_358",1500,58,238.4261324345,2,5
"13546",5,2,"conf_358",2500,58,66.211263504,2,5
"13547",5,2,"conf_358",5000,58,2.105226502,2,5
"13548",5,2,"conf_358",7500,58,0.0026130982,2,5
"13549",5,2,"conf_358",250,59,12982.2344460886,2,5
"13550",5,2,"conf_358",500,59,12982.2344460886,2,5
"13551",5,2,"conf_358",1500,59,4536.9197153541,2,5
"13552",5,2,"conf_358",2500,59,296.5679733116,2,5
"13553",5,2,"conf_358",5000,59,2.8089863712,2,5
"13554",5,2,"conf_358",7500,59,0.0151843909,2,5
"13555",5,2,"conf_358",250,60,18044.8687058939,2,5
"13556",5,2,"conf_358",500,60,10800.6504949371,2,5
"13557",5,2,"conf_358",1500,60,1822.3567668485,2,5
"13558",5,2,"conf_358",2500,60,63.8829936503,2,5
"13559",5,2,"conf_358",5000,60,2.3630747395,2,5
"13560",5,2,"conf_358",7500,60,0.0183557081,2,5
"13561",5,2,"conf_358",250,61,2274.0128404241,2,5
"13562",5,2,"conf_358",500,61,2173.4983846754,2,5
"13563",5,2,"conf_358",1500,61,398.3868857055,2,5
"13564",5,2,"conf_358",2500,61,107.4581437753,2,5
"13565",5,2,"conf_358",5000,61,1.9054898969,2,5
"13566",5,2,"conf_358",7500,61,0.0033264098,2,5
"13567",5,2,"conf_358",250,62,38730.7890211997,2,5
"13568",5,2,"conf_358",500,62,32995.9685948785,2,5
"13569",5,2,"conf_358",1500,62,1363.9946388463,2,5
"13570",5,2,"conf_358",2500,62,209.190036472,2,5
"13571",5,2,"conf_358",5000,62,1.9042107558,2,5
"13572",5,2,"conf_358",7500,62,0.024062079,2,5
"13573",5,2,"conf_358",250,63,27820.1756299227,2,5
"13574",5,2,"conf_358",500,63,5444.3491401057,2,5
"13575",5,2,"conf_358",1500,63,3134.1845817901,2,5
"13576",5,2,"conf_358",2500,63,155.480372325,2,5
"13577",5,2,"conf_358",5000,63,2.8554477894,2,5
"13578",5,2,"conf_358",7500,63,0.0059094766,2,5
"13579",5,2,"conf_358",250,64,24350.9015075899,2,5
"13580",5,2,"conf_358",500,64,21673.3899810142,2,5
"13581",5,2,"conf_358",1500,64,1095.5423187158,2,5
"13582",5,2,"conf_358",2500,64,291.975963182,2,5
"13583",5,2,"conf_358",5000,64,1.1539914616,2,5
"13584",5,2,"conf_358",7500,64,0.0021946405,2,5
"13585",5,2,"conf_358",250,65,40289.5891053334,2,5
"13586",5,2,"conf_358",500,65,36874.460972667,2,5
"13587",5,2,"conf_358",1500,65,1278.9141629667,2,5
"13588",5,2,"conf_358",2500,65,67.9865940576,2,5
"13589",5,2,"conf_358",5000,65,0.3090026166,2,5
"13590",5,2,"conf_358",7500,65,0.0118591708,2,5
"13591",5,2,"conf_358",250,66,6752.412496377,2,5
"13592",5,2,"conf_358",500,66,6752.412496377,2,5
"13593",5,2,"conf_358",1500,66,236.1815018849,2,5
"13594",5,2,"conf_358",2500,66,140.8365046936,2,5
"13595",5,2,"conf_358",5000,66,2.3166198636,2,5
"13596",5,2,"conf_358",7500,66,0.006913361,2,5
"13597",5,2,"conf_358",250,67,17318.0028279872,2,5
"13598",5,2,"conf_358",500,67,6094.6295508589,2,5
"13599",5,2,"conf_358",1500,67,846.7823083332,2,5
"13600",5,2,"conf_358",2500,67,410.8019758505,2,5
"13601",5,2,"conf_358",5000,67,1.9731456593,2,5
"13602",5,2,"conf_358",7500,67,0.0079145021,2,5
"13603",5,2,"conf_358",250,68,39894.6774254102,2,5
"13604",5,2,"conf_358",500,68,4362.9044070109,2,5
"13605",5,2,"conf_358",1500,68,1162.0317662401,2,5
"13606",5,2,"conf_358",2500,68,353.6064263945,2,5
"13607",5,2,"conf_358",5000,68,3.1143013252,2,5
"13608",5,2,"conf_358",7500,68,0.0272341087,2,5
"13609",5,2,"conf_358",250,69,75008.7662113564,2,5
"13610",5,2,"conf_358",500,69,63577.7420689572,2,5
"13611",5,2,"conf_358",1500,69,1102.4748987119,2,5
"13612",5,2,"conf_358",2500,69,455.1093122541,2,5
"13613",5,2,"conf_358",5000,69,4.7577974845,2,5
"13614",5,2,"conf_358",7500,69,0.0192857282,2,5
"13615",5,2,"conf_358",250,70,20963.3940657888,2,5
"13616",5,2,"conf_358",500,70,20380.8996049866,2,5
"13617",5,2,"conf_358",1500,70,4766.750535452,2,5
"13618",5,2,"conf_358",2500,70,135.8407122939,2,5
"13619",5,2,"conf_358",5000,70,1.0356079398,2,5
"13620",5,2,"conf_358",7500,70,0.0407882133,2,5
"13621",5,2,"conf_358",250,71,22348.5296708894,2,5
"13622",5,2,"conf_358",500,71,16707.1797306045,2,5
"13623",5,2,"conf_358",1500,71,1715.7756455414,2,5
"13624",5,2,"conf_358",2500,71,383.1489816259,2,5
"13625",5,2,"conf_358",5000,71,1.1069607709,2,5
"13626",5,2,"conf_358",7500,71,0.0171744636,2,5
"13627",5,2,"conf_358",250,72,12504.8532797043,2,5
"13628",5,2,"conf_358",500,72,12504.8532797043,2,5
"13629",5,2,"conf_358",1500,72,1623.109452715,2,5
"13630",5,2,"conf_358",2500,72,331.2193128389,2,5
"13631",5,2,"conf_358",5000,72,4.4150684398,2,5
"13632",5,2,"conf_358",7500,72,0.0308396937,2,5
"13633",5,2,"conf_358",250,73,28905.7040447182,2,5
"13634",5,2,"conf_358",500,73,28904.5680709751,2,5
"13635",5,2,"conf_358",1500,73,7297.5410740971,2,5
"13636",5,2,"conf_358",2500,73,1077.5062692818,2,5
"13637",5,2,"conf_358",5000,73,2.0653256092,2,5
"13638",5,2,"conf_358",7500,73,0.0575396533,2,5
"13639",5,2,"conf_358",250,74,4407.9675543818,2,5
"13640",5,2,"conf_358",500,74,4407.9675543818,2,5
"13641",5,2,"conf_358",1500,74,421.5738715316,2,5
"13642",5,2,"conf_358",2500,74,106.8082060111,2,5
"13643",5,2,"conf_358",5000,74,2.6481178134,2,5
"13644",5,2,"conf_358",7500,74,0.0155877604,2,5
"13645",5,2,"conf_358",250,75,53788.1515030531,2,5
"13646",5,2,"conf_358",500,75,22736.269055739,2,5
"13647",5,2,"conf_358",1500,75,2486.010210217,2,5
"13648",5,2,"conf_358",2500,75,133.0661728684,2,5
"13649",5,2,"conf_358",5000,75,2.5216855469,2,5
"13650",5,2,"conf_358",7500,75,0.0103208837,2,5
"13651",5,2,"conf_358",250,76,7483.8841487908,2,5
"13652",5,2,"conf_358",500,76,7031.5590047989,2,5
"13653",5,2,"conf_358",1500,76,3777.7669498774,2,5
"13654",5,2,"conf_358",2500,76,156.5870388871,2,5
"13655",5,2,"conf_358",5000,76,2.409023136,2,5
"13656",5,2,"conf_358",7500,76,0.0057226155,2,5
"13657",5,2,"conf_358",250,77,25404.4263417164,2,5
"13658",5,2,"conf_358",500,77,25404.4263417164,2,5
"13659",5,2,"conf_358",1500,77,444.3633864067,2,5
"13660",5,2,"conf_358",2500,77,49.2238996081,2,5
"13661",5,2,"conf_358",5000,77,1.8135614254,2,5
"13662",5,2,"conf_358",7500,77,0.016562201,2,5
"13663",5,2,"conf_358",250,78,53962.0435624636,2,5
"13664",5,2,"conf_358",500,78,41524.6868740916,2,5
"13665",5,2,"conf_358",1500,78,2312.0457791266,2,5
"13666",5,2,"conf_358",2500,78,336.9689471038,2,5
"13667",5,2,"conf_358",5000,78,0.2502023596,2,5
"13668",5,2,"conf_358",7500,78,0.0147015654,2,5
"13669",5,2,"conf_358",250,79,9369.8094933487,2,5
"13670",5,2,"conf_358",500,79,9369.8094933487,2,5
"13671",5,2,"conf_358",1500,79,3112.5250355273,2,5
"13672",5,2,"conf_358",2500,79,114.6253316174,2,5
"13673",5,2,"conf_358",5000,79,1.4830296429,2,5
"13674",5,2,"conf_358",7500,79,0.0345512131,2,5
"13675",5,2,"conf_358",250,80,25643.0391642313,2,5
"13676",5,2,"conf_358",500,80,21609.8277393115,2,5
"13677",5,2,"conf_358",1500,80,1384.8754837072,2,5
"13678",5,2,"conf_358",2500,80,275.2012182047,2,5
"13679",5,2,"conf_358",5000,80,2.6858136379,2,5
"13680",5,2,"conf_358",7500,80,0.0176403796,2,5
"13681",5,2,"conf_358",250,81,3668.1084915113,2,5
"13682",5,2,"conf_358",500,81,3668.1084915113,2,5
"13683",5,2,"conf_358",1500,81,1109.2107690758,2,5
"13684",5,2,"conf_358",2500,81,89.4078637081,2,5
"13685",5,2,"conf_358",5000,81,2.8619388268,2,5
"13686",5,2,"conf_358",7500,81,0.0288301143,2,5
"13687",5,2,"conf_358",250,82,13496.4226235149,2,5
"13688",5,2,"conf_358",500,82,13496.4226235149,2,5
"13689",5,2,"conf_358",1500,82,601.881084972,2,5
"13690",5,2,"conf_358",2500,82,98.0380556685,2,5
"13691",5,2,"conf_358",5000,82,1.0986568942,2,5
"13692",5,2,"conf_358",7500,82,0.0112682323,2,5
"13693",5,2,"conf_358",250,83,33601.7596250793,2,5
"13694",5,2,"conf_358",500,83,17452.5253304421,2,5
"13695",5,2,"conf_358",1500,83,3180.3676623181,2,5
"13696",5,2,"conf_358",2500,83,174.5092447167,2,5
"13697",5,2,"conf_358",5000,83,3.9414574111,2,5
"13698",5,2,"conf_358",7500,83,0.0199840288,2,5
"13699",5,2,"conf_358",250,84,3317.1073019911,2,5
"13700",5,2,"conf_358",500,84,647.6408074171,2,5
"13701",5,2,"conf_358",1500,84,647.6408074171,2,5
"13702",5,2,"conf_358",2500,84,130.1775196503,2,5
"13703",5,2,"conf_358",5000,84,2.4077740065,2,5
"13704",5,2,"conf_358",7500,84,0.0671552118,2,5
"13705",5,2,"conf_358",250,85,5886.0936124862,2,5
"13706",5,2,"conf_358",500,85,5256.4707556687,2,5
"13707",5,2,"conf_358",1500,85,1710.2508430985,2,5
"13708",5,2,"conf_358",2500,85,84.0456157871,2,5
"13709",5,2,"conf_358",5000,85,3.1779700042,2,5
"13710",5,2,"conf_358",7500,85,0.0148828002,2,5
"13711",5,2,"conf_358",250,86,28903.8353242559,2,5
"13712",5,2,"conf_358",500,86,7592.8731499407,2,5
"13713",5,2,"conf_358",1500,86,2037.9247448209,2,5
"13714",5,2,"conf_358",2500,86,269.6895044061,2,5
"13715",5,2,"conf_358",5000,86,2.3456438642,2,5
"13716",5,2,"conf_358",7500,86,0.0182208813,2,5
"13717",5,2,"conf_358",250,87,30856.6907409723,2,5
"13718",5,2,"conf_358",500,87,30856.6907409723,2,5
"13719",5,2,"conf_358",1500,87,830.8903716285,2,5
"13720",5,2,"conf_358",2500,87,146.9040028982,2,5
"13721",5,2,"conf_358",5000,87,2.9875380006,2,5
"13722",5,2,"conf_358",7500,87,0.0320354292,2,5
"13723",5,2,"conf_358",250,88,63055.4607203611,2,5
"13724",5,2,"conf_358",500,88,29017.5867939477,2,5
"13725",5,2,"conf_358",1500,88,1761.6357644291,2,5
"13726",5,2,"conf_358",2500,88,384.5710108101,2,5
"13727",5,2,"conf_358",5000,88,3.564605498,2,5
"13728",5,2,"conf_358",7500,88,0.0232052161,2,5
"13729",5,2,"conf_358",250,89,33831.6307488551,2,5
"13730",5,2,"conf_358",500,89,12991.3377217277,2,5
"13731",5,2,"conf_358",1500,89,1445.6276614165,2,5
"13732",5,2,"conf_358",2500,89,84.8305973469,2,5
"13733",5,2,"conf_358",5000,89,1.8425538686,2,5
"13734",5,2,"conf_358",7500,89,0.0260081732,2,5
"13735",5,2,"conf_358",250,90,25790.6226685862,2,5
"13736",5,2,"conf_358",500,90,6969.1183928203,2,5
"13737",5,2,"conf_358",1500,90,3487.159119072,2,5
"13738",5,2,"conf_358",2500,90,514.9010772024,2,5
"13739",5,2,"conf_358",5000,90,1.2369009649,2,5
"13740",5,2,"conf_358",7500,90,0.0166172117,2,5
"13741",5,2,"conf_358",250,91,28880.4453404896,2,5
"13742",5,2,"conf_358",500,91,12895.3085576725,2,5
"13743",5,2,"conf_358",1500,91,1354.1027994779,2,5
"13744",5,2,"conf_358",2500,91,440.7503733189,2,5
"13745",5,2,"conf_358",5000,91,3.557204585,2,5
"13746",5,2,"conf_358",7500,91,0.0160848724,2,5
"13747",5,2,"conf_358",250,92,39363.3071339613,2,5
"13748",5,2,"conf_358",500,92,10947.3074659126,2,5
"13749",5,2,"conf_358",1500,92,3368.8729211237,2,5
"13750",5,2,"conf_358",2500,92,186.9061178413,2,5
"13751",5,2,"conf_358",5000,92,4.244138603,2,5
"13752",5,2,"conf_358",7500,92,0.0143957685,2,5
"13753",5,2,"conf_358",250,93,8704.3152595319,2,5
"13754",5,2,"conf_358",500,93,5088.9871498231,2,5
"13755",5,2,"conf_358",1500,93,2030.0273728654,2,5
"13756",5,2,"conf_358",2500,93,32.448025604,2,5
"13757",5,2,"conf_358",5000,93,0.9395445885,2,5
"13758",5,2,"conf_358",7500,93,0.0228114375,2,5
"13759",5,2,"conf_358",250,94,13084.7860849305,2,5
"13760",5,2,"conf_358",500,94,13084.7860849305,2,5
"13761",5,2,"conf_358",1500,94,6081.8087410297,2,5
"13762",5,2,"conf_358",2500,94,59.0880713097,2,5
"13763",5,2,"conf_358",5000,94,0.2573042349,2,5
"13764",5,2,"conf_358",7500,94,0.00770416,2,5
"13765",5,2,"conf_358",250,95,78019.5283184469,2,5
"13766",5,2,"conf_358",500,95,20321.3074281129,2,5
"13767",5,2,"conf_358",1500,95,672.2434105626,2,5
"13768",5,2,"conf_358",2500,95,336.006843702,2,5
"13769",5,2,"conf_358",5000,95,2.9099568839,2,5
"13770",5,2,"conf_358",7500,95,0.0124778673,2,5
"13771",5,2,"conf_358",250,96,20425.8226403893,2,5
"13772",5,2,"conf_358",500,96,20425.8226403893,2,5
"13773",5,2,"conf_358",1500,96,508.8800475877,2,5
"13774",5,2,"conf_358",2500,96,168.2616942072,2,5
"13775",5,2,"conf_358",5000,96,1.941688898,2,5
"13776",5,2,"conf_358",7500,96,0.0321138445,2,5
"13777",5,2,"conf_358",250,97,21564.5532405659,2,5
"13778",5,2,"conf_358",500,97,21564.5532405659,2,5
"13779",5,2,"conf_358",1500,97,2357.0571749981,2,5
"13780",5,2,"conf_358",2500,97,141.2987718004,2,5
"13781",5,2,"conf_358",5000,97,3.3555466519,2,5
"13782",5,2,"conf_358",7500,97,0.0145826364,2,5
"13783",5,2,"conf_358",250,98,25437.505014827,2,5
"13784",5,2,"conf_358",500,98,9446.6772697593,2,5
"13785",5,2,"conf_358",1500,98,2122.4431105924,2,5
"13786",5,2,"conf_358",2500,98,296.8569379166,2,5
"13787",5,2,"conf_358",5000,98,0.9314044472,2,5
"13788",5,2,"conf_358",7500,98,0.0162209696,2,5
"13789",5,2,"conf_358",250,99,21655.9242881757,2,5
"13790",5,2,"conf_358",500,99,18156.3724327937,2,5
"13791",5,2,"conf_358",1500,99,1228.0619645982,2,5
"13792",5,2,"conf_358",2500,99,236.7399615512,2,5
"13793",5,2,"conf_358",5000,99,2.9939728427,2,5
"13794",5,2,"conf_358",7500,99,0.0100979062,2,5
"13795",5,2,"conf_358",250,100,73401.6397210183,2,5
"13796",5,2,"conf_358",500,100,8778.9003165779,2,5
"13797",5,2,"conf_358",1500,100,1204.079615637,2,5
"13798",5,2,"conf_358",2500,100,254.2557962394,2,5
"13799",5,2,"conf_358",5000,100,0.8801745546,2,5
"13800",5,2,"conf_358",7500,100,0.0034453073,2,5
"13801",5,2,"conf_358",250,101,17530.7402402974,4,5
"13802",5,2,"conf_358",500,101,8880.6561812764,4,5
"13803",5,2,"conf_358",1500,101,386.5013820873,4,5
"13804",5,2,"conf_358",2500,101,122.8247338646,4,5
"13805",5,2,"conf_358",5000,101,0.5213648676,4,5
"13806",5,2,"conf_358",7500,101,0.0080684131,4,5
"13807",5,2,"conf_358",250,102,2139.0173273241,4,5
"13808",5,2,"conf_358",500,102,2139.0173273241,4,5
"13809",5,2,"conf_358",1500,102,2070.9002487468,4,5
"13810",5,2,"conf_358",2500,102,20.4397137688,4,5
"13811",5,2,"conf_358",5000,102,2.1113724324,4,5
"13812",5,2,"conf_358",7500,102,0.0112128567,4,5
"13813",5,2,"conf_358",250,103,50457.2433274932,4,5
"13814",5,2,"conf_358",500,103,25224.5690438449,4,5
"13815",5,2,"conf_358",1500,103,1265.5758547978,4,5
"13816",5,2,"conf_358",2500,103,109.6685118777,4,5
"13817",5,2,"conf_358",5000,103,4.0219182925,4,5
"13818",5,2,"conf_358",7500,103,0.0081949977,4,5
"13819",5,2,"conf_358",250,104,22787.4896665858,4,5
"13820",5,2,"conf_358",500,104,19411.3398033068,4,5
"13821",5,2,"conf_358",1500,104,5239.0046976046,4,5
"13822",5,2,"conf_358",2500,104,222.9365312469,4,5
"13823",5,2,"conf_358",5000,104,2.6424140611,4,5
"13824",5,2,"conf_358",7500,104,0.0190789792,4,5
"13825",5,2,"conf_358",250,105,11194.2657221883,4,5
"13826",5,2,"conf_358",500,105,11194.2657221883,4,5
"13827",5,2,"conf_358",1500,105,1247.7529294444,4,5
"13828",5,2,"conf_358",2500,105,246.2111338553,4,5
"13829",5,2,"conf_358",5000,105,0.9465759947,4,5
"13830",5,2,"conf_358",7500,105,0.0134647357,4,5
"13831",5,2,"conf_358",250,106,17203.9038237549,4,5
"13832",5,2,"conf_358",500,106,17203.9038237549,4,5
"13833",5,2,"conf_358",1500,106,965.2000854282,4,5
"13834",5,2,"conf_358",2500,106,285.0174440276,4,5
"13835",5,2,"conf_358",5000,106,8.7316635862,4,5
"13836",5,2,"conf_358",7500,106,0.0436617787,4,5
"13837",5,2,"conf_358",250,107,19324.9141123613,4,5
"13838",5,2,"conf_358",500,107,7009.5520823775,4,5
"13839",5,2,"conf_358",1500,107,318.373142301,4,5
"13840",5,2,"conf_358",2500,107,310.5190872665,4,5
"13841",5,2,"conf_358",5000,107,4.6414102135,4,5
"13842",5,2,"conf_358",7500,107,0.0315699389,4,5
"13843",5,2,"conf_358",250,108,77457.0772684773,4,5
"13844",5,2,"conf_358",500,108,22302.1375786811,4,5
"13845",5,2,"conf_358",1500,108,570.7380647426,4,5
"13846",5,2,"conf_358",2500,108,45.6556017615,4,5
"13847",5,2,"conf_358",5000,108,1.8883416075,4,5
"13848",5,2,"conf_358",7500,108,0.0222388298,4,5
"13849",5,2,"conf_358",250,109,87080.5414619638,4,5
"13850",5,2,"conf_358",500,109,2319.0807599297,4,5
"13851",5,2,"conf_358",1500,109,1519.941083273,4,5
"13852",5,2,"conf_358",2500,109,163.6634448741,4,5
"13853",5,2,"conf_358",5000,109,7.7586618995,4,5
"13854",5,2,"conf_358",7500,109,0.035305653,4,5
"13855",5,2,"conf_358",250,110,15906.3018885461,4,5
"13856",5,2,"conf_358",500,110,326.7602364019,4,5
"13857",5,2,"conf_358",1500,110,326.7602364019,4,5
"13858",5,2,"conf_358",2500,110,129.3874085619,4,5
"13859",5,2,"conf_358",5000,110,1.4297725238,4,5
"13860",5,2,"conf_358",7500,110,0.0145787938,4,5
"13861",5,2,"conf_358",250,111,23974.9459836908,4,5
"13862",5,2,"conf_358",500,111,16527.2419455133,4,5
"13863",5,2,"conf_358",1500,111,2255.8311229687,4,5
"13864",5,2,"conf_358",2500,111,127.722739965,4,5
"13865",5,2,"conf_358",5000,111,1.990560354,4,5
"13866",5,2,"conf_358",7500,111,0.0117002905,4,5
"13867",5,2,"conf_358",250,112,51429.0225037322,4,5
"13868",5,2,"conf_358",500,112,51429.0225037322,4,5
"13869",5,2,"conf_358",1500,112,1480.8394916854,4,5
"13870",5,2,"conf_358",2500,112,55.7079450054,4,5
"13871",5,2,"conf_358",5000,112,1.6180256371,4,5
"13872",5,2,"conf_358",7500,112,0.0082470408,4,5
"13873",5,2,"conf_358",250,113,21052.1209281333,4,5
"13874",5,2,"conf_358",500,113,21052.1209281333,4,5
"13875",5,2,"conf_358",1500,113,997.2751714048,4,5
"13876",5,2,"conf_358",2500,113,662.1026765875,4,5
"13877",5,2,"conf_358",5000,113,2.6389545731,4,5
"13878",5,2,"conf_358",7500,113,0.0260388638,4,5
"13879",5,2,"conf_358",250,114,22675.5169249474,4,5
"13880",5,2,"conf_358",500,114,4489.4420734532,4,5
"13881",5,2,"conf_358",1500,114,474.9309782083,4,5
"13882",5,2,"conf_358",2500,114,55.1760671747,4,5
"13883",5,2,"conf_358",5000,114,2.7389568959,4,5
"13884",5,2,"conf_358",7500,114,0.0163511996,4,5
"13885",5,2,"conf_358",250,115,71776.6714547016,4,5
"13886",5,2,"conf_358",500,115,7603.3400114473,4,5
"13887",5,2,"conf_358",1500,115,932.7662229653,4,5
"13888",5,2,"conf_358",2500,115,270.0054696993,4,5
"13889",5,2,"conf_358",5000,115,1.7366205389,4,5
"13890",5,2,"conf_358",7500,115,0.0132775742,4,5
"13891",5,2,"conf_358",250,116,16165.3460996216,4,5
"13892",5,2,"conf_358",500,116,14145.296277252,4,5
"13893",5,2,"conf_358",1500,116,1636.3177302793,4,5
"13894",5,2,"conf_358",2500,116,88.3070684797,4,5
"13895",5,2,"conf_358",5000,116,1.7625446288,4,5
"13896",5,2,"conf_358",7500,116,0.0077031423,4,5
"13897",5,2,"conf_358",250,117,14542.4441300294,4,5
"13898",5,2,"conf_358",500,117,14542.4441300294,4,5
"13899",5,2,"conf_358",1500,117,948.3550924448,4,5
"13900",5,2,"conf_358",2500,117,169.1510595887,4,5
"13901",5,2,"conf_358",5000,117,2.2755836605,4,5
"13902",5,2,"conf_358",7500,117,0.0041368975,4,5
"13903",5,2,"conf_358",250,118,10031.557708891,4,5
"13904",5,2,"conf_358",500,118,10031.557708891,4,5
"13905",5,2,"conf_358",1500,118,497.8092253516,4,5
"13906",5,2,"conf_358",2500,118,240.5579150359,4,5
"13907",5,2,"conf_358",5000,118,3.209326475,4,5
"13908",5,2,"conf_358",7500,118,0.0198067243,4,5
"13909",5,2,"conf_358",250,119,31261.9554646335,4,5
"13910",5,2,"conf_358",500,119,7242.5948756484,4,5
"13911",5,2,"conf_358",1500,119,671.7392487562,4,5
"13912",5,2,"conf_358",2500,119,135.2912777506,4,5
"13913",5,2,"conf_358",5000,119,1.9320208174,4,5
"13914",5,2,"conf_358",7500,119,0.0127952459,4,5
"13915",5,2,"conf_358",250,120,22469.6675994755,4,5
"13916",5,2,"conf_358",500,120,22469.6675994755,4,5
"13917",5,2,"conf_358",1500,120,882.8992242824,4,5
"13918",5,2,"conf_358",2500,120,73.9706917422,4,5
"13919",5,2,"conf_358",5000,120,1.9049623037,4,5
"13920",5,2,"conf_358",7500,120,0.0315307722,4,5
"13921",5,2,"conf_358",250,121,8969.0786630715,4,5
"13922",5,2,"conf_358",500,121,8969.0786630715,4,5
"13923",5,2,"conf_358",1500,121,392.9691578448,4,5
"13924",5,2,"conf_358",2500,121,222.4208892784,4,5
"13925",5,2,"conf_358",5000,121,4.8136052986,4,5
"13926",5,2,"conf_358",7500,121,0.0397575594,4,5
"13927",5,2,"conf_358",250,122,18534.9733894436,4,5
"13928",5,2,"conf_358",500,122,4420.9074128336,4,5
"13929",5,2,"conf_358",1500,122,2571.254837446,4,5
"13930",5,2,"conf_358",2500,122,161.9343639006,4,5
"13931",5,2,"conf_358",5000,122,1.7659944256,4,5
"13932",5,2,"conf_358",7500,122,0.0285195047,4,5
"13933",5,2,"conf_358",250,123,72185.2313286064,4,5
"13934",5,2,"conf_358",500,123,71913.7645732367,4,5
"13935",5,2,"conf_358",1500,123,542.6746088939,4,5
"13936",5,2,"conf_358",2500,123,199.8205654115,4,5
"13937",5,2,"conf_358",5000,123,3.4110272121,4,5
"13938",5,2,"conf_358",7500,123,0.0322331052,4,5
"13939",5,2,"conf_358",250,124,5885.975598082,4,5
"13940",5,2,"conf_358",500,124,5885.975598082,4,5
"13941",5,2,"conf_358",1500,124,2711.6374607125,4,5
"13942",5,2,"conf_358",2500,124,109.4080839347,4,5
"13943",5,2,"conf_358",5000,124,1.9185042964,4,5
"13944",5,2,"conf_358",7500,124,0.0310633482,4,5
"13945",5,2,"conf_358",250,125,19493.9154272173,4,5
"13946",5,2,"conf_358",500,125,10029.4302230824,4,5
"13947",5,2,"conf_358",1500,125,1159.3890780501,4,5
"13948",5,2,"conf_358",2500,125,289.3655103735,4,5
"13949",5,2,"conf_358",5000,125,2.0510579605,4,5
"13950",5,2,"conf_358",7500,125,0.0179701476,4,5
"13951",5,2,"conf_358",250,126,17432.5993364518,4,5
"13952",5,2,"conf_358",500,126,17432.5993364518,4,5
"13953",5,2,"conf_358",1500,126,1660.3432472452,4,5
"13954",5,2,"conf_358",2500,126,799.7246655975,4,5
"13955",5,2,"conf_358",5000,126,5.4558726811,4,5
"13956",5,2,"conf_358",7500,126,0.0257537288,4,5
"13957",5,2,"conf_358",250,127,78617.3827950373,4,5
"13958",5,2,"conf_358",500,127,2754.1943202816,4,5
"13959",5,2,"conf_358",1500,127,565.9283897846,4,5
"13960",5,2,"conf_358",2500,127,154.9050581973,4,5
"13961",5,2,"conf_358",5000,127,2.4784610429,4,5
"13962",5,2,"conf_358",7500,127,0.0207094898,4,5
"13963",5,2,"conf_358",250,128,66991.4580042599,4,5
"13964",5,2,"conf_358",500,128,45485.3942926204,4,5
"13965",5,2,"conf_358",1500,128,2497.4379222629,4,5
"13966",5,2,"conf_358",2500,128,206.0666494214,4,5
"13967",5,2,"conf_358",5000,128,0.9636985023,4,5
"13968",5,2,"conf_358",7500,128,0.0343932413,4,5
"13969",5,2,"conf_358",250,129,12248.2255220462,4,5
"13970",5,2,"conf_358",500,129,12248.2255220462,4,5
"13971",5,2,"conf_358",1500,129,1515.6668691063,4,5
"13972",5,2,"conf_358",2500,129,159.4820061135,4,5
"13973",5,2,"conf_358",5000,129,2.5375142159,4,5
"13974",5,2,"conf_358",7500,129,0.0096122926,4,5
"13975",5,2,"conf_358",250,130,52360.5811062961,4,5
"13976",5,2,"conf_358",500,130,24902.8872819323,4,5
"13977",5,2,"conf_358",1500,130,3096.6312554822,4,5
"13978",5,2,"conf_358",2500,130,368.4685854848,4,5
"13979",5,2,"conf_358",5000,130,1.3075183677,4,5
"13980",5,2,"conf_358",7500,130,0.034395761,4,5
"13981",5,2,"conf_358",250,131,38141.8684517995,4,5
"13982",5,2,"conf_358",500,131,38126.6653245144,4,5
"13983",5,2,"conf_358",1500,131,6799.286709994,4,5
"13984",5,2,"conf_358",2500,131,532.1933845117,4,5
"13985",5,2,"conf_358",5000,131,2.7000408075,4,5
"13986",5,2,"conf_358",7500,131,0.0139800321,4,5
"13987",5,2,"conf_358",250,132,44305.7778128366,4,5
"13988",5,2,"conf_358",500,132,13219.4490196773,4,5
"13989",5,2,"conf_358",1500,132,630.4721548013,4,5
"13990",5,2,"conf_358",2500,132,224.0684762692,4,5
"13991",5,2,"conf_358",5000,132,0.2780643703,4,5
"13992",5,2,"conf_358",7500,132,0.0209543211,4,5
"13993",5,2,"conf_358",250,133,24416.7533248109,4,5
"13994",5,2,"conf_358",500,133,17035.7279074768,4,5
"13995",5,2,"conf_358",1500,133,1889.7630091614,4,5
"13996",5,2,"conf_358",2500,133,58.9025993657,4,5
"13997",5,2,"conf_358",5000,133,0.6549475804,4,5
"13998",5,2,"conf_358",7500,133,0.0143213584,4,5
"13999",5,2,"conf_358",250,134,29235.5619208262,4,5
"14000",5,2,"conf_358",500,134,19890.4311810118,4,5
"14001",5,2,"conf_358",1500,134,1536.3180284218,4,5
"14002",5,2,"conf_358",2500,134,247.3400136356,4,5
"14003",5,2,"conf_358",5000,134,6.4644976122,4,5
"14004",5,2,"conf_358",7500,134,0.0564429336,4,5
"14005",5,2,"conf_358",250,135,14436.4197746061,4,5
"14006",5,2,"conf_358",500,135,14436.4197746061,4,5
"14007",5,2,"conf_358",1500,135,2317.4354518513,4,5
"14008",5,2,"conf_358",2500,135,322.7625480666,4,5
"14009",5,2,"conf_358",5000,135,5.128138469,4,5
"14010",5,2,"conf_358",7500,135,0.0293624957,4,5
"14011",5,2,"conf_358",250,136,126947.31927172,4,5
"14012",5,2,"conf_358",500,136,5679.9444396383,4,5
"14013",5,2,"conf_358",1500,136,1513.1713206483,4,5
"14014",5,2,"conf_358",2500,136,43.7549666968,4,5
"14015",5,2,"conf_358",5000,136,1.9218198969,4,5
"14016",5,2,"conf_358",7500,136,0.0333904101,4,5
"14017",5,2,"conf_358",250,137,21804.3852022095,4,5
"14018",5,2,"conf_358",500,137,3458.5896702212,4,5
"14019",5,2,"conf_358",1500,137,862.7896082612,4,5
"14020",5,2,"conf_358",2500,137,195.0615337255,4,5
"14021",5,2,"conf_358",5000,137,0.6643594664,4,5
"14022",5,2,"conf_358",7500,137,0.0128626148,4,5
"14023",5,2,"conf_358",250,138,20354.9516480656,4,5
"14024",5,2,"conf_358",500,138,20348.791411907,4,5
"14025",5,2,"conf_358",1500,138,2383.7114866965,4,5
"14026",5,2,"conf_358",2500,138,149.0568885291,4,5
"14027",5,2,"conf_358",5000,138,3.0406495945,4,5
"14028",5,2,"conf_358",7500,138,0.0077999085,4,5
"14029",5,2,"conf_358",250,139,44580.3233582734,4,5
"14030",5,2,"conf_358",500,139,25861.950552442,4,5
"14031",5,2,"conf_358",1500,139,710.559612523,4,5
"14032",5,2,"conf_358",2500,139,285.1757526284,4,5
"14033",5,2,"conf_358",5000,139,0.9724336144,4,5
"14034",5,2,"conf_358",7500,139,0.0292522975,4,5
"14035",5,2,"conf_358",250,140,24829.7485934672,4,5
"14036",5,2,"conf_358",500,140,6190.0376710994,4,5
"14037",5,2,"conf_358",1500,140,1290.8641040609,4,5
"14038",5,2,"conf_358",2500,140,132.9105606175,4,5
"14039",5,2,"conf_358",5000,140,3.4591760234,4,5
"14040",5,2,"conf_358",7500,140,0.0150213883,4,5
"14041",5,2,"conf_358",250,141,48378.0603340535,4,5
"14042",5,2,"conf_358",500,141,20712.9202597054,4,5
"14043",5,2,"conf_358",1500,141,5077.1369760249,4,5
"14044",5,2,"conf_358",2500,141,80.9153953816,4,5
"14045",5,2,"conf_358",5000,141,4.522934556,4,5
"14046",5,2,"conf_358",7500,141,0.0304173154,4,5
"14047",5,2,"conf_358",250,142,6962.6577977648,4,5
"14048",5,2,"conf_358",500,142,6962.6577977648,4,5
"14049",5,2,"conf_358",1500,142,114.3160576399,4,5
"14050",5,2,"conf_358",2500,142,88.7966994403,4,5
"14051",5,2,"conf_358",5000,142,0.8541930757,4,5
"14052",5,2,"conf_358",7500,142,0.0041410233,4,5
"14053",5,2,"conf_358",250,143,11691.6297344843,4,5
"14054",5,2,"conf_358",500,143,9389.3580013376,4,5
"14055",5,2,"conf_358",1500,143,876.8225484124,4,5
"14056",5,2,"conf_358",2500,143,242.331129694,4,5
"14057",5,2,"conf_358",5000,143,4.3813358976,4,5
"14058",5,2,"conf_358",7500,143,0.0259389428,4,5
"14059",5,2,"conf_358",250,144,86072.2468204824,4,5
"14060",5,2,"conf_358",500,144,27788.4099624313,4,5
"14061",5,2,"conf_358",1500,144,1514.5470755743,4,5
"14062",5,2,"conf_358",2500,144,232.2715714667,4,5
"14063",5,2,"conf_358",5000,144,3.9633167995,4,5
"14064",5,2,"conf_358",7500,144,0.0346795835,4,5
"14065",5,2,"conf_358",250,145,13611.9485405006,4,5
"14066",5,2,"conf_358",500,145,12369.4212769845,4,5
"14067",5,2,"conf_358",1500,145,1176.7707174627,4,5
"14068",5,2,"conf_358",2500,145,343.7603660549,4,5
"14069",5,2,"conf_358",5000,145,2.7045778998,4,5
"14070",5,2,"conf_358",7500,145,0.0135235117,4,5
"14071",5,2,"conf_358",250,146,7049.7754015008,4,5
"14072",5,2,"conf_358",500,146,2413.0026043377,4,5
"14073",5,2,"conf_358",1500,146,2412.9532287465,4,5
"14074",5,2,"conf_358",2500,146,205.2809644147,4,5
"14075",5,2,"conf_358",5000,146,4.1599364868,4,5
"14076",5,2,"conf_358",7500,146,0.0102501256,4,5
"14077",5,2,"conf_358",250,147,63731.4420589535,4,5
"14078",5,2,"conf_358",500,147,8483.9011418356,4,5
"14079",5,2,"conf_358",1500,147,372.9065015983,4,5
"14080",5,2,"conf_358",2500,147,106.7499822467,4,5
"14081",5,2,"conf_358",5000,147,0.741385672,4,5
"14082",5,2,"conf_358",7500,147,0.0081439334,4,5
"14083",5,2,"conf_358",250,148,10922.2624492466,4,5
"14084",5,2,"conf_358",500,148,10922.2624492466,4,5
"14085",5,2,"conf_358",1500,148,577.3619516007,4,5
"14086",5,2,"conf_358",2500,148,211.0515531799,4,5
"14087",5,2,"conf_358",5000,148,0.5973313722,4,5
"14088",5,2,"conf_358",7500,148,0.0069615676,4,5
"14089",5,2,"conf_358",250,149,27000.3803565361,4,5
"14090",5,2,"conf_358",500,149,26371.0734356292,4,5
"14091",5,2,"conf_358",1500,149,159.2725253602,4,5
"14092",5,2,"conf_358",2500,149,43.7516754537,4,5
"14093",5,2,"conf_358",5000,149,1.8887808298,4,5
"14094",5,2,"conf_358",7500,149,0.0070711417,4,5
"14095",5,2,"conf_358",250,150,120874.959993782,4,5
"14096",5,2,"conf_358",500,150,18799.1627280704,4,5
"14097",5,2,"conf_358",1500,150,2268.1251159517,4,5
"14098",5,2,"conf_358",2500,150,211.1023768751,4,5
"14099",5,2,"conf_358",5000,150,1.6800120556,4,5
"14100",5,2,"conf_358",7500,150,0.0099278999,4,5
"14101",5,2,"conf_358",250,151,10452.4293338894,3,5
"14102",5,2,"conf_358",500,151,7652.9558642068,3,5
"14103",5,2,"conf_358",1500,151,530.999256019,3,5
"14104",5,2,"conf_358",2500,151,143.6835999008,3,5
"14105",5,2,"conf_358",5000,151,3.1957915376,3,5
"14106",5,2,"conf_358",7500,151,0.0147873771,3,5
"14107",5,2,"conf_358",250,152,5906.5300351889,3,5
"14108",5,2,"conf_358",500,152,4519.7251036685,3,5
"14109",5,2,"conf_358",1500,152,646.9162647402,3,5
"14110",5,2,"conf_358",2500,152,94.1197680858,3,5
"14111",5,2,"conf_358",5000,152,2.0532319675,3,5
"14112",5,2,"conf_358",7500,152,0.0030209736,3,5
"14113",5,2,"conf_358",250,153,51024.8544439356,3,5
"14114",5,2,"conf_358",500,153,19079.5106724199,3,5
"14115",5,2,"conf_358",1500,153,2067.7459442636,3,5
"14116",5,2,"conf_358",2500,153,301.758150857,3,5
"14117",5,2,"conf_358",5000,153,2.7680042874,3,5
"14118",5,2,"conf_358",7500,153,0.0180570293,3,5
"14119",5,2,"conf_358",250,154,22381.7087099328,3,5
"14120",5,2,"conf_358",500,154,1633.4331856928,3,5
"14121",5,2,"conf_358",1500,154,762.9504676877,3,5
"14122",5,2,"conf_358",2500,154,192.1342196046,3,5
"14123",5,2,"conf_358",5000,154,0.6905236801,3,5
"14124",5,2,"conf_358",7500,154,0.014131237,3,5
"14125",5,2,"conf_358",250,155,84601.8471320719,3,5
"14126",5,2,"conf_358",500,155,23921.8405966464,3,5
"14127",5,2,"conf_358",1500,155,1734.3047678365,3,5
"14128",5,2,"conf_358",2500,155,239.1370622739,3,5
"14129",5,2,"conf_358",5000,155,2.5118077112,3,5
"14130",5,2,"conf_358",7500,155,0.0048278715,3,5
"14131",5,2,"conf_358",250,156,49112.1531987591,3,5
"14132",5,2,"conf_358",500,156,36432.6063591266,3,5
"14133",5,2,"conf_358",1500,156,251.7874567893,3,5
"14134",5,2,"conf_358",2500,156,96.7231351716,3,5
"14135",5,2,"conf_358",5000,156,1.8831268723,3,5
"14136",5,2,"conf_358",7500,156,0.0126713049,3,5
"14137",5,2,"conf_358",250,157,15045.5331696458,3,5
"14138",5,2,"conf_358",500,157,15045.5331696458,3,5
"14139",5,2,"conf_358",1500,157,924.3131636781,3,5
"14140",5,2,"conf_358",2500,157,236.8052922448,3,5
"14141",5,2,"conf_358",5000,157,4.4942693032,3,5
"14142",5,2,"conf_358",7500,157,0.0084783912,3,5
"14143",5,2,"conf_358",250,158,61389.4867144468,3,5
"14144",5,2,"conf_358",500,158,55686.4756269426,3,5
"14145",5,2,"conf_358",1500,158,4816.5955454658,3,5
"14146",5,2,"conf_358",2500,158,131.7264410529,3,5
"14147",5,2,"conf_358",5000,158,0.9627834141,3,5
"14148",5,2,"conf_358",7500,158,0.0367939415,3,5
"14149",5,2,"conf_358",250,159,24185.0255025544,3,5
"14150",5,2,"conf_358",500,159,12402.2927005299,3,5
"14151",5,2,"conf_358",1500,159,2485.0881418461,3,5
"14152",5,2,"conf_358",2500,159,170.7027206678,3,5
"14153",5,2,"conf_358",5000,159,1.8984955352,3,5
"14154",5,2,"conf_358",7500,159,0.0036364401,3,5
"14155",5,2,"conf_358",250,160,4596.7703834346,3,5
"14156",5,2,"conf_358",500,160,4596.7703834346,3,5
"14157",5,2,"conf_358",1500,160,842.2304453963,3,5
"14158",5,2,"conf_358",2500,160,78.3872750314,3,5
"14159",5,2,"conf_358",5000,160,1.3666343349,3,5
"14160",5,2,"conf_358",7500,160,0.0061719421,3,5
"14161",5,2,"conf_358",250,161,8813.5317023215,3,5
"14162",5,2,"conf_358",500,161,3936.011363115,3,5
"14163",5,2,"conf_358",1500,161,1861.3397924417,3,5
"14164",5,2,"conf_358",2500,161,201.3619550053,3,5
"14165",5,2,"conf_358",5000,161,2.6255310411,3,5
"14166",5,2,"conf_358",7500,161,0.0182493675,3,5
"14167",5,2,"conf_358",250,162,16342.3133963849,3,5
"14168",5,2,"conf_358",500,162,954.5593831356,3,5
"14169",5,2,"conf_358",1500,162,320.3218579436,3,5
"14170",5,2,"conf_358",2500,162,8.9841444496,3,5
"14171",5,2,"conf_358",5000,162,2.2447340086,3,5
"14172",5,2,"conf_358",7500,162,0.0064398109,3,5
"14173",5,2,"conf_358",250,163,28739.1572327758,3,5
"14174",5,2,"conf_358",500,163,28728.5929998602,3,5
"14175",5,2,"conf_358",1500,163,923.4765226634,3,5
"14176",5,2,"conf_358",2500,163,66.0835110155,3,5
"14177",5,2,"conf_358",5000,163,2.5808245274,3,5
"14178",5,2,"conf_358",7500,163,0.0104285877,3,5
"14179",5,2,"conf_358",250,164,15001.9889512293,3,5
"14180",5,2,"conf_358",500,164,3809.449433663,3,5
"14181",5,2,"conf_358",1500,164,279.4270215528,3,5
"14182",5,2,"conf_358",2500,164,139.4682336068,3,5
"14183",5,2,"conf_358",5000,164,1.323840752,3,5
"14184",5,2,"conf_358",7500,164,0.0191473373,3,5
"14185",5,2,"conf_358",250,165,21911.88660094,3,5
"14186",5,2,"conf_358",500,165,21911.88660094,3,5
"14187",5,2,"conf_358",1500,165,2813.2489278214,3,5
"14188",5,2,"conf_358",2500,165,301.2789096614,3,5
"14189",5,2,"conf_358",5000,165,1.8816152215,3,5
"14190",5,2,"conf_358",7500,165,0.0045973152,3,5
"14191",5,2,"conf_358",250,166,95703.6160636949,3,5
"14192",5,2,"conf_358",500,166,7677.2311851124,3,5
"14193",5,2,"conf_358",1500,166,2776.0597573209,3,5
"14194",5,2,"conf_358",2500,166,149.8208335563,3,5
"14195",5,2,"conf_358",5000,166,0.1658849049,3,5
"14196",5,2,"conf_358",7500,166,0.007225372,3,5
"14197",5,2,"conf_358",250,167,26326.0935360107,3,5
"14198",5,2,"conf_358",500,167,25319.6958370548,3,5
"14199",5,2,"conf_358",1500,167,1978.0354582744,3,5
"14200",5,2,"conf_358",2500,167,26.0932149847,3,5
"14201",5,2,"conf_358",5000,167,1.3927812198,3,5
"14202",5,2,"conf_358",7500,167,0.0078250779,3,5
"14203",5,2,"conf_358",250,168,16271.3438786715,3,5
"14204",5,2,"conf_358",500,168,16271.3438786715,3,5
"14205",5,2,"conf_358",1500,168,1541.6065084177,3,5
"14206",5,2,"conf_358",2500,168,252.2307944159,3,5
"14207",5,2,"conf_358",5000,168,3.1210381112,3,5
"14208",5,2,"conf_358",7500,168,0.0117650969,3,5
"14209",5,2,"conf_358",250,169,6755.4966869853,3,5
"14210",5,2,"conf_358",500,169,4024.6752744586,3,5
"14211",5,2,"conf_358",1500,169,1561.5611612767,3,5
"14212",5,2,"conf_358",2500,169,212.026315383,3,5
"14213",5,2,"conf_358",5000,169,1.1203571719,3,5
"14214",5,2,"conf_358",7500,169,0.0063291439,3,5
"14215",5,2,"conf_358",250,170,11803.2843524282,3,5
"14216",5,2,"conf_358",500,170,6345.4710070808,3,5
"14217",5,2,"conf_358",1500,170,884.5503647589,3,5
"14218",5,2,"conf_358",2500,170,195.2033474252,3,5
"14219",5,2,"conf_358",5000,170,0.8613935129,3,5
"14220",5,2,"conf_358",7500,170,0.0042829855,3,5
"14221",5,2,"conf_358",250,171,9281.8666931585,3,5
"14222",5,2,"conf_358",500,171,9281.8666931585,3,5
"14223",5,2,"conf_358",1500,171,2936.2087905367,3,5
"14224",5,2,"conf_358",2500,171,140.3421393926,3,5
"14225",5,2,"conf_358",5000,171,2.073059892,3,5
"14226",5,2,"conf_358",7500,171,0.0371893111,3,5
"14227",5,2,"conf_358",250,172,3350.6028651573,3,5
"14228",5,2,"conf_358",500,172,3001.0307289447,3,5
"14229",5,2,"conf_358",1500,172,986.0766217103,3,5
"14230",5,2,"conf_358",2500,172,92.8151440381,3,5
"14231",5,2,"conf_358",5000,172,2.8925148986,3,5
"14232",5,2,"conf_358",7500,172,0.0066243985,3,5
"14233",5,2,"conf_358",250,173,9028.3108240387,3,5
"14234",5,2,"conf_358",500,173,9028.3108240387,3,5
"14235",5,2,"conf_358",1500,173,1430.0851196996,3,5
"14236",5,2,"conf_358",2500,173,201.1995705164,3,5
"14237",5,2,"conf_358",5000,173,2.7979286608,3,5
"14238",5,2,"conf_358",7500,173,0.0197386897,3,5
"14239",5,2,"conf_358",250,174,80073.7366210253,3,5
"14240",5,2,"conf_358",500,174,9750.8741555942,3,5
"14241",5,2,"conf_358",1500,174,918.572990708,3,5
"14242",5,2,"conf_358",2500,174,97.4859926362,3,5
"14243",5,2,"conf_358",5000,174,1.0270223148,3,5
"14244",5,2,"conf_358",7500,174,0.0087079553,3,5
"14245",5,2,"conf_358",250,175,59414.5719342318,3,5
"14246",5,2,"conf_358",500,175,15442.4768288411,3,5
"14247",5,2,"conf_358",1500,175,734.5537016123,3,5
"14248",5,2,"conf_358",2500,175,90.0413926802,3,5
"14249",5,2,"conf_358",5000,175,0.1069238526,3,5
"14250",5,2,"conf_358",7500,175,0.0076574604,3,5
"14251",5,2,"conf_358",250,176,55423.530204775,3,5
"14252",5,2,"conf_358",500,176,25874.5462682114,3,5
"14253",5,2,"conf_358",1500,176,2140.88759897,3,5
"14254",5,2,"conf_358",2500,176,33.6803343592,3,5
"14255",5,2,"conf_358",5000,176,3.4790826767,3,5
"14256",5,2,"conf_358",7500,176,0.0347636201,3,5
"14257",5,2,"conf_358",250,177,21191.7850330174,3,5
"14258",5,2,"conf_358",500,177,21190.2974571553,3,5
"14259",5,2,"conf_358",1500,177,1745.3502021734,3,5
"14260",5,2,"conf_358",2500,177,211.3061239014,3,5
"14261",5,2,"conf_358",5000,177,2.2575709858,3,5
"14262",5,2,"conf_358",7500,177,0.0116033185,3,5
"14263",5,2,"conf_358",250,178,30584.6256712197,3,5
"14264",5,2,"conf_358",500,178,19449.6429450875,3,5
"14265",5,2,"conf_358",1500,178,1366.0838566107,3,5
"14266",5,2,"conf_358",2500,178,208.4938703352,3,5
"14267",5,2,"conf_358",5000,178,1.989002346,3,5
"14268",5,2,"conf_358",7500,178,0.013197659,3,5
"14269",5,2,"conf_358",250,179,3590.1501406771,3,5
"14270",5,2,"conf_358",500,179,3583.1699240272,3,5
"14271",5,2,"conf_358",1500,179,1773.3329963374,3,5
"14272",5,2,"conf_358",2500,179,112.8134995096,3,5
"14273",5,2,"conf_358",5000,179,2.6263296676,3,5
"14274",5,2,"conf_358",7500,179,0.0133291338,3,5
"14275",5,2,"conf_358",250,180,6963.1041367073,3,5
"14276",5,2,"conf_358",500,180,6921.0136647759,3,5
"14277",5,2,"conf_358",1500,180,1535.1016625448,3,5
"14278",5,2,"conf_358",2500,180,205.1702110168,3,5
"14279",5,2,"conf_358",5000,180,1.3938992441,3,5
"14280",5,2,"conf_358",7500,180,0.0262191044,3,5
"14281",5,2,"conf_358",250,181,9859.7828021318,3,5
"14282",5,2,"conf_358",500,181,6360.9272012754,3,5
"14283",5,2,"conf_358",1500,181,2049.1045734561,3,5
"14284",5,2,"conf_358",2500,181,147.9122553563,3,5
"14285",5,2,"conf_358",5000,181,2.6698340344,3,5
"14286",5,2,"conf_358",7500,181,0.0095709636,3,5
"14287",5,2,"conf_358",250,182,5995.3678507822,3,5
"14288",5,2,"conf_358",500,182,5995.3678507822,3,5
"14289",5,2,"conf_358",1500,182,175.0490472447,3,5
"14290",5,2,"conf_358",2500,182,56.1880460548,3,5
"14291",5,2,"conf_358",5000,182,1.0557109847,3,5
"14292",5,2,"conf_358",7500,182,0.0108155266,3,5
"14293",5,2,"conf_358",250,183,18369.4372993222,3,5
"14294",5,2,"conf_358",500,183,18369.4372993222,3,5
"14295",5,2,"conf_358",1500,183,566.5522604556,3,5
"14296",5,2,"conf_358",2500,183,40.0564146167,3,5
"14297",5,2,"conf_358",5000,183,2.5060253362,3,5
"14298",5,2,"conf_358",7500,183,0.0129325539,3,5
"14299",5,2,"conf_358",250,184,54892.202045542,3,5
"14300",5,2,"conf_358",500,184,16609.0446615683,3,5
"14301",5,2,"conf_358",1500,184,2721.0109702474,3,5
"14302",5,2,"conf_358",2500,184,154.021512264,3,5
"14303",5,2,"conf_358",5000,184,1.0442958744,3,5
"14304",5,2,"conf_358",7500,184,0.0033384577,3,5
"14305",5,2,"conf_358",250,185,28541.3341242316,3,5
"14306",5,2,"conf_358",500,185,8010.8695620382,3,5
"14307",5,2,"conf_358",1500,185,1028.3578510948,3,5
"14308",5,2,"conf_358",2500,185,218.3073982319,3,5
"14309",5,2,"conf_358",5000,185,0.5180666081,3,5
"14310",5,2,"conf_358",7500,185,0.0143610953,3,5
"14311",5,2,"conf_358",250,186,73014.2631939933,3,5
"14312",5,2,"conf_358",500,186,9278.4238274668,3,5
"14313",5,2,"conf_358",1500,186,1154.0813171365,3,5
"14314",5,2,"conf_358",2500,186,164.2976430304,3,5
"14315",5,2,"conf_358",5000,186,3.5376381763,3,5
"14316",5,2,"conf_358",7500,186,0.0392452058,3,5
"14317",5,2,"conf_358",250,187,28144.1057525356,3,5
"14318",5,2,"conf_358",500,187,17489.1463361248,3,5
"14319",5,2,"conf_358",1500,187,1994.2062169727,3,5
"14320",5,2,"conf_358",2500,187,295.2895283454,3,5
"14321",5,2,"conf_358",5000,187,1.1074739846,3,5
"14322",5,2,"conf_358",7500,187,0.0174325416,3,5
"14323",5,2,"conf_358",250,188,57705.1705105975,3,5
"14324",5,2,"conf_358",500,188,18622.5459639407,3,5
"14325",5,2,"conf_358",1500,188,466.2332243424,3,5
"14326",5,2,"conf_358",2500,188,321.3569160987,3,5
"14327",5,2,"conf_358",5000,188,1.3890278477,3,5
"14328",5,2,"conf_358",7500,188,0.006304435,3,5
"14329",5,2,"conf_358",250,189,27340.4143584549,3,5
"14330",5,2,"conf_358",500,189,7703.2083291034,3,5
"14331",5,2,"conf_358",1500,189,1023.6621556001,3,5
"14332",5,2,"conf_358",2500,189,187.9937692852,3,5
"14333",5,2,"conf_358",5000,189,3.6573046673,3,5
"14334",5,2,"conf_358",7500,189,0.029687569,3,5
"14335",5,2,"conf_358",250,190,90045.2324318036,3,5
"14336",5,2,"conf_358",500,190,26047.4335251511,3,5
"14337",5,2,"conf_358",1500,190,4063.7378870027,3,5
"14338",5,2,"conf_358",2500,190,429.5795015697,3,5
"14339",5,2,"conf_358",5000,190,1.5491762316,3,5
"14340",5,2,"conf_358",7500,190,0.0111951217,3,5
"14341",5,2,"conf_358",250,191,23327.6755909171,3,5
"14342",5,2,"conf_358",500,191,3933.3319377312,3,5
"14343",5,2,"conf_358",1500,191,785.3547464952,3,5
"14344",5,2,"conf_358",2500,191,320.7262235407,3,5
"14345",5,2,"conf_358",5000,191,3.6882003058,3,5
"14346",5,2,"conf_358",7500,191,0.0051830192,3,5
"14347",5,2,"conf_358",250,192,21100.3315047374,3,5
"14348",5,2,"conf_358",500,192,18986.9312723473,3,5
"14349",5,2,"conf_358",1500,192,402.22122219,3,5
"14350",5,2,"conf_358",2500,192,163.5393848175,3,5
"14351",5,2,"conf_358",5000,192,1.6794482789,3,5
"14352",5,2,"conf_358",7500,192,0.0148482818,3,5
"14353",5,2,"conf_358",250,193,59541.147389824,3,5
"14354",5,2,"conf_358",500,193,19376.8879887466,3,5
"14355",5,2,"conf_358",1500,193,12944.5069888515,3,5
"14356",5,2,"conf_358",2500,193,370.3985634411,3,5
"14357",5,2,"conf_358",5000,193,3.0153186121,3,5
"14358",5,2,"conf_358",7500,193,0.0457719802,3,5
"14359",5,2,"conf_358",250,194,21657.7071577978,3,5
"14360",5,2,"conf_358",500,194,3957.7216708824,3,5
"14361",5,2,"conf_358",1500,194,983.0176534672,3,5
"14362",5,2,"conf_358",2500,194,764.5995210889,3,5
"14363",5,2,"conf_358",5000,194,2.6144432674,3,5
"14364",5,2,"conf_358",7500,194,0.0383606778,3,5
"14365",5,2,"conf_358",250,195,6286.5899575612,3,5
"14366",5,2,"conf_358",500,195,5981.5711327064,3,5
"14367",5,2,"conf_358",1500,195,1342.675772807,3,5
"14368",5,2,"conf_358",2500,195,137.9983731791,3,5
"14369",5,2,"conf_358",5000,195,0.420193998,3,5
"14370",5,2,"conf_358",7500,195,0.0059638241,3,5
"14371",5,2,"conf_358",250,196,3381.3223522929,3,5
"14372",5,2,"conf_358",500,196,3381.3223522929,3,5
"14373",5,2,"conf_358",1500,196,585.0133645045,3,5
"14374",5,2,"conf_358",2500,196,308.2965304178,3,5
"14375",5,2,"conf_358",5000,196,1.4709165233,3,5
"14376",5,2,"conf_358",7500,196,0.0125987898,3,5
"14377",5,2,"conf_358",250,197,15563.8668161615,3,5
"14378",5,2,"conf_358",500,197,15563.8668161615,3,5
"14379",5,2,"conf_358",1500,197,1067.2506415584,3,5
"14380",5,2,"conf_358",2500,197,132.4212818386,3,5
"14381",5,2,"conf_358",5000,197,3.6292420111,3,5
"14382",5,2,"conf_358",7500,197,0.0108184357,3,5
"14383",5,2,"conf_358",250,198,49609.4068615535,3,5
"14384",5,2,"conf_358",500,198,49605.5187153984,3,5
"14385",5,2,"conf_358",1500,198,10951.333377106,3,5
"14386",5,2,"conf_358",2500,198,741.1207253862,3,5
"14387",5,2,"conf_358",5000,198,3.4442909244,3,5
"14388",5,2,"conf_358",7500,198,0.0070364086,3,5
"14389",5,2,"conf_358",250,199,18816.3952210616,3,5
"14390",5,2,"conf_358",500,199,7892.9360764956,3,5
"14391",5,2,"conf_358",1500,199,1423.4644740158,3,5
"14392",5,2,"conf_358",2500,199,170.4046147838,3,5
"14393",5,2,"conf_358",5000,199,1.977815763,3,5
"14394",5,2,"conf_358",7500,199,0.0045989334,3,5
"14395",5,2,"conf_358",250,200,23345.1916452767,3,5
"14396",5,2,"conf_358",500,200,14608.8138162255,3,5
"14397",5,2,"conf_358",1500,200,1687.9878472624,3,5
"14398",5,2,"conf_358",2500,200,185.5269753101,3,5
"14399",5,2,"conf_358",5000,200,3.4749226918,3,5
"14400",5,2,"conf_358",7500,200,0.005399457,3,5
"14401",5,20,"conf_358",250,1,4.6770423079,1,5
"14402",5,20,"conf_358",500,1,2.7570624628,1,5
"14403",5,20,"conf_358",1500,1,2.2591716595,1,5
"14404",5,20,"conf_358",2500,1,2.0963804876,1,5
"14405",5,20,"conf_358",5000,1,0.9424766141,1,5
"14406",5,20,"conf_358",7500,1,0.4900686577,1,5
"14407",5,20,"conf_358",250,2,5.3993604888,1,5
"14408",5,20,"conf_358",500,2,2.7755130461,1,5
"14409",5,20,"conf_358",1500,2,1.6070488017,1,5
"14410",5,20,"conf_358",2500,2,1.5379681191,1,5
"14411",5,20,"conf_358",5000,2,1.0215223165,1,5
"14412",5,20,"conf_358",7500,2,0.449753543,1,5
"14413",5,20,"conf_358",250,3,450.757253863,1,5
"14414",5,20,"conf_358",500,3,34.8215527126,1,5
"14415",5,20,"conf_358",1500,3,1.9399362378,1,5
"14416",5,20,"conf_358",2500,3,1.8281511911,1,5
"14417",5,20,"conf_358",5000,3,1.215510457,1,5
"14418",5,20,"conf_358",7500,3,1.1530061122,1,5
"14419",5,20,"conf_358",250,4,4.1096621692,1,5
"14420",5,20,"conf_358",500,4,3.6181891645,1,5
"14421",5,20,"conf_358",1500,4,2.5383126498,1,5
"14422",5,20,"conf_358",2500,4,2.008536014,1,5
"14423",5,20,"conf_358",5000,4,0.3208354191,1,5
"14424",5,20,"conf_358",7500,4,0.3208354191,1,5
"14425",5,20,"conf_358",250,5,514.9089881619,1,5
"14426",5,20,"conf_358",500,5,4.1177697045,1,5
"14427",5,20,"conf_358",1500,5,2.1593721344,1,5
"14428",5,20,"conf_358",2500,5,1.2399887066,1,5
"14429",5,20,"conf_358",5000,5,0.9984168674,1,5
"14430",5,20,"conf_358",7500,5,0.7596539788,1,5
"14431",5,20,"conf_358",250,6,508.64572269,1,5
"14432",5,20,"conf_358",500,6,26.2786960627,1,5
"14433",5,20,"conf_358",1500,6,2.4371079204,1,5
"14434",5,20,"conf_358",2500,6,1.854469217,1,5
"14435",5,20,"conf_358",5000,6,1.0555167343,1,5
"14436",5,20,"conf_358",7500,6,0.5091363702,1,5
"14437",5,20,"conf_358",250,7,932.2089275294,1,5
"14438",5,20,"conf_358",500,7,5.0714664837,1,5
"14439",5,20,"conf_358",1500,7,2.6134132367,1,5
"14440",5,20,"conf_358",2500,7,1.7141395318,1,5
"14441",5,20,"conf_358",5000,7,1.223503695,1,5
"14442",5,20,"conf_358",7500,7,0.5959359446,1,5
"14443",5,20,"conf_358",250,8,1167.2708021245,1,5
"14444",5,20,"conf_358",500,8,12.5654433352,1,5
"14445",5,20,"conf_358",1500,8,2.7998942836,1,5
"14446",5,20,"conf_358",2500,8,1.2087186396,1,5
"14447",5,20,"conf_358",5000,8,0.6706347208,1,5
"14448",5,20,"conf_358",7500,8,0.6551828409,1,5
"14449",5,20,"conf_358",250,9,3.9840379671,1,5
"14450",5,20,"conf_358",500,9,3.1238505301,1,5
"14451",5,20,"conf_358",1500,9,1.2964243441,1,5
"14452",5,20,"conf_358",2500,9,1.2964243441,1,5
"14453",5,20,"conf_358",5000,9,0.7535664862,1,5
"14454",5,20,"conf_358",7500,9,0.4354205979,1,5
"14455",5,20,"conf_358",250,10,45.3945494686,1,5
"14456",5,20,"conf_358",500,10,4.2154537563,1,5
"14457",5,20,"conf_358",1500,10,1.2131135876,1,5
"14458",5,20,"conf_358",2500,10,0.9246349727,1,5
"14459",5,20,"conf_358",5000,10,0.8094812237,1,5
"14460",5,20,"conf_358",7500,10,0.5301430429,1,5
"14461",5,20,"conf_358",250,11,5.2705944511,1,5
"14462",5,20,"conf_358",500,11,3.4391490619,1,5
"14463",5,20,"conf_358",1500,11,1.9457617723,1,5
"14464",5,20,"conf_358",2500,11,1.5994181953,1,5
"14465",5,20,"conf_358",5000,11,1.0983179683,1,5
"14466",5,20,"conf_358",7500,11,0.8204519947,1,5
"14467",5,20,"conf_358",250,12,306.33755632,1,5
"14468",5,20,"conf_358",500,12,5.3131330141,1,5
"14469",5,20,"conf_358",1500,12,1.8753357058,1,5
"14470",5,20,"conf_358",2500,12,1.8753357058,1,5
"14471",5,20,"conf_358",5000,12,1.1866840264,1,5
"14472",5,20,"conf_358",7500,12,0.6399898109,1,5
"14473",5,20,"conf_358",250,13,4.3488525575,1,5
"14474",5,20,"conf_358",500,13,4.1693896396,1,5
"14475",5,20,"conf_358",1500,13,2.1872363307,1,5
"14476",5,20,"conf_358",2500,13,1.9261341255,1,5
"14477",5,20,"conf_358",5000,13,0.7471135794,1,5
"14478",5,20,"conf_358",7500,13,0.3744765738,1,5
"14479",5,20,"conf_358",250,14,2.983869494,1,5
"14480",5,20,"conf_358",500,14,2.983869494,1,5
"14481",5,20,"conf_358",1500,14,2.4143917168,1,5
"14482",5,20,"conf_358",2500,14,2.2650649945,1,5
"14483",5,20,"conf_358",5000,14,0.9287543297,1,5
"14484",5,20,"conf_358",7500,14,0.6690074274,1,5
"14485",5,20,"conf_358",250,15,24.5756321123,1,5
"14486",5,20,"conf_358",500,15,24.5756321123,1,5
"14487",5,20,"conf_358",1500,15,3.311279383,1,5
"14488",5,20,"conf_358",2500,15,1.8744559723,1,5
"14489",5,20,"conf_358",5000,15,0.9390372846,1,5
"14490",5,20,"conf_358",7500,15,0.9177318442,1,5
"14491",5,20,"conf_358",250,16,3.8360501266,1,5
"14492",5,20,"conf_358",500,16,2.2730413128,1,5
"14493",5,20,"conf_358",1500,16,1.7013495415,1,5
"14494",5,20,"conf_358",2500,16,1.6022175349,1,5
"14495",5,20,"conf_358",5000,16,1.1003857157,1,5
"14496",5,20,"conf_358",7500,16,0.6848151186,1,5
"14497",5,20,"conf_358",250,17,4.5132121559,1,5
"14498",5,20,"conf_358",500,17,4.5132121559,1,5
"14499",5,20,"conf_358",1500,17,2.0724337544,1,5
"14500",5,20,"conf_358",2500,17,1.392517402,1,5
"14501",5,20,"conf_358",5000,17,1.012196027,1,5
"14502",5,20,"conf_358",7500,17,0.4300469222,1,5
"14503",5,20,"conf_358",250,18,13.9089345391,1,5
"14504",5,20,"conf_358",500,18,3.4528399243,1,5
"14505",5,20,"conf_358",1500,18,2.3922547602,1,5
"14506",5,20,"conf_358",2500,18,2.1058938243,1,5
"14507",5,20,"conf_358",5000,18,1.3158122502,1,5
"14508",5,20,"conf_358",7500,18,0.5210029675,1,5
"14509",5,20,"conf_358",250,19,3.717443912,1,5
"14510",5,20,"conf_358",500,19,3.717443912,1,5
"14511",5,20,"conf_358",1500,19,2.4447911909,1,5
"14512",5,20,"conf_358",2500,19,1.043042858,1,5
"14513",5,20,"conf_358",5000,19,0.7887458941,1,5
"14514",5,20,"conf_358",7500,19,0.7706849379,1,5
"14515",5,20,"conf_358",250,20,102.6116738386,1,5
"14516",5,20,"conf_358",500,20,5.0152695782,1,5
"14517",5,20,"conf_358",1500,20,2.3110869473,1,5
"14518",5,20,"conf_358",2500,20,1.7080105111,1,5
"14519",5,20,"conf_358",5000,20,1.3756674623,1,5
"14520",5,20,"conf_358",7500,20,0.8865818914,1,5
"14521",5,20,"conf_358",250,21,3.8146142906,1,5
"14522",5,20,"conf_358",500,21,3.3265860152,1,5
"14523",5,20,"conf_358",1500,21,2.2047367834,1,5
"14524",5,20,"conf_358",2500,21,1.6193899735,1,5
"14525",5,20,"conf_358",5000,21,0.9207197134,1,5
"14526",5,20,"conf_358",7500,21,0.3621322556,1,5
"14527",5,20,"conf_358",250,22,32.1030123262,1,5
"14528",5,20,"conf_358",500,22,4.2338477956,1,5
"14529",5,20,"conf_358",1500,22,2.4165118741,1,5
"14530",5,20,"conf_358",2500,22,1.5234513329,1,5
"14531",5,20,"conf_358",5000,22,1.226403668,1,5
"14532",5,20,"conf_358",7500,22,0.8067246691,1,5
"14533",5,20,"conf_358",250,23,4.8398411018,1,5
"14534",5,20,"conf_358",500,23,4.1085215,1,5
"14535",5,20,"conf_358",1500,23,2.1254058386,1,5
"14536",5,20,"conf_358",2500,23,1.4267612284,1,5
"14537",5,20,"conf_358",5000,23,1.0065953427,1,5
"14538",5,20,"conf_358",7500,23,0.4627724959,1,5
"14539",5,20,"conf_358",250,24,5.8505985608,1,5
"14540",5,20,"conf_358",500,24,5.1623394383,1,5
"14541",5,20,"conf_358",1500,24,2.5572310737,1,5
"14542",5,20,"conf_358",2500,24,1.9840646292,1,5
"14543",5,20,"conf_358",5000,24,0.9936317503,1,5
"14544",5,20,"conf_358",7500,24,0.9409338484,1,5
"14545",5,20,"conf_358",250,25,3.26079215,1,5
"14546",5,20,"conf_358",500,25,2.9078007873,1,5
"14547",5,20,"conf_358",1500,25,2.5535216288,1,5
"14548",5,20,"conf_358",2500,25,1.7148392161,1,5
"14549",5,20,"conf_358",5000,25,0.7826498577,1,5
"14550",5,20,"conf_358",7500,25,0.3795684332,1,5
"14551",5,20,"conf_358",250,26,162.6282701918,1,5
"14552",5,20,"conf_358",500,26,5.6309475487,1,5
"14553",5,20,"conf_358",1500,26,2.3196168791,1,5
"14554",5,20,"conf_358",2500,26,2.1858320627,1,5
"14555",5,20,"conf_358",5000,26,1.0516048475,1,5
"14556",5,20,"conf_358",7500,26,0.4701615325,1,5
"14557",5,20,"conf_358",250,27,1080.8548222261,1,5
"14558",5,20,"conf_358",500,27,3.9023633623,1,5
"14559",5,20,"conf_358",1500,27,1.7540796899,1,5
"14560",5,20,"conf_358",2500,27,1.450557036,1,5
"14561",5,20,"conf_358",5000,27,1.413718614,1,5
"14562",5,20,"conf_358",7500,27,0.7860622758,1,5
"14563",5,20,"conf_358",250,28,3.232746758,1,5
"14564",5,20,"conf_358",500,28,3.232746758,1,5
"14565",5,20,"conf_358",1500,28,2.6183169919,1,5
"14566",5,20,"conf_358",2500,28,1.6318378877,1,5
"14567",5,20,"conf_358",5000,28,1.2536254717,1,5
"14568",5,20,"conf_358",7500,28,1.0148456067,1,5
"14569",5,20,"conf_358",250,29,4.1007426975,1,5
"14570",5,20,"conf_358",500,29,4.1007426975,1,5
"14571",5,20,"conf_358",1500,29,2.7043042905,1,5
"14572",5,20,"conf_358",2500,29,2.1110076626,1,5
"14573",5,20,"conf_358",5000,29,1.1333442427,1,5
"14574",5,20,"conf_358",7500,29,0.7480483916,1,5
"14575",5,20,"conf_358",250,30,4.8091572485,1,5
"14576",5,20,"conf_358",500,30,4.8091572485,1,5
"14577",5,20,"conf_358",1500,30,2.1755802444,1,5
"14578",5,20,"conf_358",2500,30,1.5798210217,1,5
"14579",5,20,"conf_358",5000,30,1.1342799231,1,5
"14580",5,20,"conf_358",7500,30,0.7000340513,1,5
"14581",5,20,"conf_358",250,31,4.9786681212,1,5
"14582",5,20,"conf_358",500,31,2.953430147,1,5
"14583",5,20,"conf_358",1500,31,2.3397438305,1,5
"14584",5,20,"conf_358",2500,31,1.5726999636,1,5
"14585",5,20,"conf_358",5000,31,0.8885015321,1,5
"14586",5,20,"conf_358",7500,31,0.8885015321,1,5
"14587",5,20,"conf_358",250,32,118.3864980891,1,5
"14588",5,20,"conf_358",500,32,3.9965631151,1,5
"14589",5,20,"conf_358",1500,32,1.9571124699,1,5
"14590",5,20,"conf_358",2500,32,1.7773381426,1,5
"14591",5,20,"conf_358",5000,32,1.0166548828,1,5
"14592",5,20,"conf_358",7500,32,0.7946039116,1,5
"14593",5,20,"conf_358",250,33,9.3646007114,1,5
"14594",5,20,"conf_358",500,33,9.3646007114,1,5
"14595",5,20,"conf_358",1500,33,2.6439261654,1,5
"14596",5,20,"conf_358",2500,33,1.7282629015,1,5
"14597",5,20,"conf_358",5000,33,0.6312199624,1,5
"14598",5,20,"conf_358",7500,33,0.2563081769,1,5
"14599",5,20,"conf_358",250,34,2.3902390646,1,5
"14600",5,20,"conf_358",500,34,2.3902390646,1,5
"14601",5,20,"conf_358",1500,34,1.9877460888,1,5
"14602",5,20,"conf_358",2500,34,0.8345107196,1,5
"14603",5,20,"conf_358",5000,34,0.722360636,1,5
"14604",5,20,"conf_358",7500,34,0.5166180451,1,5
"14605",5,20,"conf_358",250,35,164.0897778631,1,5
"14606",5,20,"conf_358",500,35,4.0723990588,1,5
"14607",5,20,"conf_358",1500,35,2.4212845802,1,5
"14608",5,20,"conf_358",2500,35,1.8826842069,1,5
"14609",5,20,"conf_358",5000,35,1.2077420828,1,5
"14610",5,20,"conf_358",7500,35,0.9721227326,1,5
"14611",5,20,"conf_358",250,36,4.862062508,1,5
"14612",5,20,"conf_358",500,36,4.1828315058,1,5
"14613",5,20,"conf_358",1500,36,1.8868141898,1,5
"14614",5,20,"conf_358",2500,36,1.4968639495,1,5
"14615",5,20,"conf_358",5000,36,1.4302552469,1,5
"14616",5,20,"conf_358",7500,36,0.9009129281,1,5
"14617",5,20,"conf_358",250,37,46.9673999926,1,5
"14618",5,20,"conf_358",500,37,24.6743417251,1,5
"14619",5,20,"conf_358",1500,37,2.3761863589,1,5
"14620",5,20,"conf_358",2500,37,1.7241677699,1,5
"14621",5,20,"conf_358",5000,37,1.0989443074,1,5
"14622",5,20,"conf_358",7500,37,0.8039767948,1,5
"14623",5,20,"conf_358",250,38,42.9328481397,1,5
"14624",5,20,"conf_358",500,38,3.5528829887,1,5
"14625",5,20,"conf_358",1500,38,2.0858572534,1,5
"14626",5,20,"conf_358",2500,38,1.4572171086,1,5
"14627",5,20,"conf_358",5000,38,0.6023366506,1,5
"14628",5,20,"conf_358",7500,38,0.6023366506,1,5
"14629",5,20,"conf_358",250,39,3.8570744158,1,5
"14630",5,20,"conf_358",500,39,3.7558647396,1,5
"14631",5,20,"conf_358",1500,39,2.9832263314,1,5
"14632",5,20,"conf_358",2500,39,1.681508529,1,5
"14633",5,20,"conf_358",5000,39,0.1126530023,1,5
"14634",5,20,"conf_358",7500,39,0.1126530023,1,5
"14635",5,20,"conf_358",250,40,3.5996286237,1,5
"14636",5,20,"conf_358",500,40,3.5996286237,1,5
"14637",5,20,"conf_358",1500,40,1.1333022314,1,5
"14638",5,20,"conf_358",2500,40,1.1333022314,1,5
"14639",5,20,"conf_358",5000,40,0.9460463472,1,5
"14640",5,20,"conf_358",7500,40,0.6780030212,1,5
"14641",5,20,"conf_358",250,41,79.8663971499,1,5
"14642",5,20,"conf_358",500,41,4.7138407194,1,5
"14643",5,20,"conf_358",1500,41,1.2329010467,1,5
"14644",5,20,"conf_358",2500,41,1.2329010467,1,5
"14645",5,20,"conf_358",5000,41,1.1888482984,1,5
"14646",5,20,"conf_358",7500,41,0.8002292168,1,5
"14647",5,20,"conf_358",250,42,175.634207516,1,5
"14648",5,20,"conf_358",500,42,4.3997138076,1,5
"14649",5,20,"conf_358",1500,42,2.736687902,1,5
"14650",5,20,"conf_358",2500,42,1.8943368464,1,5
"14651",5,20,"conf_358",5000,42,0.9454828803,1,5
"14652",5,20,"conf_358",7500,42,0.2409577211,1,5
"14653",5,20,"conf_358",250,43,7.5513247137,1,5
"14654",5,20,"conf_358",500,43,4.9452739485,1,5
"14655",5,20,"conf_358",1500,43,2.3352441736,1,5
"14656",5,20,"conf_358",2500,43,1.7490029502,1,5
"14657",5,20,"conf_358",5000,43,1.3098553608,1,5
"14658",5,20,"conf_358",7500,43,0.7501182278,1,5
"14659",5,20,"conf_358",250,44,964.4737975587,1,5
"14660",5,20,"conf_358",500,44,53.2023267359,1,5
"14661",5,20,"conf_358",1500,44,1.8804407732,1,5
"14662",5,20,"conf_358",2500,44,1.7314509923,1,5
"14663",5,20,"conf_358",5000,44,0.88125679,1,5
"14664",5,20,"conf_358",7500,44,0.7252913028,1,5
"14665",5,20,"conf_358",250,45,2.931741578,1,5
"14666",5,20,"conf_358",500,45,2.931741578,1,5
"14667",5,20,"conf_358",1500,45,1.9255015505,1,5
"14668",5,20,"conf_358",2500,45,1.4295271281,1,5
"14669",5,20,"conf_358",5000,45,0.8814257126,1,5
"14670",5,20,"conf_358",7500,45,0.5917148611,1,5
"14671",5,20,"conf_358",250,46,3.3343465335,1,5
"14672",5,20,"conf_358",500,46,3.3343465335,1,5
"14673",5,20,"conf_358",1500,46,2.9458372368,1,5
"14674",5,20,"conf_358",2500,46,1.5702115547,1,5
"14675",5,20,"conf_358",5000,46,0.9085603535,1,5
"14676",5,20,"conf_358",7500,46,0.8606317209,1,5
"14677",5,20,"conf_358",250,47,3.8564483196,1,5
"14678",5,20,"conf_358",500,47,3.854568801,1,5
"14679",5,20,"conf_358",1500,47,2.4439006612,1,5
"14680",5,20,"conf_358",2500,47,1.6736315655,1,5
"14681",5,20,"conf_358",5000,47,0.7726082152,1,5
"14682",5,20,"conf_358",7500,47,0.7726082152,1,5
"14683",5,20,"conf_358",250,48,3.4392761572,1,5
"14684",5,20,"conf_358",500,48,3.4392761572,1,5
"14685",5,20,"conf_358",1500,48,1.9507492348,1,5
"14686",5,20,"conf_358",2500,48,1.3125174888,1,5
"14687",5,20,"conf_358",5000,48,1.0952197258,1,5
"14688",5,20,"conf_358",7500,48,0.9523773198,1,5
"14689",5,20,"conf_358",250,49,228.9395707248,1,5
"14690",5,20,"conf_358",500,49,2.39634761,1,5
"14691",5,20,"conf_358",1500,49,2.1626500879,1,5
"14692",5,20,"conf_358",2500,49,1.5649228301,1,5
"14693",5,20,"conf_358",5000,49,1.3169404923,1,5
"14694",5,20,"conf_358",7500,49,1.0285915761,1,5
"14695",5,20,"conf_358",250,50,61.6838246496,1,5
"14696",5,20,"conf_358",500,50,4.3328948862,1,5
"14697",5,20,"conf_358",1500,50,2.3378702216,1,5
"14698",5,20,"conf_358",2500,50,2.2529269708,1,5
"14699",5,20,"conf_358",5000,50,0.8504786613,1,5
"14700",5,20,"conf_358",7500,50,0.3010154651,1,5
"14701",5,20,"conf_358",250,51,127.4131052929,2,5
"14702",5,20,"conf_358",500,51,5.8749420519,2,5
"14703",5,20,"conf_358",1500,51,2.1962247865,2,5
"14704",5,20,"conf_358",2500,51,2.1948073998,2,5
"14705",5,20,"conf_358",5000,51,0.4864512089,2,5
"14706",5,20,"conf_358",7500,51,0.2693885282,2,5
"14707",5,20,"conf_358",250,52,6.0883576661,2,5
"14708",5,20,"conf_358",500,52,4.3016004868,2,5
"14709",5,20,"conf_358",1500,52,2.2831709673,2,5
"14710",5,20,"conf_358",2500,52,1.7803449799,2,5
"14711",5,20,"conf_358",5000,52,0.8706881549,2,5
"14712",5,20,"conf_358",7500,52,0.656637731,2,5
"14713",5,20,"conf_358",250,53,68.2239629086,2,5
"14714",5,20,"conf_358",500,53,5.6331885777,2,5
"14715",5,20,"conf_358",1500,53,1.9420835074,2,5
"14716",5,20,"conf_358",2500,53,1.9420835074,2,5
"14717",5,20,"conf_358",5000,53,0.8281977901,2,5
"14718",5,20,"conf_358",7500,53,0.8281977901,2,5
"14719",5,20,"conf_358",250,54,597.7095871144,2,5
"14720",5,20,"conf_358",500,54,4.0738040887,2,5
"14721",5,20,"conf_358",1500,54,2.7873560889,2,5
"14722",5,20,"conf_358",2500,54,2.0380294757,2,5
"14723",5,20,"conf_358",5000,54,0.8016625057,2,5
"14724",5,20,"conf_358",7500,54,0.8016625057,2,5
"14725",5,20,"conf_358",250,55,2.2821864963,2,5
"14726",5,20,"conf_358",500,55,2.2821864963,2,5
"14727",5,20,"conf_358",1500,55,2.0966384332,2,5
"14728",5,20,"conf_358",2500,55,1.8024659788,2,5
"14729",5,20,"conf_358",5000,55,1.0952775354,2,5
"14730",5,20,"conf_358",7500,55,0.7632426441,2,5
"14731",5,20,"conf_358",250,56,3.838976348,2,5
"14732",5,20,"conf_358",500,56,3.838976348,2,5
"14733",5,20,"conf_358",1500,56,1.7323299266,2,5
"14734",5,20,"conf_358",2500,56,1.6002867645,2,5
"14735",5,20,"conf_358",5000,56,1.0277003888,2,5
"14736",5,20,"conf_358",7500,56,0.9593897075,2,5
"14737",5,20,"conf_358",250,57,75.5351845633,2,5
"14738",5,20,"conf_358",500,57,4.2620919142,2,5
"14739",5,20,"conf_358",1500,57,2.1216316245,2,5
"14740",5,20,"conf_358",2500,57,2.040792106,2,5
"14741",5,20,"conf_358",5000,57,1.1450839324,2,5
"14742",5,20,"conf_358",7500,57,0.7980159734,2,5
"14743",5,20,"conf_358",250,58,20.4848014155,2,5
"14744",5,20,"conf_358",500,58,20.3404106361,2,5
"14745",5,20,"conf_358",1500,58,1.1526704917,2,5
"14746",5,20,"conf_358",2500,58,1.1526704917,2,5
"14747",5,20,"conf_358",5000,58,1.0798857894,2,5
"14748",5,20,"conf_358",7500,58,1.0354835568,2,5
"14749",5,20,"conf_358",250,59,299.7125290048,2,5
"14750",5,20,"conf_358",500,59,4.8094775282,2,5
"14751",5,20,"conf_358",1500,59,2.2600220996,2,5
"14752",5,20,"conf_358",2500,59,1.6688779589,2,5
"14753",5,20,"conf_358",5000,59,1.414214082,2,5
"14754",5,20,"conf_358",7500,59,1.205332455,2,5
"14755",5,20,"conf_358",250,60,3.8600570286,2,5
"14756",5,20,"conf_358",500,60,3.7085535712,2,5
"14757",5,20,"conf_358",1500,60,2.2650357688,2,5
"14758",5,20,"conf_358",2500,60,1.6601294085,2,5
"14759",5,20,"conf_358",5000,60,0.8179608483,2,5
"14760",5,20,"conf_358",7500,60,0.4902377879,2,5
"14761",5,20,"conf_358",250,61,340.0393504368,2,5
"14762",5,20,"conf_358",500,61,3.2908268542,2,5
"14763",5,20,"conf_358",1500,61,2.0623235858,2,5
"14764",5,20,"conf_358",2500,61,1.9578755997,2,5
"14765",5,20,"conf_358",5000,61,0.6511704725,2,5
"14766",5,20,"conf_358",7500,61,0.3312588751,2,5
"14767",5,20,"conf_358",250,62,546.3123255738,2,5
"14768",5,20,"conf_358",500,62,3.3349896491,2,5
"14769",5,20,"conf_358",1500,62,1.8661177718,2,5
"14770",5,20,"conf_358",2500,62,1.3938487354,2,5
"14771",5,20,"conf_358",5000,62,0.6641862587,2,5
"14772",5,20,"conf_358",7500,62,0.5607966753,2,5
"14773",5,20,"conf_358",250,63,3.3886576567,2,5
"14774",5,20,"conf_358",500,63,3.0647966619,2,5
"14775",5,20,"conf_358",1500,63,2.3907471216,2,5
"14776",5,20,"conf_358",2500,63,2.0093968652,2,5
"14777",5,20,"conf_358",5000,63,1.0098751627,2,5
"14778",5,20,"conf_358",7500,63,1.0098751627,2,5
"14779",5,20,"conf_358",250,64,3.3434608301,2,5
"14780",5,20,"conf_358",500,64,3.2918326399,2,5
"14781",5,20,"conf_358",1500,64,2.2902520839,2,5
"14782",5,20,"conf_358",2500,64,1.9345369087,2,5
"14783",5,20,"conf_358",5000,64,0.821608013,2,5
"14784",5,20,"conf_358",7500,64,0.1778252184,2,5
"14785",5,20,"conf_358",250,65,113.035601071,2,5
"14786",5,20,"conf_358",500,65,3.8921777496,2,5
"14787",5,20,"conf_358",1500,65,2.7079790111,2,5
"14788",5,20,"conf_358",2500,65,1.7944398148,2,5
"14789",5,20,"conf_358",5000,65,0.8004080039,2,5
"14790",5,20,"conf_358",7500,65,0.5225743855,2,5
"14791",5,20,"conf_358",250,66,2.9778777664,2,5
"14792",5,20,"conf_358",500,66,2.6002381082,2,5
"14793",5,20,"conf_358",1500,66,1.9861166373,2,5
"14794",5,20,"conf_358",2500,66,1.5808365195,2,5
"14795",5,20,"conf_358",5000,66,0.5884454482,2,5
"14796",5,20,"conf_358",7500,66,0.359729476,2,5
"14797",5,20,"conf_358",250,67,331.4727062552,2,5
"14798",5,20,"conf_358",500,67,321.8273565928,2,5
"14799",5,20,"conf_358",1500,67,2.7070147398,2,5
"14800",5,20,"conf_358",2500,67,1.5185173809,2,5
"14801",5,20,"conf_358",5000,67,1.0162329489,2,5
"14802",5,20,"conf_358",7500,67,0.7502548163,2,5
"14803",5,20,"conf_358",250,68,2.5842143425,2,5
"14804",5,20,"conf_358",500,68,2.479352676,2,5
"14805",5,20,"conf_358",1500,68,1.7449358123,2,5
"14806",5,20,"conf_358",2500,68,1.6453679236,2,5
"14807",5,20,"conf_358",5000,68,0.9090964712,2,5
"14808",5,20,"conf_358",7500,68,0.3578739558,2,5
"14809",5,20,"conf_358",250,69,3.7390577937,2,5
"14810",5,20,"conf_358",500,69,3.4067675462,2,5
"14811",5,20,"conf_358",1500,69,1.9643793339,2,5
"14812",5,20,"conf_358",2500,69,1.3268297636,2,5
"14813",5,20,"conf_358",5000,69,1.2570606543,2,5
"14814",5,20,"conf_358",7500,69,0.7094395405,2,5
"14815",5,20,"conf_358",250,70,4.0582240887,2,5
"14816",5,20,"conf_358",500,70,4.0582240887,2,5
"14817",5,20,"conf_358",1500,70,2.1296392988,2,5
"14818",5,20,"conf_358",2500,70,1.570230364,2,5
"14819",5,20,"conf_358",5000,70,1.4286722709,2,5
"14820",5,20,"conf_358",7500,70,0.6050136706,2,5
"14821",5,20,"conf_358",250,71,537.6173945697,2,5
"14822",5,20,"conf_358",500,71,14.5590756233,2,5
"14823",5,20,"conf_358",1500,71,2.3799570968,2,5
"14824",5,20,"conf_358",2500,71,1.6734645806,2,5
"14825",5,20,"conf_358",5000,71,0.8111858115,2,5
"14826",5,20,"conf_358",7500,71,0.4532602702,2,5
"14827",5,20,"conf_358",250,72,152.6296679993,2,5
"14828",5,20,"conf_358",500,72,3.0890305539,2,5
"14829",5,20,"conf_358",1500,72,1.9847939305,2,5
"14830",5,20,"conf_358",2500,72,1.8687388419,2,5
"14831",5,20,"conf_358",5000,72,1.324236272,2,5
"14832",5,20,"conf_358",7500,72,0.6894027924,2,5
"14833",5,20,"conf_358",250,73,312.730983789,2,5
"14834",5,20,"conf_358",500,73,2.6517822628,2,5
"14835",5,20,"conf_358",1500,73,2.307050601,2,5
"14836",5,20,"conf_358",2500,73,1.6238701739,2,5
"14837",5,20,"conf_358",5000,73,1.103408745,2,5
"14838",5,20,"conf_358",7500,73,1.103408745,2,5
"14839",5,20,"conf_358",250,74,13.1767007876,2,5
"14840",5,20,"conf_358",500,74,13.1767007876,2,5
"14841",5,20,"conf_358",1500,74,2.0763069234,2,5
"14842",5,20,"conf_358",2500,74,2.0104155281,2,5
"14843",5,20,"conf_358",5000,74,0.7555976577,2,5
"14844",5,20,"conf_358",7500,74,0.7026827733,2,5
"14845",5,20,"conf_358",250,75,39.2989511602,2,5
"14846",5,20,"conf_358",500,75,3.0679225146,2,5
"14847",5,20,"conf_358",1500,75,1.6946247059,2,5
"14848",5,20,"conf_358",2500,75,1.5520895609,2,5
"14849",5,20,"conf_358",5000,75,0.8973879052,2,5
"14850",5,20,"conf_358",7500,75,0.6479641758,2,5
"14851",5,20,"conf_358",250,76,4.5806030719,2,5
"14852",5,20,"conf_358",500,76,3.2065716997,2,5
"14853",5,20,"conf_358",1500,76,2.6068305934,2,5
"14854",5,20,"conf_358",2500,76,1.4795660895,2,5
"14855",5,20,"conf_358",5000,76,0.9010622808,2,5
"14856",5,20,"conf_358",7500,76,0.5339312521,2,5
"14857",5,20,"conf_358",250,77,4.5083936274,2,5
"14858",5,20,"conf_358",500,77,4.5083936274,2,5
"14859",5,20,"conf_358",1500,77,2.3356504119,2,5
"14860",5,20,"conf_358",2500,77,1.5371183946,2,5
"14861",5,20,"conf_358",5000,77,1.3623489162,2,5
"14862",5,20,"conf_358",7500,77,0.945217193,2,5
"14863",5,20,"conf_358",250,78,76.5199786465,2,5
"14864",5,20,"conf_358",500,78,20.1535990756,2,5
"14865",5,20,"conf_358",1500,78,2.3806269695,2,5
"14866",5,20,"conf_358",2500,78,1.8426538751,2,5
"14867",5,20,"conf_358",5000,78,1.2070528869,2,5
"14868",5,20,"conf_358",7500,78,0.6978042958,2,5
"14869",5,20,"conf_358",250,79,622.4440632554,2,5
"14870",5,20,"conf_358",500,79,507.0517649529,2,5
"14871",5,20,"conf_358",1500,79,2.1639505384,2,5
"14872",5,20,"conf_358",2500,79,2.1639505384,2,5
"14873",5,20,"conf_358",5000,79,1.3407050832,2,5
"14874",5,20,"conf_358",7500,79,1.2158508221,2,5
"14875",5,20,"conf_358",250,80,83.7543932284,2,5
"14876",5,20,"conf_358",500,80,3.1369498401,2,5
"14877",5,20,"conf_358",1500,80,2.3910273048,2,5
"14878",5,20,"conf_358",2500,80,1.4384363048,2,5
"14879",5,20,"conf_358",5000,80,1.4384363048,2,5
"14880",5,20,"conf_358",7500,80,1.0697053212,2,5
"14881",5,20,"conf_358",250,81,4.4332198487,2,5
"14882",5,20,"conf_358",500,81,4.4332198487,2,5
"14883",5,20,"conf_358",1500,81,2.1148903801,2,5
"14884",5,20,"conf_358",2500,81,1.6714093897,2,5
"14885",5,20,"conf_358",5000,81,1.1351413122,2,5
"14886",5,20,"conf_358",7500,81,0.611574224,2,5
"14887",5,20,"conf_358",250,82,115.8406182796,2,5
"14888",5,20,"conf_358",500,82,4.1824423159,2,5
"14889",5,20,"conf_358",1500,82,2.2748119683,2,5
"14890",5,20,"conf_358",2500,82,1.8489434966,2,5
"14891",5,20,"conf_358",5000,82,1.4324898087,2,5
"14892",5,20,"conf_358",7500,82,0.7537344731,2,5
"14893",5,20,"conf_358",250,83,476.5490343738,2,5
"14894",5,20,"conf_358",500,83,3.6242125685,2,5
"14895",5,20,"conf_358",1500,83,2.7545677841,2,5
"14896",5,20,"conf_358",2500,83,1.0847266957,2,5
"14897",5,20,"conf_358",5000,83,1.0847266957,2,5
"14898",5,20,"conf_358",7500,83,0.9571089829,2,5
"14899",5,20,"conf_358",250,84,5.2229933267,2,5
"14900",5,20,"conf_358",500,84,5.0642599832,2,5
"14901",5,20,"conf_358",1500,84,2.3739177092,2,5
"14902",5,20,"conf_358",2500,84,1.6565079281,2,5
"14903",5,20,"conf_358",5000,84,1.3323014279,2,5
"14904",5,20,"conf_358",7500,84,1.0044602174,2,5
"14905",5,20,"conf_358",250,85,57.3936376364,2,5
"14906",5,20,"conf_358",500,85,3.6802605866,2,5
"14907",5,20,"conf_358",1500,85,2.3825978238,2,5
"14908",5,20,"conf_358",2500,85,2.020249837,2,5
"14909",5,20,"conf_358",5000,85,1.1607553791,2,5
"14910",5,20,"conf_358",7500,85,0.7725028705,2,5
"14911",5,20,"conf_358",250,86,103.4222517535,2,5
"14912",5,20,"conf_358",500,86,4.3418591239,2,5
"14913",5,20,"conf_358",1500,86,2.6545585259,2,5
"14914",5,20,"conf_358",2500,86,1.5597338454,2,5
"14915",5,20,"conf_358",5000,86,0.7940135041,2,5
"14916",5,20,"conf_358",7500,86,0.5662196008,2,5
"14917",5,20,"conf_358",250,87,2.971576742,2,5
"14918",5,20,"conf_358",500,87,2.971576742,2,5
"14919",5,20,"conf_358",1500,87,1.8933544745,2,5
"14920",5,20,"conf_358",2500,87,1.8113891201,2,5
"14921",5,20,"conf_358",5000,87,1.1138103823,2,5
"14922",5,20,"conf_358",7500,87,0.7838525124,2,5
"14923",5,20,"conf_358",250,88,105.9770397088,2,5
"14924",5,20,"conf_358",500,88,5.4321281566,2,5
"14925",5,20,"conf_358",1500,88,1.9004012604,2,5
"14926",5,20,"conf_358",2500,88,1.9004012604,2,5
"14927",5,20,"conf_358",5000,88,1.1882085771,2,5
"14928",5,20,"conf_358",7500,88,0.7449835322,2,5
"14929",5,20,"conf_358",250,89,89.7354004857,2,5
"14930",5,20,"conf_358",500,89,14.3729895508,2,5
"14931",5,20,"conf_358",1500,89,2.325371743,2,5
"14932",5,20,"conf_358",2500,89,1.7538207715,2,5
"14933",5,20,"conf_358",5000,89,1.1565641114,2,5
"14934",5,20,"conf_358",7500,89,0.5395341522,2,5
"14935",5,20,"conf_358",250,90,21.2863065212,2,5
"14936",5,20,"conf_358",500,90,21.2863065212,2,5
"14937",5,20,"conf_358",1500,90,2.7866260258,2,5
"14938",5,20,"conf_358",2500,90,1.9824473157,2,5
"14939",5,20,"conf_358",5000,90,1.0002788105,2,5
"14940",5,20,"conf_358",7500,90,0.772331671,2,5
"14941",5,20,"conf_358",250,91,72.6382340015,2,5
"14942",5,20,"conf_358",500,91,4.2842098285,2,5
"14943",5,20,"conf_358",1500,91,2.7274059601,2,5
"14944",5,20,"conf_358",2500,91,1.8233717331,2,5
"14945",5,20,"conf_358",5000,91,0.8596445203,2,5
"14946",5,20,"conf_358",7500,91,0.6457023866,2,5
"14947",5,20,"conf_358",250,92,2.8785578422,2,5
"14948",5,20,"conf_358",500,92,2.8785578422,2,5
"14949",5,20,"conf_358",1500,92,2.6649933387,2,5
"14950",5,20,"conf_358",2500,92,1.6896927796,2,5
"14951",5,20,"conf_358",5000,92,1.2115525659,2,5
"14952",5,20,"conf_358",7500,92,0.8923008919,2,5
"14953",5,20,"conf_358",250,93,2.9724819237,2,5
"14954",5,20,"conf_358",500,93,2.9724819237,2,5
"14955",5,20,"conf_358",1500,93,2.0891834703,2,5
"14956",5,20,"conf_358",2500,93,1.8528432482,2,5
"14957",5,20,"conf_358",5000,93,1.0546856474,2,5
"14958",5,20,"conf_358",7500,93,0.9229583357,2,5
"14959",5,20,"conf_358",250,94,203.1377523619,2,5
"14960",5,20,"conf_358",500,94,4.8288487784,2,5
"14961",5,20,"conf_358",1500,94,2.7467898594,2,5
"14962",5,20,"conf_358",2500,94,1.8016297529,2,5
"14963",5,20,"conf_358",5000,94,1.0941171515,2,5
"14964",5,20,"conf_358",7500,94,0.1492956191,2,5
"14965",5,20,"conf_358",250,95,202.6597102092,2,5
"14966",5,20,"conf_358",500,95,3.1681651056,2,5
"14967",5,20,"conf_358",1500,95,2.6009288276,2,5
"14968",5,20,"conf_358",2500,95,0.8903887507,2,5
"14969",5,20,"conf_358",5000,95,0.8623271751,2,5
"14970",5,20,"conf_358",7500,95,0.5467512664,2,5
"14971",5,20,"conf_358",250,96,337.867694683,2,5
"14972",5,20,"conf_358",500,96,195.4666851991,2,5
"14973",5,20,"conf_358",1500,96,2.5605580806,2,5
"14974",5,20,"conf_358",2500,96,1.9796201708,2,5
"14975",5,20,"conf_358",5000,96,0.7003082708,2,5
"14976",5,20,"conf_358",7500,96,0.6377527935,2,5
"14977",5,20,"conf_358",250,97,5.6238104314,2,5
"14978",5,20,"conf_358",500,97,3.979415411,2,5
"14979",5,20,"conf_358",1500,97,2.4177044475,2,5
"14980",5,20,"conf_358",2500,97,1.4771733229,2,5
"14981",5,20,"conf_358",5000,97,0.6907566761,2,5
"14982",5,20,"conf_358",7500,97,0.6060514342,2,5
"14983",5,20,"conf_358",250,98,3.7844956154,2,5
"14984",5,20,"conf_358",500,98,3.077590026,2,5
"14985",5,20,"conf_358",1500,98,1.9930762287,2,5
"14986",5,20,"conf_358",2500,98,1.1288856579,2,5
"14987",5,20,"conf_358",5000,98,0.697698241,2,5
"14988",5,20,"conf_358",7500,98,0.697698241,2,5
"14989",5,20,"conf_358",250,99,2.076146127,2,5
"14990",5,20,"conf_358",500,99,2.076146127,2,5
"14991",5,20,"conf_358",1500,99,2.0312401286,2,5
"14992",5,20,"conf_358",2500,99,1.6087038968,2,5
"14993",5,20,"conf_358",5000,99,1.4290683571,2,5
"14994",5,20,"conf_358",7500,99,0.7709380837,2,5
"14995",5,20,"conf_358",250,100,5.0287930526,2,5
"14996",5,20,"conf_358",500,100,4.0260905619,2,5
"14997",5,20,"conf_358",1500,100,2.4274158777,2,5
"14998",5,20,"conf_358",2500,100,1.6362195815,2,5
"14999",5,20,"conf_358",5000,100,1.1036447967,2,5
"15000",5,20,"conf_358",7500,100,0.830417051,2,5
"15001",5,20,"conf_358",250,101,2.983783951,3,5
"15002",5,20,"conf_358",500,101,2.983783951,3,5
"15003",5,20,"conf_358",1500,101,2.51612566,3,5
"15004",5,20,"conf_358",2500,101,2.1396112087,3,5
"15005",5,20,"conf_358",5000,101,0.6018331136,3,5
"15006",5,20,"conf_358",7500,101,0.6018331136,3,5
"15007",5,20,"conf_358",250,102,4.9206955841,3,5
"15008",5,20,"conf_358",500,102,4.9206955841,3,5
"15009",5,20,"conf_358",1500,102,2.6558897819,3,5
"15010",5,20,"conf_358",2500,102,1.8709614491,3,5
"15011",5,20,"conf_358",5000,102,1.0960727886,3,5
"15012",5,20,"conf_358",7500,102,0.7491718812,3,5
"15013",5,20,"conf_358",250,103,94.8876538474,3,5
"15014",5,20,"conf_358",500,103,94.8876538474,3,5
"15015",5,20,"conf_358",1500,103,1.5221155314,3,5
"15016",5,20,"conf_358",2500,103,1.5221155314,3,5
"15017",5,20,"conf_358",5000,103,1.0003583281,3,5
"15018",5,20,"conf_358",7500,103,0.4108029068,3,5
"15019",5,20,"conf_358",250,104,64.9967646395,3,5
"15020",5,20,"conf_358",500,104,17.6462595324,3,5
"15021",5,20,"conf_358",1500,104,2.5722705572,3,5
"15022",5,20,"conf_358",2500,104,1.5854566188,3,5
"15023",5,20,"conf_358",5000,104,1.3347198063,3,5
"15024",5,20,"conf_358",7500,104,0.7819970494,3,5
"15025",5,20,"conf_358",250,105,10.2363570203,3,5
"15026",5,20,"conf_358",500,105,3.9067742965,3,5
"15027",5,20,"conf_358",1500,105,2.4709719272,3,5
"15028",5,20,"conf_358",2500,105,1.0521203007,3,5
"15029",5,20,"conf_358",5000,105,1.0521203007,3,5
"15030",5,20,"conf_358",7500,105,0.8123867556,3,5
"15031",5,20,"conf_358",250,106,456.4818547173,3,5
"15032",5,20,"conf_358",500,106,3.5102710479,3,5
"15033",5,20,"conf_358",1500,106,2.5945863695,3,5
"15034",5,20,"conf_358",2500,106,1.6116511552,3,5
"15035",5,20,"conf_358",5000,106,0.6800877346,3,5
"15036",5,20,"conf_358",7500,106,0.6800877346,3,5
"15037",5,20,"conf_358",250,107,4.4043437832,3,5
"15038",5,20,"conf_358",500,107,3.9853196223,3,5
"15039",5,20,"conf_358",1500,107,2.2775123053,3,5
"15040",5,20,"conf_358",2500,107,1.4305206864,3,5
"15041",5,20,"conf_358",5000,107,1.0563474865,3,5
"15042",5,20,"conf_358",7500,107,0.9238890788,3,5
"15043",5,20,"conf_358",250,108,93.0309381576,3,5
"15044",5,20,"conf_358",500,108,4.7599096316,3,5
"15045",5,20,"conf_358",1500,108,1.8928551449,3,5
"15046",5,20,"conf_358",2500,108,1.6475616507,3,5
"15047",5,20,"conf_358",5000,108,0.8843345367,3,5
"15048",5,20,"conf_358",7500,108,0.5990660288,3,5
"15049",5,20,"conf_358",250,109,8.4582454446,3,5
"15050",5,20,"conf_358",500,109,3.1511547011,3,5
"15051",5,20,"conf_358",1500,109,2.4392274609,3,5
"15052",5,20,"conf_358",2500,109,1.5733580832,3,5
"15053",5,20,"conf_358",5000,109,1.1749456217,3,5
"15054",5,20,"conf_358",7500,109,1.048042166,3,5
"15055",5,20,"conf_358",250,110,570.3126408333,3,5
"15056",5,20,"conf_358",500,110,4.3588439284,3,5
"15057",5,20,"conf_358",1500,110,1.9852517203,3,5
"15058",5,20,"conf_358",2500,110,1.9809247513,3,5
"15059",5,20,"conf_358",5000,110,0.7403989742,3,5
"15060",5,20,"conf_358",7500,110,0.6523754221,3,5
"15061",5,20,"conf_358",250,111,479.0384698512,3,5
"15062",5,20,"conf_358",500,111,97.6470350285,3,5
"15063",5,20,"conf_358",1500,111,2.1191930826,3,5
"15064",5,20,"conf_358",2500,111,1.6393382758,3,5
"15065",5,20,"conf_358",5000,111,0.8137970922,3,5
"15066",5,20,"conf_358",7500,111,0.6972655287,3,5
"15067",5,20,"conf_358",250,112,3.2278608775,3,5
"15068",5,20,"conf_358",500,112,3.2278608775,3,5
"15069",5,20,"conf_358",1500,112,2.3795799042,3,5
"15070",5,20,"conf_358",2500,112,1.9232182709,3,5
"15071",5,20,"conf_358",5000,112,0.5886116034,3,5
"15072",5,20,"conf_358",7500,112,0.5886116034,3,5
"15073",5,20,"conf_358",250,113,3.5281616302,3,5
"15074",5,20,"conf_358",500,113,3.5281616302,3,5
"15075",5,20,"conf_358",1500,113,2.305525553,3,5
"15076",5,20,"conf_358",2500,113,1.7397630433,3,5
"15077",5,20,"conf_358",5000,113,1.4791318009,3,5
"15078",5,20,"conf_358",7500,113,0.6596195074,3,5
"15079",5,20,"conf_358",250,114,3.6272060778,3,5
"15080",5,20,"conf_358",500,114,3.6272060778,3,5
"15081",5,20,"conf_358",1500,114,2.3369258676,3,5
"15082",5,20,"conf_358",2500,114,1.1509505404,3,5
"15083",5,20,"conf_358",5000,114,0.6521185473,3,5
"15084",5,20,"conf_358",7500,114,0.6105429959,3,5
"15085",5,20,"conf_358",250,115,4.5160536565,3,5
"15086",5,20,"conf_358",500,115,4.5160536565,3,5
"15087",5,20,"conf_358",1500,115,1.6731199524,3,5
"15088",5,20,"conf_358",2500,115,1.5741241885,3,5
"15089",5,20,"conf_358",5000,115,1.0221941331,3,5
"15090",5,20,"conf_358",7500,115,0.3282376755,3,5
"15091",5,20,"conf_358",250,116,18.5153019498,3,5
"15092",5,20,"conf_358",500,116,3.299454824,3,5
"15093",5,20,"conf_358",1500,116,2.587959725,3,5
"15094",5,20,"conf_358",2500,116,1.824501154,3,5
"15095",5,20,"conf_358",5000,116,0.5938370204,3,5
"15096",5,20,"conf_358",7500,116,0.4009341433,3,5
"15097",5,20,"conf_358",250,117,509.8452322919,3,5
"15098",5,20,"conf_358",500,117,4.4735328787,3,5
"15099",5,20,"conf_358",1500,117,2.2114931999,3,5
"15100",5,20,"conf_358",2500,117,2.173692116,3,5
"15101",5,20,"conf_358",5000,117,1.3323752778,3,5
"15102",5,20,"conf_358",7500,117,0.8858284714,3,5
"15103",5,20,"conf_358",250,118,1439.5365539685,3,5
"15104",5,20,"conf_358",500,118,41.5310152973,3,5
"15105",5,20,"conf_358",1500,118,2.0324241849,3,5
"15106",5,20,"conf_358",2500,118,1.8895196513,3,5
"15107",5,20,"conf_358",5000,118,1.0038682541,3,5
"15108",5,20,"conf_358",7500,118,0.72795802,3,5
"15109",5,20,"conf_358",250,119,3.7693492916,3,5
"15110",5,20,"conf_358",500,119,3.6555253354,3,5
"15111",5,20,"conf_358",1500,119,2.2810645622,3,5
"15112",5,20,"conf_358",2500,119,1.6295711008,3,5
"15113",5,20,"conf_358",5000,119,1.1618771145,3,5
"15114",5,20,"conf_358",7500,119,0.6674783189,3,5
"15115",5,20,"conf_358",250,120,4.8804544395,3,5
"15116",5,20,"conf_358",500,120,4.8804544395,3,5
"15117",5,20,"conf_358",1500,120,2.3951803238,3,5
"15118",5,20,"conf_358",2500,120,1.8409262824,3,5
"15119",5,20,"conf_358",5000,120,1.0537814113,3,5
"15120",5,20,"conf_358",7500,120,0.8306516548,3,5
"15121",5,20,"conf_358",250,121,3.6915725886,3,5
"15122",5,20,"conf_358",500,121,3.3994883823,3,5
"15123",5,20,"conf_358",1500,121,2.3419308244,3,5
"15124",5,20,"conf_358",2500,121,1.855204965,3,5
"15125",5,20,"conf_358",5000,121,1.0644635304,3,5
"15126",5,20,"conf_358",7500,121,0.6996272163,3,5
"15127",5,20,"conf_358",250,122,3.2452592208,3,5
"15128",5,20,"conf_358",500,122,3.2452592208,3,5
"15129",5,20,"conf_358",1500,122,1.5458986355,3,5
"15130",5,20,"conf_358",2500,122,1.1819918641,3,5
"15131",5,20,"conf_358",5000,122,0.8675655171,3,5
"15132",5,20,"conf_358",7500,122,0.2829340736,3,5
"15133",5,20,"conf_358",250,123,340.7082053205,3,5
"15134",5,20,"conf_358",500,123,5.5537302824,3,5
"15135",5,20,"conf_358",1500,123,1.2709419947,3,5
"15136",5,20,"conf_358",2500,123,1.2709419947,3,5
"15137",5,20,"conf_358",5000,123,1.2691215808,3,5
"15138",5,20,"conf_358",7500,123,0.7383379446,3,5
"15139",5,20,"conf_358",250,124,4.657780691,3,5
"15140",5,20,"conf_358",500,124,4.657780691,3,5
"15141",5,20,"conf_358",1500,124,1.5180356667,3,5
"15142",5,20,"conf_358",2500,124,1.5180356667,3,5
"15143",5,20,"conf_358",5000,124,0.9437671498,3,5
"15144",5,20,"conf_358",7500,124,0.9046554207,3,5
"15145",5,20,"conf_358",250,125,3.7858327673,3,5
"15146",5,20,"conf_358",500,125,3.2335284564,3,5
"15147",5,20,"conf_358",1500,125,2.2887538283,3,5
"15148",5,20,"conf_358",2500,125,1.5224509315,3,5
"15149",5,20,"conf_358",5000,125,0.9686622798,3,5
"15150",5,20,"conf_358",7500,125,0.8008408001,3,5
"15151",5,20,"conf_358",250,126,73.9692290583,3,5
"15152",5,20,"conf_358",500,126,4.2091200586,3,5
"15153",5,20,"conf_358",1500,126,2.4397997067,3,5
"15154",5,20,"conf_358",2500,126,2.0010717396,3,5
"15155",5,20,"conf_358",5000,126,1.1779631112,3,5
"15156",5,20,"conf_358",7500,126,0.6542015242,3,5
"15157",5,20,"conf_358",250,127,16.6051092924,3,5
"15158",5,20,"conf_358",500,127,4.0620675598,3,5
"15159",5,20,"conf_358",1500,127,2.3048991032,3,5
"15160",5,20,"conf_358",2500,127,1.3993244197,3,5
"15161",5,20,"conf_358",5000,127,1.1238002342,3,5
"15162",5,20,"conf_358",7500,127,0.3976646781,3,5
"15163",5,20,"conf_358",250,128,13.7677154998,3,5
"15164",5,20,"conf_358",500,128,10.0095393513,3,5
"15165",5,20,"conf_358",1500,128,2.8334434891,3,5
"15166",5,20,"conf_358",2500,128,1.5998367911,3,5
"15167",5,20,"conf_358",5000,128,0.9325540394,3,5
"15168",5,20,"conf_358",7500,128,0.7333015404,3,5
"15169",5,20,"conf_358",250,129,8.3844963882,3,5
"15170",5,20,"conf_358",500,129,4.8437110896,3,5
"15171",5,20,"conf_358",1500,129,2.010193035,3,5
"15172",5,20,"conf_358",2500,129,1.6356591203,3,5
"15173",5,20,"conf_358",5000,129,0.7496158529,3,5
"15174",5,20,"conf_358",7500,129,0.4696278864,3,5
"15175",5,20,"conf_358",250,130,3.9736378406,3,5
"15176",5,20,"conf_358",500,130,2.5313948841,3,5
"15177",5,20,"conf_358",1500,130,1.8368812389,3,5
"15178",5,20,"conf_358",2500,130,1.8368812389,3,5
"15179",5,20,"conf_358",5000,130,1.1675125567,3,5
"15180",5,20,"conf_358",7500,130,0.4145018786,3,5
"15181",5,20,"conf_358",250,131,82.6463262737,3,5
"15182",5,20,"conf_358",500,131,3.4182095415,3,5
"15183",5,20,"conf_358",1500,131,2.4728108782,3,5
"15184",5,20,"conf_358",2500,131,2.0736452631,3,5
"15185",5,20,"conf_358",5000,131,1.5121814495,3,5
"15186",5,20,"conf_358",7500,131,0.8752783284,3,5
"15187",5,20,"conf_358",250,132,4.9066916689,3,5
"15188",5,20,"conf_358",500,132,4.9066916689,3,5
"15189",5,20,"conf_358",1500,132,1.3276501264,3,5
"15190",5,20,"conf_358",2500,132,1.3276501264,3,5
"15191",5,20,"conf_358",5000,132,1.0405036859,3,5
"15192",5,20,"conf_358",7500,132,0.6149476911,3,5
"15193",5,20,"conf_358",250,133,3.5988114916,3,5
"15194",5,20,"conf_358",500,133,3.1235333182,3,5
"15195",5,20,"conf_358",1500,133,1.7677634293,3,5
"15196",5,20,"conf_358",2500,133,1.3514517426,3,5
"15197",5,20,"conf_358",5000,133,0.4896016235,3,5
"15198",5,20,"conf_358",7500,133,0.4896016235,3,5
"15199",5,20,"conf_358",250,134,3.8143162597,3,5
"15200",5,20,"conf_358",500,134,3.8143162597,3,5
"15201",5,20,"conf_358",1500,134,1.3943884659,3,5
"15202",5,20,"conf_358",2500,134,1.3943884659,3,5
"15203",5,20,"conf_358",5000,134,1.3749263505,3,5
"15204",5,20,"conf_358",7500,134,0.6422913884,3,5
"15205",5,20,"conf_358",250,135,164.0738751188,3,5
"15206",5,20,"conf_358",500,135,2.6990804981,3,5
"15207",5,20,"conf_358",1500,135,2.6602814683,3,5
"15208",5,20,"conf_358",2500,135,1.7342770749,3,5
"15209",5,20,"conf_358",5000,135,1.361271482,3,5
"15210",5,20,"conf_358",7500,135,0.9382599253,3,5
"15211",5,20,"conf_358",250,136,72.9221610139,3,5
"15212",5,20,"conf_358",500,136,3.9159665958,3,5
"15213",5,20,"conf_358",1500,136,1.9368835235,3,5
"15214",5,20,"conf_358",2500,136,1.9368835235,3,5
"15215",5,20,"conf_358",5000,136,1.3408468784,3,5
"15216",5,20,"conf_358",7500,136,0.55988167,3,5
"15217",5,20,"conf_358",250,137,3.6479689846,3,5
"15218",5,20,"conf_358",500,137,3.6479689846,3,5
"15219",5,20,"conf_358",1500,137,2.3338095204,3,5
"15220",5,20,"conf_358",2500,137,1.3859193455,3,5
"15221",5,20,"conf_358",5000,137,1.0765631141,3,5
"15222",5,20,"conf_358",7500,137,0.3298577271,3,5
"15223",5,20,"conf_358",250,138,4.2000629147,3,5
"15224",5,20,"conf_358",500,138,3.4362424561,3,5
"15225",5,20,"conf_358",1500,138,2.8695757953,3,5
"15226",5,20,"conf_358",2500,138,1.4068877597,3,5
"15227",5,20,"conf_358",5000,138,1.2519724358,3,5
"15228",5,20,"conf_358",7500,138,0.5738841244,3,5
"15229",5,20,"conf_358",250,139,351.5843183599,3,5
"15230",5,20,"conf_358",500,139,11.4898116617,3,5
"15231",5,20,"conf_358",1500,139,1.7833878407,3,5
"15232",5,20,"conf_358",2500,139,1.7039764797,3,5
"15233",5,20,"conf_358",5000,139,1.4064618001,3,5
"15234",5,20,"conf_358",7500,139,0.6493312405,3,5
"15235",5,20,"conf_358",250,140,5.2202170917,3,5
"15236",5,20,"conf_358",500,140,3.6468260772,3,5
"15237",5,20,"conf_358",1500,140,2.7291621911,3,5
"15238",5,20,"conf_358",2500,140,1.7994625526,3,5
"15239",5,20,"conf_358",5000,140,1.1008751297,3,5
"15240",5,20,"conf_358",7500,140,0.2741160167,3,5
"15241",5,20,"conf_358",250,141,5.4251141854,3,5
"15242",5,20,"conf_358",500,141,3.0655003492,3,5
"15243",5,20,"conf_358",1500,141,2.4247443158,3,5
"15244",5,20,"conf_358",2500,141,1.5240690677,3,5
"15245",5,20,"conf_358",5000,141,0.8423425711,3,5
"15246",5,20,"conf_358",7500,141,0.8423425711,3,5
"15247",5,20,"conf_358",250,142,123.239234518,3,5
"15248",5,20,"conf_358",500,142,4.2026711663,3,5
"15249",5,20,"conf_358",1500,142,2.4681612145,3,5
"15250",5,20,"conf_358",2500,142,2.4681612145,3,5
"15251",5,20,"conf_358",5000,142,1.3405292624,3,5
"15252",5,20,"conf_358",7500,142,1.0424817631,3,5
"15253",5,20,"conf_358",250,143,7.9964511155,3,5
"15254",5,20,"conf_358",500,143,5.6305232438,3,5
"15255",5,20,"conf_358",1500,143,2.4026046939,3,5
"15256",5,20,"conf_358",2500,143,0.8397524644,3,5
"15257",5,20,"conf_358",5000,143,0.8397524644,3,5
"15258",5,20,"conf_358",7500,143,0.6204405219,3,5
"15259",5,20,"conf_358",250,144,109.6340103867,3,5
"15260",5,20,"conf_358",500,144,3.6033845726,3,5
"15261",5,20,"conf_358",1500,144,2.3535502591,3,5
"15262",5,20,"conf_358",2500,144,2.0286395157,3,5
"15263",5,20,"conf_358",5000,144,0.9466671473,3,5
"15264",5,20,"conf_358",7500,144,0.3208647993,3,5
"15265",5,20,"conf_358",250,145,3.5615910433,3,5
"15266",5,20,"conf_358",500,145,3.5615910433,3,5
"15267",5,20,"conf_358",1500,145,1.5208858086,3,5
"15268",5,20,"conf_358",2500,145,0.9261820616,3,5
"15269",5,20,"conf_358",5000,145,0.9261820616,3,5
"15270",5,20,"conf_358",7500,145,0.6769813247,3,5
"15271",5,20,"conf_358",250,146,2.5275060094,3,5
"15272",5,20,"conf_358",500,146,2.5275060094,3,5
"15273",5,20,"conf_358",1500,146,1.9214994043,3,5
"15274",5,20,"conf_358",2500,146,1.8701102579,3,5
"15275",5,20,"conf_358",5000,146,1.0057258861,3,5
"15276",5,20,"conf_358",7500,146,0.669032099,3,5
"15277",5,20,"conf_358",250,147,4.3480533821,3,5
"15278",5,20,"conf_358",500,147,4.3480533821,3,5
"15279",5,20,"conf_358",1500,147,1.9562426374,3,5
"15280",5,20,"conf_358",2500,147,1.5736584886,3,5
"15281",5,20,"conf_358",5000,147,1.3263324714,3,5
"15282",5,20,"conf_358",7500,147,0.8586428733,3,5
"15283",5,20,"conf_358",250,148,542.3198464228,3,5
"15284",5,20,"conf_358",500,148,3.9896424704,3,5
"15285",5,20,"conf_358",1500,148,2.562843961,3,5
"15286",5,20,"conf_358",2500,148,1.9381728481,3,5
"15287",5,20,"conf_358",5000,148,0.6660495724,3,5
"15288",5,20,"conf_358",7500,148,0.6660495724,3,5
"15289",5,20,"conf_358",250,149,48.7031500413,3,5
"15290",5,20,"conf_358",500,149,3.9772290069,3,5
"15291",5,20,"conf_358",1500,149,2.2286532103,3,5
"15292",5,20,"conf_358",2500,149,1.5487350944,3,5
"15293",5,20,"conf_358",5000,149,1.1719725725,3,5
"15294",5,20,"conf_358",7500,149,1.006304275,3,5
"15295",5,20,"conf_358",250,150,103.813846155,3,5
"15296",5,20,"conf_358",500,150,3.3456218994,3,5
"15297",5,20,"conf_358",1500,150,2.2963840285,3,5
"15298",5,20,"conf_358",2500,150,1.7143477664,3,5
"15299",5,20,"conf_358",5000,150,0.9076409457,3,5
"15300",5,20,"conf_358",7500,150,0.8438934919,3,5
"15301",5,20,"conf_358",250,151,780.5095908552,4,5
"15302",5,20,"conf_358",500,151,3.8638991279,4,5
"15303",5,20,"conf_358",1500,151,2.055929192,4,5
"15304",5,20,"conf_358",2500,151,1.240792718,4,5
"15305",5,20,"conf_358",5000,151,1.0357304991,4,5
"15306",5,20,"conf_358",7500,151,0.7466170509,4,5
"15307",5,20,"conf_358",250,152,4.328668111,4,5
"15308",5,20,"conf_358",500,152,3.4298490264,4,5
"15309",5,20,"conf_358",1500,152,2.6328833739,4,5
"15310",5,20,"conf_358",2500,152,1.450103239,4,5
"15311",5,20,"conf_358",5000,152,0.9412371517,4,5
"15312",5,20,"conf_358",7500,152,0.5421733778,4,5
"15313",5,20,"conf_358",250,153,286.6126859752,4,5
"15314",5,20,"conf_358",500,153,143.8246106167,4,5
"15315",5,20,"conf_358",1500,153,2.2903141061,4,5
"15316",5,20,"conf_358",2500,153,1.8797326461,4,5
"15317",5,20,"conf_358",5000,153,1.1201145767,4,5
"15318",5,20,"conf_358",7500,153,0.3298104873,4,5
"15319",5,20,"conf_358",250,154,443.0748674869,4,5
"15320",5,20,"conf_358",500,154,4.3299482909,4,5
"15321",5,20,"conf_358",1500,154,2.2043958521,4,5
"15322",5,20,"conf_358",2500,154,2.2043958521,4,5
"15323",5,20,"conf_358",5000,154,1.3356055126,4,5
"15324",5,20,"conf_358",7500,154,0.7473417142,4,5
"15325",5,20,"conf_358",250,155,177.4538943242,4,5
"15326",5,20,"conf_358",500,155,51.4207882643,4,5
"15327",5,20,"conf_358",1500,155,1.9978513221,4,5
"15328",5,20,"conf_358",2500,155,1.9309271756,4,5
"15329",5,20,"conf_358",5000,155,0.9425739431,4,5
"15330",5,20,"conf_358",7500,155,0.7386571028,4,5
"15331",5,20,"conf_358",250,156,3.7773028995,4,5
"15332",5,20,"conf_358",500,156,3.1729649197,4,5
"15333",5,20,"conf_358",1500,156,2.4374965475,4,5
"15334",5,20,"conf_358",2500,156,1.2505764755,4,5
"15335",5,20,"conf_358",5000,156,0.7634826946,4,5
"15336",5,20,"conf_358",7500,156,0.6254233363,4,5
"15337",5,20,"conf_358",250,157,170.5754455585,4,5
"15338",5,20,"conf_358",500,157,4.3885231994,4,5
"15339",5,20,"conf_358",1500,157,2.3826221789,4,5
"15340",5,20,"conf_358",2500,157,0.554120827,4,5
"15341",5,20,"conf_358",5000,157,0.4622100401,4,5
"15342",5,20,"conf_358",7500,157,0.4570819618,4,5
"15343",5,20,"conf_358",250,158,71.4353318613,4,5
"15344",5,20,"conf_358",500,158,71.4353318613,4,5
"15345",5,20,"conf_358",1500,158,2.005419518,4,5
"15346",5,20,"conf_358",2500,158,1.8519480208,4,5
"15347",5,20,"conf_358",5000,158,1.0919932061,4,5
"15348",5,20,"conf_358",7500,158,0.3545684554,4,5
"15349",5,20,"conf_358",250,159,269.6476078333,4,5
"15350",5,20,"conf_358",500,159,207.0095118331,4,5
"15351",5,20,"conf_358",1500,159,2.2566947791,4,5
"15352",5,20,"conf_358",2500,159,0.8898856368,4,5
"15353",5,20,"conf_358",5000,159,0.7841174861,4,5
"15354",5,20,"conf_358",7500,159,0.5468581501,4,5
"15355",5,20,"conf_358",250,160,4.6649948436,4,5
"15356",5,20,"conf_358",500,160,4.6649948436,4,5
"15357",5,20,"conf_358",1500,160,2.692871273,4,5
"15358",5,20,"conf_358",2500,160,1.9262053098,4,5
"15359",5,20,"conf_358",5000,160,1.1476103741,4,5
"15360",5,20,"conf_358",7500,160,0.6006894513,4,5
"15361",5,20,"conf_358",250,161,209.4745310598,4,5
"15362",5,20,"conf_358",500,161,16.8292938816,4,5
"15363",5,20,"conf_358",1500,161,2.04439188,4,5
"15364",5,20,"conf_358",2500,161,1.7135777957,4,5
"15365",5,20,"conf_358",5000,161,1.1076300395,4,5
"15366",5,20,"conf_358",7500,161,0.9244844223,4,5
"15367",5,20,"conf_358",250,162,13.8010291441,4,5
"15368",5,20,"conf_358",500,162,13.8010291441,4,5
"15369",5,20,"conf_358",1500,162,2.1135675972,4,5
"15370",5,20,"conf_358",2500,162,1.5223932427,4,5
"15371",5,20,"conf_358",5000,162,1.3539107467,4,5
"15372",5,20,"conf_358",7500,162,0.9652412983,4,5
"15373",5,20,"conf_358",250,163,3.4503449517,4,5
"15374",5,20,"conf_358",500,163,2.8305636097,4,5
"15375",5,20,"conf_358",1500,163,2.0769911089,4,5
"15376",5,20,"conf_358",2500,163,1.7844791697,4,5
"15377",5,20,"conf_358",5000,163,1.4600880333,4,5
"15378",5,20,"conf_358",7500,163,0.7904079608,4,5
"15379",5,20,"conf_358",250,164,5.5873459794,4,5
"15380",5,20,"conf_358",500,164,3.3610992981,4,5
"15381",5,20,"conf_358",1500,164,2.6356141557,4,5
"15382",5,20,"conf_358",2500,164,1.7154605141,4,5
"15383",5,20,"conf_358",5000,164,1.2964205409,4,5
"15384",5,20,"conf_358",7500,164,1.0016473917,4,5
"15385",5,20,"conf_358",250,165,8.3862353812,4,5
"15386",5,20,"conf_358",500,165,5.1684930139,4,5
"15387",5,20,"conf_358",1500,165,2.275887008,4,5
"15388",5,20,"conf_358",2500,165,0.9662649343,4,5
"15389",5,20,"conf_358",5000,165,0.7389900307,4,5
"15390",5,20,"conf_358",7500,165,0.4972526696,4,5
"15391",5,20,"conf_358",250,166,4.4324833327,4,5
"15392",5,20,"conf_358",500,166,4.3288708495,4,5
"15393",5,20,"conf_358",1500,166,2.1026981378,4,5
"15394",5,20,"conf_358",2500,166,2.0376492781,4,5
"15395",5,20,"conf_358",5000,166,0.6832905006,4,5
"15396",5,20,"conf_358",7500,166,0.5854412035,4,5
"15397",5,20,"conf_358",250,167,4.1404791496,4,5
"15398",5,20,"conf_358",500,167,4.1404791496,4,5
"15399",5,20,"conf_358",1500,167,2.5192238899,4,5
"15400",5,20,"conf_358",2500,167,1.6237307015,4,5
"15401",5,20,"conf_358",5000,167,1.084426753,4,5
"15402",5,20,"conf_358",7500,167,0.8509365991,4,5
"15403",5,20,"conf_358",250,168,26.5745259989,4,5
"15404",5,20,"conf_358",500,168,6.3374968424,4,5
"15405",5,20,"conf_358",1500,168,2.1589446862,4,5
"15406",5,20,"conf_358",2500,168,2.1589446862,4,5
"15407",5,20,"conf_358",5000,168,1.3794362589,4,5
"15408",5,20,"conf_358",7500,168,0.48531586,4,5
"15409",5,20,"conf_358",250,169,5.4195370421,4,5
"15410",5,20,"conf_358",500,169,5.4195370421,4,5
"15411",5,20,"conf_358",1500,169,2.5733913749,4,5
"15412",5,20,"conf_358",2500,169,1.5234001325,4,5
"15413",5,20,"conf_358",5000,169,1.2315542225,4,5
"15414",5,20,"conf_358",7500,169,0.8531468683,4,5
"15415",5,20,"conf_358",250,170,5.0111058924,4,5
"15416",5,20,"conf_358",500,170,3.3437915759,4,5
"15417",5,20,"conf_358",1500,170,1.9390802843,4,5
"15418",5,20,"conf_358",2500,170,1.9390802843,4,5
"15419",5,20,"conf_358",5000,170,1.000098766,4,5
"15420",5,20,"conf_358",7500,170,0.458605137,4,5
"15421",5,20,"conf_358",250,171,2.8559218544,4,5
"15422",5,20,"conf_358",500,171,2.8559218544,4,5
"15423",5,20,"conf_358",1500,171,2.4991897711,4,5
"15424",5,20,"conf_358",2500,171,1.9044377327,4,5
"15425",5,20,"conf_358",5000,171,0.8235502837,4,5
"15426",5,20,"conf_358",7500,171,0.8235502837,4,5
"15427",5,20,"conf_358",250,172,50.6383653527,4,5
"15428",5,20,"conf_358",500,172,50.6383653527,4,5
"15429",5,20,"conf_358",1500,172,1.9358063194,4,5
"15430",5,20,"conf_358",2500,172,1.5463923324,4,5
"15431",5,20,"conf_358",5000,172,1.0002531406,4,5
"15432",5,20,"conf_358",7500,172,0.8474700936,4,5
"15433",5,20,"conf_358",250,173,2.9226960523,4,5
"15434",5,20,"conf_358",500,173,2.9226960523,4,5
"15435",5,20,"conf_358",1500,173,2.0201833005,4,5
"15436",5,20,"conf_358",2500,173,1.4885583803,4,5
"15437",5,20,"conf_358",5000,173,0.8859249654,4,5
"15438",5,20,"conf_358",7500,173,0.6222516238,4,5
"15439",5,20,"conf_358",250,174,1351.1472771681,4,5
"15440",5,20,"conf_358",500,174,4.898033422,4,5
"15441",5,20,"conf_358",1500,174,2.4017765454,4,5
"15442",5,20,"conf_358",2500,174,1.1150108352,4,5
"15443",5,20,"conf_358",5000,174,1.0426468865,4,5
"15444",5,20,"conf_358",7500,174,0.9108662672,4,5
"15445",5,20,"conf_358",250,175,3.8991500144,4,5
"15446",5,20,"conf_358",500,175,3.8991500144,4,5
"15447",5,20,"conf_358",1500,175,2.1689101379,4,5
"15448",5,20,"conf_358",2500,175,1.7061721563,4,5
"15449",5,20,"conf_358",5000,175,0.6693084847,4,5
"15450",5,20,"conf_358",7500,175,0.3097710665,4,5
"15451",5,20,"conf_358",250,176,210.8982678869,4,5
"15452",5,20,"conf_358",500,176,10.1442481833,4,5
"15453",5,20,"conf_358",1500,176,2.0977885017,4,5
"15454",5,20,"conf_358",2500,176,1.965192257,4,5
"15455",5,20,"conf_358",5000,176,0.9746470663,4,5
"15456",5,20,"conf_358",7500,176,0.5629576875,4,5
"15457",5,20,"conf_358",250,177,172.0449960185,4,5
"15458",5,20,"conf_358",500,177,82.7342631051,4,5
"15459",5,20,"conf_358",1500,177,2.3765361606,4,5
"15460",5,20,"conf_358",2500,177,1.9482326789,4,5
"15461",5,20,"conf_358",5000,177,1.4915534166,4,5
"15462",5,20,"conf_358",7500,177,0.9434083166,4,5
"15463",5,20,"conf_358",250,178,2.1902672756,4,5
"15464",5,20,"conf_358",500,178,1.8235858661,4,5
"15465",5,20,"conf_358",1500,178,1.8235858661,4,5
"15466",5,20,"conf_358",2500,178,1.6452380249,4,5
"15467",5,20,"conf_358",5000,178,1.0485825186,4,5
"15468",5,20,"conf_358",7500,178,0.7706271185,4,5
"15469",5,20,"conf_358",250,179,1.8428804347,4,5
"15470",5,20,"conf_358",500,179,1.8428804347,4,5
"15471",5,20,"conf_358",1500,179,1.8428804347,4,5
"15472",5,20,"conf_358",2500,179,1.2523420405,4,5
"15473",5,20,"conf_358",5000,179,0.9471610279,4,5
"15474",5,20,"conf_358",7500,179,0.7300548634,4,5
"15475",5,20,"conf_358",250,180,3.7173038316,4,5
"15476",5,20,"conf_358",500,180,1.7894803732,4,5
"15477",5,20,"conf_358",1500,180,1.7894803732,4,5
"15478",5,20,"conf_358",2500,180,1.3104786877,4,5
"15479",5,20,"conf_358",5000,180,1.2014255136,4,5
"15480",5,20,"conf_358",7500,180,0.8838224788,4,5
"15481",5,20,"conf_358",250,181,4.3792569768,4,5
"15482",5,20,"conf_358",500,181,3.29273628,4,5
"15483",5,20,"conf_358",1500,181,2.1666633671,4,5
"15484",5,20,"conf_358",2500,181,1.2127988364,4,5
"15485",5,20,"conf_358",5000,181,0.7584995232,4,5
"15486",5,20,"conf_358",7500,181,0.5676097298,4,5
"15487",5,20,"conf_358",250,182,5.0025686419,4,5
"15488",5,20,"conf_358",500,182,4.496625782,4,5
"15489",5,20,"conf_358",1500,182,1.6137418446,4,5
"15490",5,20,"conf_358",2500,182,1.5726139938,4,5
"15491",5,20,"conf_358",5000,182,0.745954474,4,5
"15492",5,20,"conf_358",7500,182,0.3838103018,4,5
"15493",5,20,"conf_358",250,183,5.2264837884,4,5
"15494",5,20,"conf_358",500,183,3.194881949,4,5
"15495",5,20,"conf_358",1500,183,2.0065288771,4,5
"15496",5,20,"conf_358",2500,183,1.3927438474,4,5
"15497",5,20,"conf_358",5000,183,0.6016881178,4,5
"15498",5,20,"conf_358",7500,183,0.1925508949,4,5
"15499",5,20,"conf_358",250,184,3.7423216427,4,5
"15500",5,20,"conf_358",500,184,3.7423216427,4,5
"15501",5,20,"conf_358",1500,184,2.2472877281,4,5
"15502",5,20,"conf_358",2500,184,1.4121608977,4,5
"15503",5,20,"conf_358",5000,184,0.4864863861,4,5
"15504",5,20,"conf_358",7500,184,0.4662026403,4,5
"15505",5,20,"conf_358",250,185,4.1211498321,4,5
"15506",5,20,"conf_358",500,185,2.7633897467,4,5
"15507",5,20,"conf_358",1500,185,2.0844251335,4,5
"15508",5,20,"conf_358",2500,185,1.8493808705,4,5
"15509",5,20,"conf_358",5000,185,1.2359446407,4,5
"15510",5,20,"conf_358",7500,185,0.9530187105,4,5
"15511",5,20,"conf_358",250,186,405.0077997496,4,5
"15512",5,20,"conf_358",500,186,3.2585218875,4,5
"15513",5,20,"conf_358",1500,186,2.1790217254,4,5
"15514",5,20,"conf_358",2500,186,1.5623657952,4,5
"15515",5,20,"conf_358",5000,186,0.9771479102,4,5
"15516",5,20,"conf_358",7500,186,0.8020932164,4,5
"15517",5,20,"conf_358",250,187,259.083488747,4,5
"15518",5,20,"conf_358",500,187,3.3114363841,4,5
"15519",5,20,"conf_358",1500,187,2.1719312587,4,5
"15520",5,20,"conf_358",2500,187,1.8054760824,4,5
"15521",5,20,"conf_358",5000,187,1.0474270357,4,5
"15522",5,20,"conf_358",7500,187,1.0474270357,4,5
"15523",5,20,"conf_358",250,188,2.8850489718,4,5
"15524",5,20,"conf_358",500,188,2.8850489718,4,5
"15525",5,20,"conf_358",1500,188,2.6470791324,4,5
"15526",5,20,"conf_358",2500,188,1.9439797397,4,5
"15527",5,20,"conf_358",5000,188,1.2092111725,4,5
"15528",5,20,"conf_358",7500,188,0.8920997467,4,5
"15529",5,20,"conf_358",250,189,4.0597875856,4,5
"15530",5,20,"conf_358",500,189,4.0597875856,4,5
"15531",5,20,"conf_358",1500,189,2.4651287029,4,5
"15532",5,20,"conf_358",2500,189,1.780864519,4,5
"15533",5,20,"conf_358",5000,189,0.399260947,4,5
"15534",5,20,"conf_358",7500,189,0.3725833677,4,5
"15535",5,20,"conf_358",250,190,3.5423917189,4,5
"15536",5,20,"conf_358",500,190,3.5423917189,4,5
"15537",5,20,"conf_358",1500,190,2.2485910982,4,5
"15538",5,20,"conf_358",2500,190,1.5055563432,4,5
"15539",5,20,"conf_358",5000,190,0.9426838055,4,5
"15540",5,20,"conf_358",7500,190,0.3927553486,4,5
"15541",5,20,"conf_358",250,191,3.5627510843,4,5
"15542",5,20,"conf_358",500,191,3.2923581067,4,5
"15543",5,20,"conf_358",1500,191,2.447225482,4,5
"15544",5,20,"conf_358",2500,191,1.3672765443,4,5
"15545",5,20,"conf_358",5000,191,1.0290998598,4,5
"15546",5,20,"conf_358",7500,191,1.0177711833,4,5
"15547",5,20,"conf_358",250,192,157.997371648,4,5
"15548",5,20,"conf_358",500,192,14.4138281526,4,5
"15549",5,20,"conf_358",1500,192,2.2357997379,4,5
"15550",5,20,"conf_358",2500,192,1.7452188887,4,5
"15551",5,20,"conf_358",5000,192,0.9718338699,4,5
"15552",5,20,"conf_358",7500,192,0.5540893582,4,5
"15553",5,20,"conf_358",250,193,10.8094853614,4,5
"15554",5,20,"conf_358",500,193,3.164526987,4,5
"15555",5,20,"conf_358",1500,193,1.9119505787,4,5
"15556",5,20,"conf_358",2500,193,1.5594156933,4,5
"15557",5,20,"conf_358",5000,193,1.0705912864,4,5
"15558",5,20,"conf_358",7500,193,0.7214792091,4,5
"15559",5,20,"conf_358",250,194,377.9016964092,4,5
"15560",5,20,"conf_358",500,194,3.6758959651,4,5
"15561",5,20,"conf_358",1500,194,2.4675742922,4,5
"15562",5,20,"conf_358",2500,194,2.0274604484,4,5
"15563",5,20,"conf_358",5000,194,0.7264255593,4,5
"15564",5,20,"conf_358",7500,194,0.4814811729,4,5
"15565",5,20,"conf_358",250,195,545.0417843571,4,5
"15566",5,20,"conf_358",500,195,3.4649472046,4,5
"15567",5,20,"conf_358",1500,195,2.6292911473,4,5
"15568",5,20,"conf_358",2500,195,1.6513274397,4,5
"15569",5,20,"conf_358",5000,195,1.2428989478,4,5
"15570",5,20,"conf_358",7500,195,0.5983737482,4,5
"15571",5,20,"conf_358",250,196,11.6549442337,4,5
"15572",5,20,"conf_358",500,196,11.6549442337,4,5
"15573",5,20,"conf_358",1500,196,2.809701852,4,5
"15574",5,20,"conf_358",2500,196,1.31922144,4,5
"15575",5,20,"conf_358",5000,196,0.9487729926,4,5
"15576",5,20,"conf_358",7500,196,0.6801891864,4,5
"15577",5,20,"conf_358",250,197,550.7641701863,4,5
"15578",5,20,"conf_358",500,197,524.4481442293,4,5
"15579",5,20,"conf_358",1500,197,2.3656268574,4,5
"15580",5,20,"conf_358",2500,197,0.5366207841,4,5
"15581",5,20,"conf_358",5000,197,0.5366207841,4,5
"15582",5,20,"conf_358",7500,197,0.4526180528,4,5
"15583",5,20,"conf_358",250,198,914.5243183968,4,5
"15584",5,20,"conf_358",500,198,3.6347290245,4,5
"15585",5,20,"conf_358",1500,198,2.7820296048,4,5
"15586",5,20,"conf_358",2500,198,1.8976886453,4,5
"15587",5,20,"conf_358",5000,198,1.1429043829,4,5
"15588",5,20,"conf_358",7500,198,0.8760134171,4,5
"15589",5,20,"conf_358",250,199,5.0290202893,4,5
"15590",5,20,"conf_358",500,199,2.280976185,4,5
"15591",5,20,"conf_358",1500,199,2.280976185,4,5
"15592",5,20,"conf_358",2500,199,1.4767367021,4,5
"15593",5,20,"conf_358",5000,199,0.9313225656,4,5
"15594",5,20,"conf_358",7500,199,0.6703899635,4,5
"15595",5,20,"conf_358",250,200,5.2871584065,4,5
"15596",5,20,"conf_358",500,200,3.7332313179,4,5
"15597",5,20,"conf_358",1500,200,2.4507356289,4,5
"15598",5,20,"conf_358",2500,200,1.7929584302,4,5
"15599",5,20,"conf_358",5000,200,1.2448166498,4,5
"15600",5,20,"conf_358",7500,200,0.6635954533,4,5
"15601",5,21,"conf_358",250,1,8.047639132,1,5
"15602",5,21,"conf_358",500,1,8.047639132,1,5
"15603",5,21,"conf_358",1500,1,3.1332889135,1,5
"15604",5,21,"conf_358",2500,1,2.3243086048,1,5
"15605",5,21,"conf_358",5000,1,0.0011865967,1,5
"15606",5,21,"conf_358",7500,1,0.0001006895,1,5
"15607",5,21,"conf_358",250,2,9.3055683112,1,5
"15608",5,21,"conf_358",500,2,5.7949895409,1,5
"15609",5,21,"conf_358",1500,2,2.790378751,1,5
"15610",5,21,"conf_358",2500,2,2.0721426567,1,5
"15611",5,21,"conf_358",5000,2,1.8274326178,1,5
"15612",5,21,"conf_358",7500,2,1.8055908979,1,5
"15613",5,21,"conf_358",250,3,14.1489400714,1,5
"15614",5,21,"conf_358",500,3,4.2603703458,1,5
"15615",5,21,"conf_358",1500,3,3.2034905928,1,5
"15616",5,21,"conf_358",2500,3,2.4095501271,1,5
"15617",5,21,"conf_358",5000,3,2.1275473475,1,5
"15618",5,21,"conf_358",7500,3,2.1190687782,1,5
"15619",5,21,"conf_358",250,4,7.6266512779,1,5
"15620",5,21,"conf_358",500,4,7.6266512779,1,5
"15621",5,21,"conf_358",1500,4,2.2187153674,1,5
"15622",5,21,"conf_358",2500,4,2.1460011843,1,5
"15623",5,21,"conf_358",5000,4,1.9799276071,1,5
"15624",5,21,"conf_358",7500,4,1.8468250919,1,5
"15625",5,21,"conf_358",250,5,6.4171448938,1,5
"15626",5,21,"conf_358",500,5,1.0824743337,1,5
"15627",5,21,"conf_358",1500,5,1.0020016394,1,5
"15628",5,21,"conf_358",2500,5,0.4891532048,1,5
"15629",5,21,"conf_358",5000,5,0.0170885811,1,5
"15630",5,21,"conf_358",7500,5,0.001097852,1,5
"15631",5,21,"conf_358",250,6,9.8349691841,1,5
"15632",5,21,"conf_358",500,6,5.8715267921,1,5
"15633",5,21,"conf_358",1500,6,4.6041059347,1,5
"15634",5,21,"conf_358",2500,6,2.3938176201,1,5
"15635",5,21,"conf_358",5000,6,0.4563005869,1,5
"15636",5,21,"conf_358",7500,6,0.0070863883,1,5
"15637",5,21,"conf_358",250,7,4.6959010133,1,5
"15638",5,21,"conf_358",500,7,4.6959010133,1,5
"15639",5,21,"conf_358",1500,7,2.0964633288,1,5
"15640",5,21,"conf_358",2500,7,2.0341261557,1,5
"15641",5,21,"conf_358",5000,7,1.8425592681,1,5
"15642",5,21,"conf_358",7500,7,1.8055553112,1,5
"15643",5,21,"conf_358",250,8,7.3321573242,1,5
"15644",5,21,"conf_358",500,8,7.2454799699,1,5
"15645",5,21,"conf_358",1500,8,2.0308511231,1,5
"15646",5,21,"conf_358",2500,8,0.6181429468,1,5
"15647",5,21,"conf_358",5000,8,0.2093698719,1,5
"15648",5,21,"conf_358",7500,8,0.0089644501,1,5
"15649",5,21,"conf_358",250,9,10.7168352171,1,5
"15650",5,21,"conf_358",500,9,10.0569519102,1,5
"15651",5,21,"conf_358",1500,9,6.168411604,1,5
"15652",5,21,"conf_358",2500,9,2.0698972188,1,5
"15653",5,21,"conf_358",5000,9,0.4977789621,1,5
"15654",5,21,"conf_358",7500,9,0.030978206,1,5
"15655",5,21,"conf_358",250,10,8.6390908456,1,5
"15656",5,21,"conf_358",500,10,8.6390908456,1,5
"15657",5,21,"conf_358",1500,10,2.6493648085,1,5
"15658",5,21,"conf_358",2500,10,0.3069415313,1,5
"15659",5,21,"conf_358",5000,10,0.0155395288,1,5
"15660",5,21,"conf_358",7500,10,0.0145136078,1,5
"15661",5,21,"conf_358",250,11,6.9071768228,1,5
"15662",5,21,"conf_358",500,11,6.9071768228,1,5
"15663",5,21,"conf_358",1500,11,2.0002234794,1,5
"15664",5,21,"conf_358",2500,11,0.2417765595,1,5
"15665",5,21,"conf_358",5000,11,0.2417765595,1,5
"15666",5,21,"conf_358",7500,11,0.0314307989,1,5
"15667",5,21,"conf_358",250,12,8.3105033098,1,5
"15668",5,21,"conf_358",500,12,1.7240888256,1,5
"15669",5,21,"conf_358",1500,12,1.7240888256,1,5
"15670",5,21,"conf_358",2500,12,0.663350428,1,5
"15671",5,21,"conf_358",5000,12,0.0211650189,1,5
"15672",5,21,"conf_358",7500,12,0.000236758,1,5
"15673",5,21,"conf_358",250,13,4.7500018374,1,5
"15674",5,21,"conf_358",500,13,4.7500018374,1,5
"15675",5,21,"conf_358",1500,13,4.5699730753,1,5
"15676",5,21,"conf_358",2500,13,2.0045365735,1,5
"15677",5,21,"conf_358",5000,13,1.9032034474,1,5
"15678",5,21,"conf_358",7500,13,1.8538910471,1,5
"15679",5,21,"conf_358",250,14,14.3317706319,1,5
"15680",5,21,"conf_358",500,14,7.8940123555,1,5
"15681",5,21,"conf_358",1500,14,2.0263686987,1,5
"15682",5,21,"conf_358",2500,14,1.3858654676,1,5
"15683",5,21,"conf_358",5000,14,0.9769040205,1,5
"15684",5,21,"conf_358",7500,14,0.9769040205,1,5
"15685",5,21,"conf_358",250,15,2.3790754543,1,5
"15686",5,21,"conf_358",500,15,2.3790754543,1,5
"15687",5,21,"conf_358",1500,15,2.3790754543,1,5
"15688",5,21,"conf_358",2500,15,1.5433232739,1,5
"15689",5,21,"conf_358",5000,15,1.1637261211,1,5
"15690",5,21,"conf_358",7500,15,0.978319289,1,5
"15691",5,21,"conf_358",250,16,3.2319962198,1,5
"15692",5,21,"conf_358",500,16,3.2319962198,1,5
"15693",5,21,"conf_358",1500,16,3.2319962198,1,5
"15694",5,21,"conf_358",2500,16,1.8069476344,1,5
"15695",5,21,"conf_358",5000,16,1.0574418562,1,5
"15696",5,21,"conf_358",7500,16,0.961710944,1,5
"15697",5,21,"conf_358",250,17,9.8964525692,1,5
"15698",5,21,"conf_358",500,17,4.7340889329,1,5
"15699",5,21,"conf_358",1500,17,0.3523486497,1,5
"15700",5,21,"conf_358",2500,17,0.3523486497,1,5
"15701",5,21,"conf_358",5000,17,0.0338646894,1,5
"15702",5,21,"conf_358",7500,17,0.0007981322,1,5
"15703",5,21,"conf_358",250,18,6.8716131479,1,5
"15704",5,21,"conf_358",500,18,6.8716131479,1,5
"15705",5,21,"conf_358",1500,18,1.9260200809,1,5
"15706",5,21,"conf_358",2500,18,0.4706542965,1,5
"15707",5,21,"conf_358",5000,18,0.0865279247,1,5
"15708",5,21,"conf_358",7500,18,0.0031400782,1,5
"15709",5,21,"conf_358",250,19,10.8099586676,1,5
"15710",5,21,"conf_358",500,19,9.3239044716,1,5
"15711",5,21,"conf_358",1500,19,3.8750342875,1,5
"15712",5,21,"conf_358",2500,19,2.0061864079,1,5
"15713",5,21,"conf_358",5000,19,1.9903332429,1,5
"15714",5,21,"conf_358",7500,19,1.6355788742,1,5
"15715",5,21,"conf_358",250,20,2.1339613121,1,5
"15716",5,21,"conf_358",500,20,2.1339613121,1,5
"15717",5,21,"conf_358",1500,20,1.944206753,1,5
"15718",5,21,"conf_358",2500,20,1.2345669946,1,5
"15719",5,21,"conf_358",5000,20,1.2345669946,1,5
"15720",5,21,"conf_358",7500,20,1.0489473708,1,5
"15721",5,21,"conf_358",250,21,2.0072169455,1,5
"15722",5,21,"conf_358",500,21,2.0072169455,1,5
"15723",5,21,"conf_358",1500,21,0.4671863714,1,5
"15724",5,21,"conf_358",2500,21,0.4671863714,1,5
"15725",5,21,"conf_358",5000,21,0.0037775887,1,5
"15726",5,21,"conf_358",7500,21,0.001290295,1,5
"15727",5,21,"conf_358",250,22,9.4397981976,1,5
"15728",5,21,"conf_358",500,22,6.9688183807,1,5
"15729",5,21,"conf_358",1500,22,3.3712539536,1,5
"15730",5,21,"conf_358",2500,22,1.9863922546,1,5
"15731",5,21,"conf_358",5000,22,1.9310462721,1,5
"15732",5,21,"conf_358",7500,22,1.902615403,1,5
"15733",5,21,"conf_358",250,23,9.1658670652,1,5
"15734",5,21,"conf_358",500,23,9.1658670652,1,5
"15735",5,21,"conf_358",1500,23,4.9478250726,1,5
"15736",5,21,"conf_358",2500,23,3.6788095959,1,5
"15737",5,21,"conf_358",5000,23,1.9924978138,1,5
"15738",5,21,"conf_358",7500,23,1.1314843864,1,5
"15739",5,21,"conf_358",250,24,9.2324455959,1,5
"15740",5,21,"conf_358",500,24,6.6385732189,1,5
"15741",5,21,"conf_358",1500,24,3.4827469561,1,5
"15742",5,21,"conf_358",2500,24,1.984099753,1,5
"15743",5,21,"conf_358",5000,24,1.0144290272,1,5
"15744",5,21,"conf_358",7500,24,0.3668507508,1,5
"15745",5,21,"conf_358",250,25,13.3643732615,1,5
"15746",5,21,"conf_358",500,25,2.9634495276,1,5
"15747",5,21,"conf_358",1500,25,2.0193555937,1,5
"15748",5,21,"conf_358",2500,25,0.9042060896,1,5
"15749",5,21,"conf_358",5000,25,0.0927449363,1,5
"15750",5,21,"conf_358",7500,25,0.0006751081,1,5
"15751",5,21,"conf_358",250,26,10.8438042701,1,5
"15752",5,21,"conf_358",500,26,7.0763169594,1,5
"15753",5,21,"conf_358",1500,26,0.5286198743,1,5
"15754",5,21,"conf_358",2500,26,0.5286198743,1,5
"15755",5,21,"conf_358",5000,26,0.0404409504,1,5
"15756",5,21,"conf_358",7500,26,0.0036520634,1,5
"15757",5,21,"conf_358",250,27,7.1979273222,1,5
"15758",5,21,"conf_358",500,27,7.1979273222,1,5
"15759",5,21,"conf_358",1500,27,2.6488986231,1,5
"15760",5,21,"conf_358",2500,27,1.8369563224,1,5
"15761",5,21,"conf_358",5000,27,0.2512595147,1,5
"15762",5,21,"conf_358",7500,27,0.0047806699,1,5
"15763",5,21,"conf_358",250,28,5.1863075291,1,5
"15764",5,21,"conf_358",500,28,5.1863075291,1,5
"15765",5,21,"conf_358",1500,28,2.4779333104,1,5
"15766",5,21,"conf_358",2500,28,1.792797889,1,5
"15767",5,21,"conf_358",5000,28,1.4409625427,1,5
"15768",5,21,"conf_358",7500,28,0.9504250447,1,5
"15769",5,21,"conf_358",250,29,8.8175694735,1,5
"15770",5,21,"conf_358",500,29,7.0376032775,1,5
"15771",5,21,"conf_358",1500,29,2.114179411,1,5
"15772",5,21,"conf_358",2500,29,2.114179411,1,5
"15773",5,21,"conf_358",5000,29,0.4447071837,1,5
"15774",5,21,"conf_358",7500,29,0.017826096,1,5
"15775",5,21,"conf_358",250,30,2.05169652,1,5
"15776",5,21,"conf_358",500,30,2.05169652,1,5
"15777",5,21,"conf_358",1500,30,1.9751217871,1,5
"15778",5,21,"conf_358",2500,30,1.9751217871,1,5
"15779",5,21,"conf_358",5000,30,1.8278347602,1,5
"15780",5,21,"conf_358",7500,30,1.8038405962,1,5
"15781",5,21,"conf_358",250,31,14.7496160153,1,5
"15782",5,21,"conf_358",500,31,7.5548217981,1,5
"15783",5,21,"conf_358",1500,31,3.6787047037,1,5
"15784",5,21,"conf_358",2500,31,3.6235573249,1,5
"15785",5,21,"conf_358",5000,31,3.6235573249,1,5
"15786",5,21,"conf_358",7500,31,1.8784572887,1,5
"15787",5,21,"conf_358",250,32,7.1112480251,1,5
"15788",5,21,"conf_358",500,32,4.1228284989,1,5
"15789",5,21,"conf_358",1500,32,4.1228284989,1,5
"15790",5,21,"conf_358",2500,32,3.2990100096,1,5
"15791",5,21,"conf_358",5000,32,0.5096343351,1,5
"15792",5,21,"conf_358",7500,32,0.1606984432,1,5
"15793",5,21,"conf_358",250,33,10.74165917,1,5
"15794",5,21,"conf_358",500,33,8.4540803997,1,5
"15795",5,21,"conf_358",1500,33,5.7892224295,1,5
"15796",5,21,"conf_358",2500,33,3.6184845827,1,5
"15797",5,21,"conf_358",5000,33,0.5006724641,1,5
"15798",5,21,"conf_358",7500,33,0.0254527516,1,5
"15799",5,21,"conf_358",250,34,15.8959435314,1,5
"15800",5,21,"conf_358",500,34,2.005423552,1,5
"15801",5,21,"conf_358",1500,34,2.005423552,1,5
"15802",5,21,"conf_358",2500,34,1.7727601396,1,5
"15803",5,21,"conf_358",5000,34,0.0167355505,1,5
"15804",5,21,"conf_358",7500,34,0.001371229,1,5
"15805",5,21,"conf_358",250,35,6.6422887659,1,5
"15806",5,21,"conf_358",500,35,6.6422887659,1,5
"15807",5,21,"conf_358",1500,35,3.9145241317,1,5
"15808",5,21,"conf_358",2500,35,3.7389249242,1,5
"15809",5,21,"conf_358",5000,35,2.8073127301,1,5
"15810",5,21,"conf_358",7500,35,2.0074620998,1,5
"15811",5,21,"conf_358",250,36,9.7475532723,1,5
"15812",5,21,"conf_358",500,36,6.8779064831,1,5
"15813",5,21,"conf_358",1500,36,6.6861596189,1,5
"15814",5,21,"conf_358",2500,36,1.9114265116,1,5
"15815",5,21,"conf_358",5000,36,0.0246293204,1,5
"15816",5,21,"conf_358",7500,36,0.0160652013,1,5
"15817",5,21,"conf_358",250,37,2.1028249253,1,5
"15818",5,21,"conf_358",500,37,1.9235221565,1,5
"15819",5,21,"conf_358",1500,37,1.9235221565,1,5
"15820",5,21,"conf_358",2500,37,1.9235221565,1,5
"15821",5,21,"conf_358",5000,37,1.1531425621,1,5
"15822",5,21,"conf_358",7500,37,0.9033619208,1,5
"15823",5,21,"conf_358",250,38,5.0849437234,1,5
"15824",5,21,"conf_358",500,38,4.8556941501,1,5
"15825",5,21,"conf_358",1500,38,2.0255814922,1,5
"15826",5,21,"conf_358",2500,38,0.8443956839,1,5
"15827",5,21,"conf_358",5000,38,0.0315095334,1,5
"15828",5,21,"conf_358",7500,38,0.0061398096,1,5
"15829",5,21,"conf_358",250,39,14.5171521312,1,5
"15830",5,21,"conf_358",500,39,6.0316566024,1,5
"15831",5,21,"conf_358",1500,39,2.802017795,1,5
"15832",5,21,"conf_358",2500,39,2.0665102781,1,5
"15833",5,21,"conf_358",5000,39,1.6914516696,1,5
"15834",5,21,"conf_358",7500,39,1.4715255818,1,5
"15835",5,21,"conf_358",250,40,8.0114563072,1,5
"15836",5,21,"conf_358",500,40,8.0114563072,1,5
"15837",5,21,"conf_358",1500,40,2.0658656865,1,5
"15838",5,21,"conf_358",2500,40,0.6754178125,1,5
"15839",5,21,"conf_358",5000,40,0.0031092175,1,5
"15840",5,21,"conf_358",7500,40,0.0008617247,1,5
"15841",5,21,"conf_358",250,41,5.7235839249,1,5
"15842",5,21,"conf_358",500,41,4.765739749,1,5
"15843",5,21,"conf_358",1500,41,3.1642973342,1,5
"15844",5,21,"conf_358",2500,41,2.2327712603,1,5
"15845",5,21,"conf_358",5000,41,1.3957123317,1,5
"15846",5,21,"conf_358",7500,41,0.8250724547,1,5
"15847",5,21,"conf_358",250,42,10.6205878761,1,5
"15848",5,21,"conf_358",500,42,10.327432801,1,5
"15849",5,21,"conf_358",1500,42,7.8305781362,1,5
"15850",5,21,"conf_358",2500,42,1.9408320683,1,5
"15851",5,21,"conf_358",5000,42,0.2311552614,1,5
"15852",5,21,"conf_358",7500,42,0.0168450654,1,5
"15853",5,21,"conf_358",250,43,9.4988748943,1,5
"15854",5,21,"conf_358",500,43,6.5816871994,1,5
"15855",5,21,"conf_358",1500,43,5.6495145223,1,5
"15856",5,21,"conf_358",2500,43,2.1110054595,1,5
"15857",5,21,"conf_358",5000,43,1.9271595917,1,5
"15858",5,21,"conf_358",7500,43,1.8160629828,1,5
"15859",5,21,"conf_358",250,44,3.2629244147,1,5
"15860",5,21,"conf_358",500,44,0.1513471366,1,5
"15861",5,21,"conf_358",1500,44,0.1513471366,1,5
"15862",5,21,"conf_358",2500,44,0.1513471366,1,5
"15863",5,21,"conf_358",5000,44,0.030109994,1,5
"15864",5,21,"conf_358",7500,44,0.0029229571,1,5
"15865",5,21,"conf_358",250,45,4.0331351181,1,5
"15866",5,21,"conf_358",500,45,3.1488233211,1,5
"15867",5,21,"conf_358",1500,45,2.1291264174,1,5
"15868",5,21,"conf_358",2500,45,1.6201936639,1,5
"15869",5,21,"conf_358",5000,45,0.9323533835,1,5
"15870",5,21,"conf_358",7500,45,0.7418018738,1,5
"15871",5,21,"conf_358",250,46,2.0475009362,1,5
"15872",5,21,"conf_358",500,46,2.0475009362,1,5
"15873",5,21,"conf_358",1500,46,0.4230613463,1,5
"15874",5,21,"conf_358",2500,46,0.4230613463,1,5
"15875",5,21,"conf_358",5000,46,0.0074067476,1,5
"15876",5,21,"conf_358",7500,46,0.0009162727,1,5
"15877",5,21,"conf_358",250,47,5.9141120312,1,5
"15878",5,21,"conf_358",500,47,2.1951705881,1,5
"15879",5,21,"conf_358",1500,47,2.105999596,1,5
"15880",5,21,"conf_358",2500,47,2.105999596,1,5
"15881",5,21,"conf_358",5000,47,1.3708247043,1,5
"15882",5,21,"conf_358",7500,47,1.0552701919,1,5
"15883",5,21,"conf_358",250,48,5.8982822999,1,5
"15884",5,21,"conf_358",500,48,4.9393464138,1,5
"15885",5,21,"conf_358",1500,48,2.8507366973,1,5
"15886",5,21,"conf_358",2500,48,2.2117246468,1,5
"15887",5,21,"conf_358",5000,48,0.2982732276,1,5
"15888",5,21,"conf_358",7500,48,0.0667042244,1,5
"15889",5,21,"conf_358",250,49,5.314341685,1,5
"15890",5,21,"conf_358",500,49,5.314341685,1,5
"15891",5,21,"conf_358",1500,49,3.7521687084,1,5
"15892",5,21,"conf_358",2500,49,2.0136849556,1,5
"15893",5,21,"conf_358",5000,49,1.2957086937,1,5
"15894",5,21,"conf_358",7500,49,1.2957086937,1,5
"15895",5,21,"conf_358",250,50,9.3625224854,1,5
"15896",5,21,"conf_358",500,50,9.3625224854,1,5
"15897",5,21,"conf_358",1500,50,4.5686650196,1,5
"15898",5,21,"conf_358",2500,50,3.9492923764,1,5
"15899",5,21,"conf_358",5000,50,2.8024927511,1,5
"15900",5,21,"conf_358",7500,50,2.6357725992,1,5
"15901",5,21,"conf_358",250,51,3.1142706903,2,5
"15902",5,21,"conf_358",500,51,3.1142706903,2,5
"15903",5,21,"conf_358",1500,51,1.960096626,2,5
"15904",5,21,"conf_358",2500,51,1.5678606738,2,5
"15905",5,21,"conf_358",5000,51,0.5066322378,2,5
"15906",5,21,"conf_358",7500,51,0.0445739616,2,5
"15907",5,21,"conf_358",250,52,2.4610300918,2,5
"15908",5,21,"conf_358",500,52,2.4610300918,2,5
"15909",5,21,"conf_358",1500,52,1.6912506979,2,5
"15910",5,21,"conf_358",2500,52,0.0138597249,2,5
"15911",5,21,"conf_358",5000,52,0.0129062567,2,5
"15912",5,21,"conf_358",7500,52,0.009770375,2,5
"15913",5,21,"conf_358",250,53,9.4176578095,2,5
"15914",5,21,"conf_358",500,53,9.4176578095,2,5
"15915",5,21,"conf_358",1500,53,4.0122277821,2,5
"15916",5,21,"conf_358",2500,53,1.9941404093,2,5
"15917",5,21,"conf_358",5000,53,1.9941404093,2,5
"15918",5,21,"conf_358",7500,53,0.9712306403,2,5
"15919",5,21,"conf_358",250,54,6.0998017658,2,5
"15920",5,21,"conf_358",500,54,5.5505762911,2,5
"15921",5,21,"conf_358",1500,54,3.0729570747,2,5
"15922",5,21,"conf_358",2500,54,2.4871774532,2,5
"15923",5,21,"conf_358",5000,54,2.2335520452,2,5
"15924",5,21,"conf_358",7500,54,2.0541239026,2,5
"15925",5,21,"conf_358",250,55,7.4248952927,2,5
"15926",5,21,"conf_358",500,55,5.837760339,2,5
"15927",5,21,"conf_358",1500,55,0.118127362,2,5
"15928",5,21,"conf_358",2500,55,0.054810853,2,5
"15929",5,21,"conf_358",5000,55,0.0141775268,2,5
"15930",5,21,"conf_358",7500,55,0.0037366839,2,5
"15931",5,21,"conf_358",250,56,7.9434960207,2,5
"15932",5,21,"conf_358",500,56,5.5046475649,2,5
"15933",5,21,"conf_358",1500,56,2.049943529,2,5
"15934",5,21,"conf_358",2500,56,0.2295219743,2,5
"15935",5,21,"conf_358",5000,56,0.1241138724,2,5
"15936",5,21,"conf_358",7500,56,0.0918311476,2,5
"15937",5,21,"conf_358",250,57,9.2667287579,2,5
"15938",5,21,"conf_358",500,57,8.2149896224,2,5
"15939",5,21,"conf_358",1500,57,0.9915957566,2,5
"15940",5,21,"conf_358",2500,57,0.9915957566,2,5
"15941",5,21,"conf_358",5000,57,0.3771811671,2,5
"15942",5,21,"conf_358",7500,57,0.1148618687,2,5
"15943",5,21,"conf_358",250,58,7.8212916561,2,5
"15944",5,21,"conf_358",500,58,5.1234637533,2,5
"15945",5,21,"conf_358",1500,58,0.4959032128,2,5
"15946",5,21,"conf_358",2500,58,0.1784164283,2,5
"15947",5,21,"conf_358",5000,58,0.1132768209,2,5
"15948",5,21,"conf_358",7500,58,0.0431719235,2,5
"15949",5,21,"conf_358",250,59,8.5257450903,2,5
"15950",5,21,"conf_358",500,59,8.5257450903,2,5
"15951",5,21,"conf_358",1500,59,2.8229502963,2,5
"15952",5,21,"conf_358",2500,59,2.8229502963,2,5
"15953",5,21,"conf_358",5000,59,0.9438423981,2,5
"15954",5,21,"conf_358",7500,59,0.74112315,2,5
"15955",5,21,"conf_358",250,60,9.9560409196,2,5
"15956",5,21,"conf_358",500,60,9.9560409196,2,5
"15957",5,21,"conf_358",1500,60,3.7075893601,2,5
"15958",5,21,"conf_358",2500,60,0.3693245009,2,5
"15959",5,21,"conf_358",5000,60,0.0489569761,2,5
"15960",5,21,"conf_358",7500,60,0.0278120146,2,5
"15961",5,21,"conf_358",250,61,8.4464497565,2,5
"15962",5,21,"conf_358",500,61,8.4464497565,2,5
"15963",5,21,"conf_358",1500,61,6.797617305,2,5
"15964",5,21,"conf_358",2500,61,2.6136465751,2,5
"15965",5,21,"conf_358",5000,61,1.8923707652,2,5
"15966",5,21,"conf_358",7500,61,0.3993634346,2,5
"15967",5,21,"conf_358",250,62,2.0878902634,2,5
"15968",5,21,"conf_358",500,62,2.0878902634,2,5
"15969",5,21,"conf_358",1500,62,2.0878902634,2,5
"15970",5,21,"conf_358",2500,62,2.0878902634,2,5
"15971",5,21,"conf_358",5000,62,1.3025312828,2,5
"15972",5,21,"conf_358",7500,62,0.0156325705,2,5
"15973",5,21,"conf_358",250,63,2.0408297127,2,5
"15974",5,21,"conf_358",500,63,2.0408297127,2,5
"15975",5,21,"conf_358",1500,63,2.0408297127,2,5
"15976",5,21,"conf_358",2500,63,1.9242925123,2,5
"15977",5,21,"conf_358",5000,63,0.1276598373,2,5
"15978",5,21,"conf_358",7500,63,0.0005988203,2,5
"15979",5,21,"conf_358",250,64,16.9019781968,2,5
"15980",5,21,"conf_358",500,64,2.9843083688,2,5
"15981",5,21,"conf_358",1500,64,2.9027977318,2,5
"15982",5,21,"conf_358",2500,64,2.9027977318,2,5
"15983",5,21,"conf_358",5000,64,2.1137243539,2,5
"15984",5,21,"conf_358",7500,64,2.0056995352,2,5
"15985",5,21,"conf_358",250,65,3.5368849785,2,5
"15986",5,21,"conf_358",500,65,2.639647981,2,5
"15987",5,21,"conf_358",1500,65,2.639647981,2,5
"15988",5,21,"conf_358",2500,65,2.5843570131,2,5
"15989",5,21,"conf_358",5000,65,2.0581187399,2,5
"15990",5,21,"conf_358",7500,65,2.0265168611,2,5
"15991",5,21,"conf_358",250,66,2.1060419059,2,5
"15992",5,21,"conf_358",500,66,2.1060419059,2,5
"15993",5,21,"conf_358",1500,66,2.1060419059,2,5
"15994",5,21,"conf_358",2500,66,2.1060419059,2,5
"15995",5,21,"conf_358",5000,66,0.9107704212,2,5
"15996",5,21,"conf_358",7500,66,0.8127915764,2,5
"15997",5,21,"conf_358",250,67,12.7063360467,2,5
"15998",5,21,"conf_358",500,67,6.5774547159,2,5
"15999",5,21,"conf_358",1500,67,3.023593782,2,5
"16000",5,21,"conf_358",2500,67,1.9283174474,2,5
"16001",5,21,"conf_358",5000,67,0.6015200624,2,5
"16002",5,21,"conf_358",7500,67,0.1411299867,2,5
"16003",5,21,"conf_358",250,68,2.377059755,2,5
"16004",5,21,"conf_358",500,68,2.377059755,2,5
"16005",5,21,"conf_358",1500,68,2.3208960687,2,5
"16006",5,21,"conf_358",2500,68,2.2421775282,2,5
"16007",5,21,"conf_358",5000,68,2.0782642116,2,5
"16008",5,21,"conf_358",7500,68,2.0774629376,2,5
"16009",5,21,"conf_358",250,69,3.1958764367,2,5
"16010",5,21,"conf_358",500,69,3.1958764367,2,5
"16011",5,21,"conf_358",1500,69,3.1958764367,2,5
"16012",5,21,"conf_358",2500,69,2.3974887948,2,5
"16013",5,21,"conf_358",5000,69,0.9165036301,2,5
"16014",5,21,"conf_358",7500,69,0.9064671789,2,5
"16015",5,21,"conf_358",250,70,13.500901517,2,5
"16016",5,21,"conf_358",500,70,9.2430773438,2,5
"16017",5,21,"conf_358",1500,70,3.4182620251,2,5
"16018",5,21,"conf_358",2500,70,0.4879795007,2,5
"16019",5,21,"conf_358",5000,70,0.4768176469,2,5
"16020",5,21,"conf_358",7500,70,0.1121302827,2,5
"16021",5,21,"conf_358",250,71,8.6265443255,2,5
"16022",5,21,"conf_358",500,71,4.3695983957,2,5
"16023",5,21,"conf_358",1500,71,2.7510103263,2,5
"16024",5,21,"conf_358",2500,71,2.2320628346,2,5
"16025",5,21,"conf_358",5000,71,0.3154821944,2,5
"16026",5,21,"conf_358",7500,71,0.1200667963,2,5
"16027",5,21,"conf_358",250,72,7.4506077912,2,5
"16028",5,21,"conf_358",500,72,1.0157067386,2,5
"16029",5,21,"conf_358",1500,72,1.0157067386,2,5
"16030",5,21,"conf_358",2500,72,1.0157067386,2,5
"16031",5,21,"conf_358",5000,72,1.0157067386,2,5
"16032",5,21,"conf_358",7500,72,0.9990977485,2,5
"16033",5,21,"conf_358",250,73,16.007351736,2,5
"16034",5,21,"conf_358",500,73,16.007351736,2,5
"16035",5,21,"conf_358",1500,73,6.9904400913,2,5
"16036",5,21,"conf_358",2500,73,6.0180140673,2,5
"16037",5,21,"conf_358",5000,73,0.3786112416,2,5
"16038",5,21,"conf_358",7500,73,0.0528915721,2,5
"16039",5,21,"conf_358",250,74,6.8758428341,2,5
"16040",5,21,"conf_358",500,74,6.8758428341,2,5
"16041",5,21,"conf_358",1500,74,2.4924939308,2,5
"16042",5,21,"conf_358",2500,74,0.4895242396,2,5
"16043",5,21,"conf_358",5000,74,0.4704016934,2,5
"16044",5,21,"conf_358",7500,74,0.1274667607,2,5
"16045",5,21,"conf_358",250,75,0.5284361281,2,5
"16046",5,21,"conf_358",500,75,0.5284361281,2,5
"16047",5,21,"conf_358",1500,75,0.5284361281,2,5
"16048",5,21,"conf_358",2500,75,0.5284361281,2,5
"16049",5,21,"conf_358",5000,75,0.1194315081,2,5
"16050",5,21,"conf_358",7500,75,0.001092869,2,5
"16051",5,21,"conf_358",250,76,3.9190746144,2,5
"16052",5,21,"conf_358",500,76,3.560793591,2,5
"16053",5,21,"conf_358",1500,76,1.8236304917,2,5
"16054",5,21,"conf_358",2500,76,1.8236304917,2,5
"16055",5,21,"conf_358",5000,76,1.3139777737,2,5
"16056",5,21,"conf_358",7500,76,1.2488493328,2,5
"16057",5,21,"conf_358",250,77,0.9713662268,2,5
"16058",5,21,"conf_358",500,77,0.9713662268,2,5
"16059",5,21,"conf_358",1500,77,0.9713662268,2,5
"16060",5,21,"conf_358",2500,77,0.4706227538,2,5
"16061",5,21,"conf_358",5000,77,0.2083991499,2,5
"16062",5,21,"conf_358",7500,77,0.0144201081,2,5
"16063",5,21,"conf_358",250,78,4.2739005885,2,5
"16064",5,21,"conf_358",500,78,4.2739005885,2,5
"16065",5,21,"conf_358",1500,78,3.2262737699,2,5
"16066",5,21,"conf_358",2500,78,0.1291557981,2,5
"16067",5,21,"conf_358",5000,78,0.0068949217,2,5
"16068",5,21,"conf_358",7500,78,0.0042272608,2,5
"16069",5,21,"conf_358",250,79,10.2506576085,2,5
"16070",5,21,"conf_358",500,79,7.1482180437,2,5
"16071",5,21,"conf_358",1500,79,3.9439884162,2,5
"16072",5,21,"conf_358",2500,79,1.9962991778,2,5
"16073",5,21,"conf_358",5000,79,0.6618731099,2,5
"16074",5,21,"conf_358",7500,79,0.0036690091,2,5
"16075",5,21,"conf_358",250,80,0.5751465697,2,5
"16076",5,21,"conf_358",500,80,0.5751465697,2,5
"16077",5,21,"conf_358",1500,80,0.5019126096,2,5
"16078",5,21,"conf_358",2500,80,0.4891547449,2,5
"16079",5,21,"conf_358",5000,80,0.0458187907,2,5
"16080",5,21,"conf_358",7500,80,0.0458187907,2,5
"16081",5,21,"conf_358",250,81,9.0035394574,2,5
"16082",5,21,"conf_358",500,81,4.3181333427,2,5
"16083",5,21,"conf_358",1500,81,3.8360756986,2,5
"16084",5,21,"conf_358",2500,81,3.4111596498,2,5
"16085",5,21,"conf_358",5000,81,1.9607499403,2,5
"16086",5,21,"conf_358",7500,81,0.1470915045,2,5
"16087",5,21,"conf_358",250,82,9.6413432945,2,5
"16088",5,21,"conf_358",500,82,4.0069404707,2,5
"16089",5,21,"conf_358",1500,82,4.0069404707,2,5
"16090",5,21,"conf_358",2500,82,3.6341204455,2,5
"16091",5,21,"conf_358",5000,82,1.7152085656,2,5
"16092",5,21,"conf_358",7500,82,1.1898400774,2,5
"16093",5,21,"conf_358",250,83,4.6838221734,2,5
"16094",5,21,"conf_358",500,83,4.6838221734,2,5
"16095",5,21,"conf_358",1500,83,2.1424080442,2,5
"16096",5,21,"conf_358",2500,83,1.4750676899,2,5
"16097",5,21,"conf_358",5000,83,1.3611896265,2,5
"16098",5,21,"conf_358",7500,83,1.253083515,2,5
"16099",5,21,"conf_358",250,84,13.2475368713,2,5
"16100",5,21,"conf_358",500,84,10.2115865972,2,5
"16101",5,21,"conf_358",1500,84,1.8983438658,2,5
"16102",5,21,"conf_358",2500,84,1.8983438658,2,5
"16103",5,21,"conf_358",5000,84,0.4489872032,2,5
"16104",5,21,"conf_358",7500,84,0.0680376922,2,5
"16105",5,21,"conf_358",250,85,2.5054305088,2,5
"16106",5,21,"conf_358",500,85,2.4434045031,2,5
"16107",5,21,"conf_358",1500,85,2.0315320969,2,5
"16108",5,21,"conf_358",2500,85,0.5076574628,2,5
"16109",5,21,"conf_358",5000,85,0.0925374543,2,5
"16110",5,21,"conf_358",7500,85,0.0156862121,2,5
"16111",5,21,"conf_358",250,86,4.5449115712,2,5
"16112",5,21,"conf_358",500,86,4.5449115712,2,5
"16113",5,21,"conf_358",1500,86,1.9734239797,2,5
"16114",5,21,"conf_358",2500,86,1.5519118942,2,5
"16115",5,21,"conf_358",5000,86,0.0480319858,2,5
"16116",5,21,"conf_358",7500,86,0.0261485825,2,5
"16117",5,21,"conf_358",250,87,7.2782160516,2,5
"16118",5,21,"conf_358",500,87,6.7625077916,2,5
"16119",5,21,"conf_358",1500,87,1.96391741,2,5
"16120",5,21,"conf_358",2500,87,1.3116666012,2,5
"16121",5,21,"conf_358",5000,87,0.3346455741,2,5
"16122",5,21,"conf_358",7500,87,0.0051499594,2,5
"16123",5,21,"conf_358",250,88,8.2770803548,2,5
"16124",5,21,"conf_358",500,88,8.2770803548,2,5
"16125",5,21,"conf_358",1500,88,7.4673236346,2,5
"16126",5,21,"conf_358",2500,88,5.1084880256,2,5
"16127",5,21,"conf_358",5000,88,0.8329621758,2,5
"16128",5,21,"conf_358",7500,88,0.2517297314,2,5
"16129",5,21,"conf_358",250,89,13.1691153605,2,5
"16130",5,21,"conf_358",500,89,13.1691153605,2,5
"16131",5,21,"conf_358",1500,89,2.2746105411,2,5
"16132",5,21,"conf_358",2500,89,2.1821478302,2,5
"16133",5,21,"conf_358",5000,89,0.6408505137,2,5
"16134",5,21,"conf_358",7500,89,0.2842340634,2,5
"16135",5,21,"conf_358",250,90,8.4066338602,2,5
"16136",5,21,"conf_358",500,90,8.4066338602,2,5
"16137",5,21,"conf_358",1500,90,4.1847058289,2,5
"16138",5,21,"conf_358",2500,90,3.4091468078,2,5
"16139",5,21,"conf_358",5000,90,1.959126794,2,5
"16140",5,21,"conf_358",7500,90,0.1189868141,2,5
"16141",5,21,"conf_358",250,91,12.7339523981,2,5
"16142",5,21,"conf_358",500,91,11.4460505987,2,5
"16143",5,21,"conf_358",1500,91,8.4148117519,2,5
"16144",5,21,"conf_358",2500,91,6.4024875585,2,5
"16145",5,21,"conf_358",5000,91,0.6039529664,2,5
"16146",5,21,"conf_358",7500,91,0.0418312401,2,5
"16147",5,21,"conf_358",250,92,2.2080411456,2,5
"16148",5,21,"conf_358",500,92,2.2080411456,2,5
"16149",5,21,"conf_358",1500,92,0.4931110838,2,5
"16150",5,21,"conf_358",2500,92,0.0535941157,2,5
"16151",5,21,"conf_358",5000,92,0.0535941157,2,5
"16152",5,21,"conf_358",7500,92,0.0164666376,2,5
"16153",5,21,"conf_358",250,93,18.460384008,2,5
"16154",5,21,"conf_358",500,93,7.784670282,2,5
"16155",5,21,"conf_358",1500,93,7.3167285711,2,5
"16156",5,21,"conf_358",2500,93,5.9308415292,2,5
"16157",5,21,"conf_358",5000,93,1.9974655045,2,5
"16158",5,21,"conf_358",7500,93,1.9974655045,2,5
"16159",5,21,"conf_358",250,94,9.2487389081,2,5
"16160",5,21,"conf_358",500,94,3.9819356893,2,5
"16161",5,21,"conf_358",1500,94,0.4817664149,2,5
"16162",5,21,"conf_358",2500,94,0.1383001648,2,5
"16163",5,21,"conf_358",5000,94,0.0286071111,2,5
"16164",5,21,"conf_358",7500,94,0.0286071111,2,5
"16165",5,21,"conf_358",250,95,13.0558595418,2,5
"16166",5,21,"conf_358",500,95,11.4535384157,2,5
"16167",5,21,"conf_358",1500,95,3.5431677513,2,5
"16168",5,21,"conf_358",2500,95,2.0649010955,2,5
"16169",5,21,"conf_358",5000,95,1.4975769115,2,5
"16170",5,21,"conf_358",7500,95,1.1183126176,2,5
"16171",5,21,"conf_358",250,96,9.1603296072,2,5
"16172",5,21,"conf_358",500,96,9.1603296072,2,5
"16173",5,21,"conf_358",1500,96,2.4588956518,2,5
"16174",5,21,"conf_358",2500,96,2.4588956518,2,5
"16175",5,21,"conf_358",5000,96,1.9441257777,2,5
"16176",5,21,"conf_358",7500,96,0.6003727098,2,5
"16177",5,21,"conf_358",250,97,8.8943272562,2,5
"16178",5,21,"conf_358",500,97,6.9975544623,2,5
"16179",5,21,"conf_358",1500,97,3.8570415499,2,5
"16180",5,21,"conf_358",2500,97,2.0008077337,2,5
"16181",5,21,"conf_358",5000,97,0.1516491634,2,5
"16182",5,21,"conf_358",7500,97,0.0001334069,2,5
"16183",5,21,"conf_358",250,98,4.9009563918,2,5
"16184",5,21,"conf_358",500,98,4.9009563918,2,5
"16185",5,21,"conf_358",1500,98,0.8729054461,2,5
"16186",5,21,"conf_358",2500,98,0.803129623,2,5
"16187",5,21,"conf_358",5000,98,0.0418914356,2,5
"16188",5,21,"conf_358",7500,98,0.0118186404,2,5
"16189",5,21,"conf_358",250,99,5.3251649001,2,5
"16190",5,21,"conf_358",500,99,5.3251649001,2,5
"16191",5,21,"conf_358",1500,99,2.1298268573,2,5
"16192",5,21,"conf_358",2500,99,1.6651537366,2,5
"16193",5,21,"conf_358",5000,99,0.9434161072,2,5
"16194",5,21,"conf_358",7500,99,0.9434161072,2,5
"16195",5,21,"conf_358",250,100,8.1571202198,2,5
"16196",5,21,"conf_358",500,100,7.4527767959,2,5
"16197",5,21,"conf_358",1500,100,4.5318477825,2,5
"16198",5,21,"conf_358",2500,100,3.9402111602,2,5
"16199",5,21,"conf_358",5000,100,2.2196985721,2,5
"16200",5,21,"conf_358",7500,100,2.1941265897,2,5
"16201",5,21,"conf_358",250,101,4.9123306157,3,5
"16202",5,21,"conf_358",500,101,4.9123306157,3,5
"16203",5,21,"conf_358",1500,101,2.6701998118,3,5
"16204",5,21,"conf_358",2500,101,1.7647407363,3,5
"16205",5,21,"conf_358",5000,101,0.2426583101,3,5
"16206",5,21,"conf_358",7500,101,0.1191710747,3,5
"16207",5,21,"conf_358",250,102,4.8798557786,3,5
"16208",5,21,"conf_358",500,102,2.0023314277,3,5
"16209",5,21,"conf_358",1500,102,0.512299261,3,5
"16210",5,21,"conf_358",2500,102,0.1088347615,3,5
"16211",5,21,"conf_358",5000,102,0.054839284,3,5
"16212",5,21,"conf_358",7500,102,0.0083856132,3,5
"16213",5,21,"conf_358",250,103,8.4752876723,3,5
"16214",5,21,"conf_358",500,103,6.869982013,3,5
"16215",5,21,"conf_358",1500,103,4.9786988695,3,5
"16216",5,21,"conf_358",2500,103,4.9786988695,3,5
"16217",5,21,"conf_358",5000,103,2.0628681219,3,5
"16218",5,21,"conf_358",7500,103,2.003600647,3,5
"16219",5,21,"conf_358",250,104,11.7610837149,3,5
"16220",5,21,"conf_358",500,104,10.9946754719,3,5
"16221",5,21,"conf_358",1500,104,1.9982336052,3,5
"16222",5,21,"conf_358",2500,104,1.4439247975,3,5
"16223",5,21,"conf_358",5000,104,0.0903491831,3,5
"16224",5,21,"conf_358",7500,104,0.0185168238,3,5
"16225",5,21,"conf_358",250,105,6.094585965,3,5
"16226",5,21,"conf_358",500,105,5.8073340927,3,5
"16227",5,21,"conf_358",1500,105,0.4889798842,3,5
"16228",5,21,"conf_358",2500,105,0.4889798842,3,5
"16229",5,21,"conf_358",5000,105,0.0008654369,3,5
"16230",5,21,"conf_358",7500,105,0.0008654369,3,5
"16231",5,21,"conf_358",250,106,8.2785086602,3,5
"16232",5,21,"conf_358",500,106,8.2785086602,3,5
"16233",5,21,"conf_358",1500,106,2.6649527623,3,5
"16234",5,21,"conf_358",2500,106,1.9777589169,3,5
"16235",5,21,"conf_358",5000,106,0.1858820733,3,5
"16236",5,21,"conf_358",7500,106,0.068764186,3,5
"16237",5,21,"conf_358",250,107,17.1994436712,3,5
"16238",5,21,"conf_358",500,107,6.0510382,3,5
"16239",5,21,"conf_358",1500,107,0.5208033465,3,5
"16240",5,21,"conf_358",2500,107,0.1666826449,3,5
"16241",5,21,"conf_358",5000,107,0.1666826449,3,5
"16242",5,21,"conf_358",7500,107,0.0434988627,3,5
"16243",5,21,"conf_358",250,108,7.3179357885,3,5
"16244",5,21,"conf_358",500,108,5.9242472462,3,5
"16245",5,21,"conf_358",1500,108,2.8142805729,3,5
"16246",5,21,"conf_358",2500,108,0.1168989666,3,5
"16247",5,21,"conf_358",5000,108,0.0459381694,3,5
"16248",5,21,"conf_358",7500,108,0.0041874579,3,5
"16249",5,21,"conf_358",250,109,5.8044400723,3,5
"16250",5,21,"conf_358",500,109,2.0231418192,3,5
"16251",5,21,"conf_358",1500,109,2.0231418192,3,5
"16252",5,21,"conf_358",2500,109,0.4996491675,3,5
"16253",5,21,"conf_358",5000,109,0.1566490583,3,5
"16254",5,21,"conf_358",7500,109,0.0160546242,3,5
"16255",5,21,"conf_358",250,110,5.7446180275,3,5
"16256",5,21,"conf_358",500,110,2.5656627374,3,5
"16257",5,21,"conf_358",1500,110,1.9184596928,3,5
"16258",5,21,"conf_358",2500,110,1.7626583272,3,5
"16259",5,21,"conf_358",5000,110,0.9692258444,3,5
"16260",5,21,"conf_358",7500,110,0.9692258444,3,5
"16261",5,21,"conf_358",250,111,2.8966253452,3,5
"16262",5,21,"conf_358",500,111,2.1906109573,3,5
"16263",5,21,"conf_358",1500,111,0.4514229122,3,5
"16264",5,21,"conf_358",2500,111,0.2137035,3,5
"16265",5,21,"conf_358",5000,111,0.0835164004,3,5
"16266",5,21,"conf_358",7500,111,0.0720760546,3,5
"16267",5,21,"conf_358",250,112,2.6456768632,3,5
"16268",5,21,"conf_358",500,112,0.5016433445,3,5
"16269",5,21,"conf_358",1500,112,0.5016433445,3,5
"16270",5,21,"conf_358",2500,112,0.4991753167,3,5
"16271",5,21,"conf_358",5000,112,0.1771866277,3,5
"16272",5,21,"conf_358",7500,112,0.0103968882,3,5
"16273",5,21,"conf_358",250,113,9.2314551159,3,5
"16274",5,21,"conf_358",500,113,9.2314551159,3,5
"16275",5,21,"conf_358",1500,113,2.3277454649,3,5
"16276",5,21,"conf_358",2500,113,2.198095394,3,5
"16277",5,21,"conf_358",5000,113,0.9374170644,3,5
"16278",5,21,"conf_358",7500,113,0.8487862997,3,5
"16279",5,21,"conf_358",250,114,10.9560091013,3,5
"16280",5,21,"conf_358",500,114,8.7801753303,3,5
"16281",5,21,"conf_358",1500,114,5.2967976673,3,5
"16282",5,21,"conf_358",2500,114,2.547333062,3,5
"16283",5,21,"conf_358",5000,114,1.89071153,3,5
"16284",5,21,"conf_358",7500,114,1.810130738,3,5
"16285",5,21,"conf_358",250,115,8.1568030268,3,5
"16286",5,21,"conf_358",500,115,8.1568030268,3,5
"16287",5,21,"conf_358",1500,115,7.3111497272,3,5
"16288",5,21,"conf_358",2500,115,5.0473005107,3,5
"16289",5,21,"conf_358",5000,115,2.0183747382,3,5
"16290",5,21,"conf_358",7500,115,1.9041741722,3,5
"16291",5,21,"conf_358",250,116,9.6068583937,3,5
"16292",5,21,"conf_358",500,116,9.6068583937,3,5
"16293",5,21,"conf_358",1500,116,0.003506007,3,5
"16294",5,21,"conf_358",2500,116,0.003506007,3,5
"16295",5,21,"conf_358",5000,116,0.0017025458,3,5
"16296",5,21,"conf_358",7500,116,0.0017025458,3,5
"16297",5,21,"conf_358",250,117,6.4801356516,3,5
"16298",5,21,"conf_358",500,117,6.4801356516,3,5
"16299",5,21,"conf_358",1500,117,5.2730428111,3,5
"16300",5,21,"conf_358",2500,117,2.0035860894,3,5
"16301",5,21,"conf_358",5000,117,1.4029290294,3,5
"16302",5,21,"conf_358",7500,117,1.0988915488,3,5
"16303",5,21,"conf_358",250,118,7.7715617506,3,5
"16304",5,21,"conf_358",500,118,7.7715617506,3,5
"16305",5,21,"conf_358",1500,118,2.1771590065,3,5
"16306",5,21,"conf_358",2500,118,0.1634824708,3,5
"16307",5,21,"conf_358",5000,118,0.1028804866,3,5
"16308",5,21,"conf_358",7500,118,0.0265639451,3,5
"16309",5,21,"conf_358",250,119,5.0650057476,3,5
"16310",5,21,"conf_358",500,119,5.0650057476,3,5
"16311",5,21,"conf_358",1500,119,2.1925548388,3,5
"16312",5,21,"conf_358",2500,119,1.6706564893,3,5
"16313",5,21,"conf_358",5000,119,1.4957828319,3,5
"16314",5,21,"conf_358",7500,119,0.9029911498,3,5
"16315",5,21,"conf_358",250,120,9.3602465886,3,5
"16316",5,21,"conf_358",500,120,8.404805342,3,5
"16317",5,21,"conf_358",1500,120,3.157235719,3,5
"16318",5,21,"conf_358",2500,120,1.8982320829,3,5
"16319",5,21,"conf_358",5000,120,0.4921943809,3,5
"16320",5,21,"conf_358",7500,120,0.0683591204,3,5
"16321",5,21,"conf_358",250,121,9.135050991,3,5
"16322",5,21,"conf_358",500,121,9.0437265467,3,5
"16323",5,21,"conf_358",1500,121,3.8549650844,3,5
"16324",5,21,"conf_358",2500,121,1.9781192646,3,5
"16325",5,21,"conf_358",5000,121,0.0527573424,3,5
"16326",5,21,"conf_358",7500,121,0.0192434688,3,5
"16327",5,21,"conf_358",250,122,10.3136842842,3,5
"16328",5,21,"conf_358",500,122,9.4178485151,3,5
"16329",5,21,"conf_358",1500,122,0.8277143904,3,5
"16330",5,21,"conf_358",2500,122,0.589347963,3,5
"16331",5,21,"conf_358",5000,122,0.1623049785,3,5
"16332",5,21,"conf_358",7500,122,0.1002386825,3,5
"16333",5,21,"conf_358",250,123,9.2632449604,3,5
"16334",5,21,"conf_358",500,123,9.2632449604,3,5
"16335",5,21,"conf_358",1500,123,1.1687090903,3,5
"16336",5,21,"conf_358",2500,123,1.1687090903,3,5
"16337",5,21,"conf_358",5000,123,0.7798897336,3,5
"16338",5,21,"conf_358",7500,123,0.0488124952,3,5
"16339",5,21,"conf_358",250,124,7.1392715987,3,5
"16340",5,21,"conf_358",500,124,6.6156773902,3,5
"16341",5,21,"conf_358",1500,124,4.3607725367,3,5
"16342",5,21,"conf_358",2500,124,2.8203977704,3,5
"16343",5,21,"conf_358",5000,124,1.0164726578,3,5
"16344",5,21,"conf_358",7500,124,0.1958735075,3,5
"16345",5,21,"conf_358",250,125,7.4453090522,3,5
"16346",5,21,"conf_358",500,125,2.4807530181,3,5
"16347",5,21,"conf_358",1500,125,2.0528956284,3,5
"16348",5,21,"conf_358",2500,125,2.0362689351,3,5
"16349",5,21,"conf_358",5000,125,0.1324550163,3,5
"16350",5,21,"conf_358",7500,125,0.0036795105,3,5
"16351",5,21,"conf_358",250,126,13.5770720811,3,5
"16352",5,21,"conf_358",500,126,7.1281672523,3,5
"16353",5,21,"conf_358",1500,126,6.326083612,3,5
"16354",5,21,"conf_358",2500,126,2.2252996769,3,5
"16355",5,21,"conf_358",5000,126,1.4927414518,3,5
"16356",5,21,"conf_358",7500,126,1.4927414518,3,5
"16357",5,21,"conf_358",250,127,0.5097276246,3,5
"16358",5,21,"conf_358",500,127,0.5097276246,3,5
"16359",5,21,"conf_358",1500,127,0.5097276246,3,5
"16360",5,21,"conf_358",2500,127,0.5097276246,3,5
"16361",5,21,"conf_358",5000,127,0.1006743354,3,5
"16362",5,21,"conf_358",7500,127,0.031687387,3,5
"16363",5,21,"conf_358",250,128,8.1044495819,3,5
"16364",5,21,"conf_358",500,128,2.2689339763,3,5
"16365",5,21,"conf_358",1500,128,2.1155064382,3,5
"16366",5,21,"conf_358",2500,128,2.1155064382,3,5
"16367",5,21,"conf_358",5000,128,0.0502635107,3,5
"16368",5,21,"conf_358",7500,128,0.0146363331,3,5
"16369",5,21,"conf_358",250,129,6.0723384752,3,5
"16370",5,21,"conf_358",500,129,0.0579920468,3,5
"16371",5,21,"conf_358",1500,129,0.0579920468,3,5
"16372",5,21,"conf_358",2500,129,0.0339726981,3,5
"16373",5,21,"conf_358",5000,129,0.0339726981,3,5
"16374",5,21,"conf_358",7500,129,0.0322172206,3,5
"16375",5,21,"conf_358",250,130,5.2871560586,3,5
"16376",5,21,"conf_358",500,130,5.2871560586,3,5
"16377",5,21,"conf_358",1500,130,1.9082280959,3,5
"16378",5,21,"conf_358",2500,130,1.8861835359,3,5
"16379",5,21,"conf_358",5000,130,1.2876751977,3,5
"16380",5,21,"conf_358",7500,130,0.1265568003,3,5
"16381",5,21,"conf_358",250,131,8.5424838849,3,5
"16382",5,21,"conf_358",500,131,8.5424838849,3,5
"16383",5,21,"conf_358",1500,131,2.2638907469,3,5
"16384",5,21,"conf_358",2500,131,2.2638907469,3,5
"16385",5,21,"conf_358",5000,131,1.6561956051,3,5
"16386",5,21,"conf_358",7500,131,1.6284355227,3,5
"16387",5,21,"conf_358",250,132,9.4865301226,3,5
"16388",5,21,"conf_358",500,132,7.7381160687,3,5
"16389",5,21,"conf_358",1500,132,0.7100379927,3,5
"16390",5,21,"conf_358",2500,132,0.7100379927,3,5
"16391",5,21,"conf_358",5000,132,0.4644295844,3,5
"16392",5,21,"conf_358",7500,132,0.2658453148,3,5
"16393",5,21,"conf_358",250,133,2.0415474427,3,5
"16394",5,21,"conf_358",500,133,2.0415474427,3,5
"16395",5,21,"conf_358",1500,133,1.5730690542,3,5
"16396",5,21,"conf_358",2500,133,1.5730690542,3,5
"16397",5,21,"conf_358",5000,133,0.1331159622,3,5
"16398",5,21,"conf_358",7500,133,0.046612703,3,5
"16399",5,21,"conf_358",250,134,10.9609805993,3,5
"16400",5,21,"conf_358",500,134,8.230907433,3,5
"16401",5,21,"conf_358",1500,134,7.4261137184,3,5
"16402",5,21,"conf_358",2500,134,0.1416005119,3,5
"16403",5,21,"conf_358",5000,134,0.0127395846,3,5
"16404",5,21,"conf_358",7500,134,0.0127395846,3,5
"16405",5,21,"conf_358",250,135,7.0581344684,3,5
"16406",5,21,"conf_358",500,135,7.0581344684,3,5
"16407",5,21,"conf_358",1500,135,5.5521282706,3,5
"16408",5,21,"conf_358",2500,135,0.397225733,3,5
"16409",5,21,"conf_358",5000,135,0.2616821609,3,5
"16410",5,21,"conf_358",7500,135,0.012673859,3,5
"16411",5,21,"conf_358",250,136,8.8801390333,3,5
"16412",5,21,"conf_358",500,136,8.8801390333,3,5
"16413",5,21,"conf_358",1500,136,1.1513535629,3,5
"16414",5,21,"conf_358",2500,136,1.1513535629,3,5
"16415",5,21,"conf_358",5000,136,0.1393321941,3,5
"16416",5,21,"conf_358",7500,136,0.0332723247,3,5
"16417",5,21,"conf_358",250,137,3.0253013544,3,5
"16418",5,21,"conf_358",500,137,3.0253013544,3,5
"16419",5,21,"conf_358",1500,137,0.4622666181,3,5
"16420",5,21,"conf_358",2500,137,0.4622666181,3,5
"16421",5,21,"conf_358",5000,137,0.0568873623,3,5
"16422",5,21,"conf_358",7500,137,0.0155226417,3,5
"16423",5,21,"conf_358",250,138,7.7422114216,3,5
"16424",5,21,"conf_358",500,138,7.6878914892,3,5
"16425",5,21,"conf_358",1500,138,0.8178652671,3,5
"16426",5,21,"conf_358",2500,138,0.5289760332,3,5
"16427",5,21,"conf_358",5000,138,0.1956641886,3,5
"16428",5,21,"conf_358",7500,138,0.0226585818,3,5
"16429",5,21,"conf_358",250,139,6.5677860837,3,5
"16430",5,21,"conf_358",500,139,5.0354290731,3,5
"16431",5,21,"conf_358",1500,139,3.1098406522,3,5
"16432",5,21,"conf_358",2500,139,1.9197074922,3,5
"16433",5,21,"conf_358",5000,139,1.5575568972,3,5
"16434",5,21,"conf_358",7500,139,0.1704276205,3,5
"16435",5,21,"conf_358",250,140,6.8704253345,3,5
"16436",5,21,"conf_358",500,140,6.8704253345,3,5
"16437",5,21,"conf_358",1500,140,6.1047548549,3,5
"16438",5,21,"conf_358",2500,140,6.1047548549,3,5
"16439",5,21,"conf_358",5000,140,5.2920803181,3,5
"16440",5,21,"conf_358",7500,140,0.1597639006,3,5
"16441",5,21,"conf_358",250,141,2.9860232596,3,5
"16442",5,21,"conf_358",500,141,2.9860232596,3,5
"16443",5,21,"conf_358",1500,141,2.2876085299,3,5
"16444",5,21,"conf_358",2500,141,2.0185730705,3,5
"16445",5,21,"conf_358",5000,141,0.0493172857,3,5
"16446",5,21,"conf_358",7500,141,0.0330664223,3,5
"16447",5,21,"conf_358",250,142,2.0479416879,3,5
"16448",5,21,"conf_358",500,142,2.0479416879,3,5
"16449",5,21,"conf_358",1500,142,2.0479416879,3,5
"16450",5,21,"conf_358",2500,142,2.047660033,3,5
"16451",5,21,"conf_358",5000,142,1.2929962949,3,5
"16452",5,21,"conf_358",7500,142,1.2530500691,3,5
"16453",5,21,"conf_358",250,143,2.6954689632,3,5
"16454",5,21,"conf_358",500,143,2.6954689632,3,5
"16455",5,21,"conf_358",1500,143,1.7712185879,3,5
"16456",5,21,"conf_358",2500,143,1.7712185879,3,5
"16457",5,21,"conf_358",5000,143,0.9399351283,3,5
"16458",5,21,"conf_358",7500,143,0.078716601,3,5
"16459",5,21,"conf_358",250,144,7.4535350655,3,5
"16460",5,21,"conf_358",500,144,3.7527824747,3,5
"16461",5,21,"conf_358",1500,144,2.2930406171,3,5
"16462",5,21,"conf_358",2500,144,1.4938277835,3,5
"16463",5,21,"conf_358",5000,144,0.0304616852,3,5
"16464",5,21,"conf_358",7500,144,0.0304616852,3,5
"16465",5,21,"conf_358",250,145,6.7993075996,3,5
"16466",5,21,"conf_358",500,145,0.0989013726,3,5
"16467",5,21,"conf_358",1500,145,0.0373792982,3,5
"16468",5,21,"conf_358",2500,145,0.0373792982,3,5
"16469",5,21,"conf_358",5000,145,0.0105894292,3,5
"16470",5,21,"conf_358",7500,145,0.0036452367,3,5
"16471",5,21,"conf_358",250,146,11.5100896047,3,5
"16472",5,21,"conf_358",500,146,11.5100896047,3,5
"16473",5,21,"conf_358",1500,146,4.2927992783,3,5
"16474",5,21,"conf_358",2500,146,4.2927992783,3,5
"16475",5,21,"conf_358",5000,146,1.9812413156,3,5
"16476",5,21,"conf_358",7500,146,0.2293026433,3,5
"16477",5,21,"conf_358",250,147,8.1261065629,3,5
"16478",5,21,"conf_358",500,147,7.3031839501,3,5
"16479",5,21,"conf_358",1500,147,1.7370796856,3,5
"16480",5,21,"conf_358",2500,147,1.7018570137,3,5
"16481",5,21,"conf_358",5000,147,0.0123033139,3,5
"16482",5,21,"conf_358",7500,147,0.0037257581,3,5
"16483",5,21,"conf_358",250,148,5.8534257081,3,5
"16484",5,21,"conf_358",500,148,5.8534257081,3,5
"16485",5,21,"conf_358",1500,148,0.8395290669,3,5
"16486",5,21,"conf_358",2500,148,0.436344967,3,5
"16487",5,21,"conf_358",5000,148,0.0223536854,3,5
"16488",5,21,"conf_358",7500,148,0.0139527394,3,5
"16489",5,21,"conf_358",250,149,11.0736003145,3,5
"16490",5,21,"conf_358",500,149,4.749923852,3,5
"16491",5,21,"conf_358",1500,149,4.749923852,3,5
"16492",5,21,"conf_358",2500,149,0.1630624558,3,5
"16493",5,21,"conf_358",5000,149,0.0652924681,3,5
"16494",5,21,"conf_358",7500,149,0.0404676685,3,5
"16495",5,21,"conf_358",250,150,7.881359149,3,5
"16496",5,21,"conf_358",500,150,7.4242792439,3,5
"16497",5,21,"conf_358",1500,150,1.4060555515,3,5
"16498",5,21,"conf_358",2500,150,0.3383189027,3,5
"16499",5,21,"conf_358",5000,150,0.1029981178,3,5
"16500",5,21,"conf_358",7500,150,0.0472741012,3,5
"16501",5,21,"conf_358",250,151,10.0836776638,4,5
"16502",5,21,"conf_358",500,151,2.7838232826,4,5
"16503",5,21,"conf_358",1500,151,0.7665246531,4,5
"16504",5,21,"conf_358",2500,151,0.5971669558,4,5
"16505",5,21,"conf_358",5000,151,0.055472224,4,5
"16506",5,21,"conf_358",7500,151,0.0520493742,4,5
"16507",5,21,"conf_358",250,152,2.4330550468,4,5
"16508",5,21,"conf_358",500,152,2.4330550468,4,5
"16509",5,21,"conf_358",1500,152,2.0184334587,4,5
"16510",5,21,"conf_358",2500,152,2.0052595973,4,5
"16511",5,21,"conf_358",5000,152,1.9499059779,4,5
"16512",5,21,"conf_358",7500,152,1.8894266269,4,5
"16513",5,21,"conf_358",250,153,7.2244314295,4,5
"16514",5,21,"conf_358",500,153,7.2244314295,4,5
"16515",5,21,"conf_358",1500,153,3.4090707164,4,5
"16516",5,21,"conf_358",2500,153,2.0791347213,4,5
"16517",5,21,"conf_358",5000,153,1.6233380519,4,5
"16518",5,21,"conf_358",7500,153,1.6233380519,4,5
"16519",5,21,"conf_358",250,154,5.3413181586,4,5
"16520",5,21,"conf_358",500,154,5.3413181586,4,5
"16521",5,21,"conf_358",1500,154,2.304696067,4,5
"16522",5,21,"conf_358",2500,154,0.7360730244,4,5
"16523",5,21,"conf_358",5000,154,0.1157147671,4,5
"16524",5,21,"conf_358",7500,154,0.061156517,4,5
"16525",5,21,"conf_358",250,155,7.1540192601,4,5
"16526",5,21,"conf_358",500,155,2.2044487617,4,5
"16527",5,21,"conf_358",1500,155,0.2792766472,4,5
"16528",5,21,"conf_358",2500,155,0.2792766472,4,5
"16529",5,21,"conf_358",5000,155,0.1081729152,4,5
"16530",5,21,"conf_358",7500,155,0.0020884173,4,5
"16531",5,21,"conf_358",250,156,2.0596619535,4,5
"16532",5,21,"conf_358",500,156,1.766794462,4,5
"16533",5,21,"conf_358",1500,156,1.7489322161,4,5
"16534",5,21,"conf_358",2500,156,1.3400763572,4,5
"16535",5,21,"conf_358",5000,156,0.7369121691,4,5
"16536",5,21,"conf_358",7500,156,0.6921888436,4,5
"16537",5,21,"conf_358",250,157,2.0090272524,4,5
"16538",5,21,"conf_358",500,157,2.0090272524,4,5
"16539",5,21,"conf_358",1500,157,0.4767807243,4,5
"16540",5,21,"conf_358",2500,157,0.3796191298,4,5
"16541",5,21,"conf_358",5000,157,0.0010505798,4,5
"16542",5,21,"conf_358",7500,157,0.0010505798,4,5
"16543",5,21,"conf_358",250,158,7.3072837307,4,5
"16544",5,21,"conf_358",500,158,7.3072837307,4,5
"16545",5,21,"conf_358",1500,158,2.0081290645,4,5
"16546",5,21,"conf_358",2500,158,1.6896704286,4,5
"16547",5,21,"conf_358",5000,158,0.1167935941,4,5
"16548",5,21,"conf_358",7500,158,0.028575206,4,5
"16549",5,21,"conf_358",250,159,6.957501086,4,5
"16550",5,21,"conf_358",500,159,6.957501086,4,5
"16551",5,21,"conf_358",1500,159,2.2331831171,4,5
"16552",5,21,"conf_358",2500,159,2.0250751872,4,5
"16553",5,21,"conf_358",5000,159,0.5207529941,4,5
"16554",5,21,"conf_358",7500,159,0.0788451429,4,5
"16555",5,21,"conf_358",250,160,9.1760614843,4,5
"16556",5,21,"conf_358",500,160,7.9400710062,4,5
"16557",5,21,"conf_358",1500,160,3.9506965108,4,5
"16558",5,21,"conf_358",2500,160,1.9391298868,4,5
"16559",5,21,"conf_358",5000,160,0.909246268,4,5
"16560",5,21,"conf_358",7500,160,0.3408279193,4,5
"16561",5,21,"conf_358",250,161,7.8619246406,4,5
"16562",5,21,"conf_358",500,161,6.4201638755,4,5
"16563",5,21,"conf_358",1500,161,2.2772520105,4,5
"16564",5,21,"conf_358",2500,161,0.5215791637,4,5
"16565",5,21,"conf_358",5000,161,0.0773564892,4,5
"16566",5,21,"conf_358",7500,161,0.0043837834,4,5
"16567",5,21,"conf_358",250,162,7.2834666338,4,5
"16568",5,21,"conf_358",500,162,6.5693396201,4,5
"16569",5,21,"conf_358",1500,162,4.8941508047,4,5
"16570",5,21,"conf_358",2500,162,2.0135565071,4,5
"16571",5,21,"conf_358",5000,162,0.4886540559,4,5
"16572",5,21,"conf_358",7500,162,0.1049338066,4,5
"16573",5,21,"conf_358",250,163,9.201195761,4,5
"16574",5,21,"conf_358",500,163,3.5055701779,4,5
"16575",5,21,"conf_358",1500,163,2.3273957898,4,5
"16576",5,21,"conf_358",2500,163,1.9272330944,4,5
"16577",5,21,"conf_358",5000,163,0.9776398241,4,5
"16578",5,21,"conf_358",7500,163,0.7017669431,4,5
"16579",5,21,"conf_358",250,164,7.3974660652,4,5
"16580",5,21,"conf_358",500,164,7.3974660652,4,5
"16581",5,21,"conf_358",1500,164,5.3654411659,4,5
"16582",5,21,"conf_358",2500,164,2.0204792447,4,5
"16583",5,21,"conf_358",5000,164,1.6508480557,4,5
"16584",5,21,"conf_358",7500,164,1.6056105593,4,5
"16585",5,21,"conf_358",250,165,12.5874288685,4,5
"16586",5,21,"conf_358",500,165,7.2253318921,4,5
"16587",5,21,"conf_358",1500,165,2.1019117682,4,5
"16588",5,21,"conf_358",2500,165,0.118189012,4,5
"16589",5,21,"conf_358",5000,165,0.0129412379,4,5
"16590",5,21,"conf_358",7500,165,0.0040800759,4,5
"16591",5,21,"conf_358",250,166,11.1719846554,4,5
"16592",5,21,"conf_358",500,166,3.470321937,4,5
"16593",5,21,"conf_358",1500,166,2.0825774377,4,5
"16594",5,21,"conf_358",2500,166,1.7923011406,4,5
"16595",5,21,"conf_358",5000,166,0.0902041986,4,5
"16596",5,21,"conf_358",7500,166,0.0179210846,4,5
"16597",5,21,"conf_358",250,167,9.9077103299,4,5
"16598",5,21,"conf_358",500,167,7.2437532877,4,5
"16599",5,21,"conf_358",1500,167,2.5016560432,4,5
"16600",5,21,"conf_358",2500,167,1.1645931854,4,5
"16601",5,21,"conf_358",5000,167,0.0685591774,4,5
"16602",5,21,"conf_358",7500,167,0.057975111,4,5
"16603",5,21,"conf_358",250,168,12.4710585498,4,5
"16604",5,21,"conf_358",500,168,3.4844468794,4,5
"16605",5,21,"conf_358",1500,168,2.3732854155,4,5
"16606",5,21,"conf_358",2500,168,1.7230094323,4,5
"16607",5,21,"conf_358",5000,168,1.0188761683,4,5
"16608",5,21,"conf_358",7500,168,0.9604502263,4,5
"16609",5,21,"conf_358",250,169,12.5590289325,4,5
"16610",5,21,"conf_358",500,169,12.5590289325,4,5
"16611",5,21,"conf_358",1500,169,0.465097939,4,5
"16612",5,21,"conf_358",2500,169,0.0129246417,4,5
"16613",5,21,"conf_358",5000,169,0.0129246417,4,5
"16614",5,21,"conf_358",7500,169,0.0129246417,4,5
"16615",5,21,"conf_358",250,170,6.1568257122,4,5
"16616",5,21,"conf_358",500,170,6.1568257122,4,5
"16617",5,21,"conf_358",1500,170,1.8074313642,4,5
"16618",5,21,"conf_358",2500,170,1.7988368166,4,5
"16619",5,21,"conf_358",5000,170,0.0674237407,4,5
"16620",5,21,"conf_358",7500,170,0.0167774216,4,5
"16621",5,21,"conf_358",250,171,8.57607881,4,5
"16622",5,21,"conf_358",500,171,8.57607881,4,5
"16623",5,21,"conf_358",1500,171,3.3035151599,4,5
"16624",5,21,"conf_358",2500,171,1.9524951143,4,5
"16625",5,21,"conf_358",5000,171,1.7872376646,4,5
"16626",5,21,"conf_358",7500,171,1.5774876271,4,5
"16627",5,21,"conf_358",250,172,7.9142255033,4,5
"16628",5,21,"conf_358",500,172,7.9142255033,4,5
"16629",5,21,"conf_358",1500,172,5.3609849125,4,5
"16630",5,21,"conf_358",2500,172,3.3365326903,4,5
"16631",5,21,"conf_358",5000,172,1.8839414922,4,5
"16632",5,21,"conf_358",7500,172,1.7041378488,4,5
"16633",5,21,"conf_358",250,173,12.5700521162,4,5
"16634",5,21,"conf_358",500,173,7.8035739811,4,5
"16635",5,21,"conf_358",1500,173,2.6832952324,4,5
"16636",5,21,"conf_358",2500,173,1.9443755714,4,5
"16637",5,21,"conf_358",5000,173,1.7072043517,4,5
"16638",5,21,"conf_358",7500,173,1.6555173971,4,5
"16639",5,21,"conf_358",250,174,11.3583089858,4,5
"16640",5,21,"conf_358",500,174,8.1280097414,4,5
"16641",5,21,"conf_358",1500,174,1.0882215808,4,5
"16642",5,21,"conf_358",2500,174,0.3486270895,4,5
"16643",5,21,"conf_358",5000,174,0.3486270895,4,5
"16644",5,21,"conf_358",7500,174,0.0199442186,4,5
"16645",5,21,"conf_358",250,175,7.3234450295,4,5
"16646",5,21,"conf_358",500,175,7.3234450295,4,5
"16647",5,21,"conf_358",1500,175,3.6686244708,4,5
"16648",5,21,"conf_358",2500,175,2.1752541466,4,5
"16649",5,21,"conf_358",5000,175,1.7533605337,4,5
"16650",5,21,"conf_358",7500,175,1.6879824998,4,5
"16651",5,21,"conf_358",250,176,15.8305654362,4,5
"16652",5,21,"conf_358",500,176,7.508015403,4,5
"16653",5,21,"conf_358",1500,176,4.471734687,4,5
"16654",5,21,"conf_358",2500,176,2.044331386,4,5
"16655",5,21,"conf_358",5000,176,0.4306442206,4,5
"16656",5,21,"conf_358",7500,176,0.2157471601,4,5
"16657",5,21,"conf_358",250,177,11.6738850779,4,5
"16658",5,21,"conf_358",500,177,8.5613324416,4,5
"16659",5,21,"conf_358",1500,177,8.2338324612,4,5
"16660",5,21,"conf_358",2500,177,2.3080349362,4,5
"16661",5,21,"conf_358",5000,177,0.477671118,4,5
"16662",5,21,"conf_358",7500,177,0.0041681279,4,5
"16663",5,21,"conf_358",250,178,7.2479153937,4,5
"16664",5,21,"conf_358",500,178,3.142773296,4,5
"16665",5,21,"conf_358",1500,178,1.5563259143,4,5
"16666",5,21,"conf_358",2500,178,1.5563259143,4,5
"16667",5,21,"conf_358",5000,178,0.7543477671,4,5
"16668",5,21,"conf_358",7500,178,0.6997491513,4,5
"16669",5,21,"conf_358",250,179,15.7825648412,4,5
"16670",5,21,"conf_358",500,179,8.9239962146,4,5
"16671",5,21,"conf_358",1500,179,2.9715561981,4,5
"16672",5,21,"conf_358",2500,179,1.976847321,4,5
"16673",5,21,"conf_358",5000,179,1.603129017,4,5
"16674",5,21,"conf_358",7500,179,0.0132594032,4,5
"16675",5,21,"conf_358",250,180,0.4971913973,4,5
"16676",5,21,"conf_358",500,180,0.4971913973,4,5
"16677",5,21,"conf_358",1500,180,0.3085896887,4,5
"16678",5,21,"conf_358",2500,180,0.2729270622,4,5
"16679",5,21,"conf_358",5000,180,0.1809152775,4,5
"16680",5,21,"conf_358",7500,180,0.030278816,4,5
"16681",5,21,"conf_358",250,181,7.2575246772,4,5
"16682",5,21,"conf_358",500,181,7.2575246772,4,5
"16683",5,21,"conf_358",1500,181,2.108125331,4,5
"16684",5,21,"conf_358",2500,181,2.0111951357,4,5
"16685",5,21,"conf_358",5000,181,1.7939363567,4,5
"16686",5,21,"conf_358",7500,181,1.6202352304,4,5
"16687",5,21,"conf_358",250,182,2.7038095753,4,5
"16688",5,21,"conf_358",500,182,2.7038095753,4,5
"16689",5,21,"conf_358",1500,182,2.0097747724,4,5
"16690",5,21,"conf_358",2500,182,1.2806181285,4,5
"16691",5,21,"conf_358",5000,182,0.4411645683,4,5
"16692",5,21,"conf_358",7500,182,0.0001541945,4,5
"16693",5,21,"conf_358",250,183,10.7693763404,4,5
"16694",5,21,"conf_358",500,183,8.1295571195,4,5
"16695",5,21,"conf_358",1500,183,6.3858455203,4,5
"16696",5,21,"conf_358",2500,183,2.0808744051,4,5
"16697",5,21,"conf_358",5000,183,0.2740593429,4,5
"16698",5,21,"conf_358",7500,183,0.0954658102,4,5
"16699",5,21,"conf_358",250,184,12.9062412833,4,5
"16700",5,21,"conf_358",500,184,12.4737048413,4,5
"16701",5,21,"conf_358",1500,184,3.6366990344,4,5
"16702",5,21,"conf_358",2500,184,2.0799438625,4,5
"16703",5,21,"conf_358",5000,184,1.7452511603,4,5
"16704",5,21,"conf_358",7500,184,1.7452511603,4,5
"16705",5,21,"conf_358",250,185,8.9858897219,4,5
"16706",5,21,"conf_358",500,185,7.4796660657,4,5
"16707",5,21,"conf_358",1500,185,1.9925111387,4,5
"16708",5,21,"conf_358",2500,185,1.9545131502,4,5
"16709",5,21,"conf_358",5000,185,1.6873273142,4,5
"16710",5,21,"conf_358",7500,185,1.644008566,4,5
"16711",5,21,"conf_358",250,186,9.1507907048,4,5
"16712",5,21,"conf_358",500,186,8.1725883098,4,5
"16713",5,21,"conf_358",1500,186,2.0028085273,4,5
"16714",5,21,"conf_358",2500,186,2.0028085273,4,5
"16715",5,21,"conf_358",5000,186,1.9872092568,4,5
"16716",5,21,"conf_358",7500,186,1.8576080252,4,5
"16717",5,21,"conf_358",250,187,1.9842536169,4,5
"16718",5,21,"conf_358",500,187,1.9842536169,4,5
"16719",5,21,"conf_358",1500,187,1.1783322271,4,5
"16720",5,21,"conf_358",2500,187,0.8328376356,4,5
"16721",5,21,"conf_358",5000,187,0.0104316584,4,5
"16722",5,21,"conf_358",7500,187,0.0035899548,4,5
"16723",5,21,"conf_358",250,188,9.7079979935,4,5
"16724",5,21,"conf_358",500,188,7.5245664436,4,5
"16725",5,21,"conf_358",1500,188,6.8415839808,4,5
"16726",5,21,"conf_358",2500,188,3.3276508445,4,5
"16727",5,21,"conf_358",5000,188,1.9415831191,4,5
"16728",5,21,"conf_358",7500,188,1.7784922839,4,5
"16729",5,21,"conf_358",250,189,13.7146979646,4,5
"16730",5,21,"conf_358",500,189,8.3587548916,4,5
"16731",5,21,"conf_358",1500,189,6.293840769,4,5
"16732",5,21,"conf_358",2500,189,2.0341415404,4,5
"16733",5,21,"conf_358",5000,189,1.0902977535,4,5
"16734",5,21,"conf_358",7500,189,0.7387813683,4,5
"16735",5,21,"conf_358",250,190,6.9009237447,4,5
"16736",5,21,"conf_358",500,190,6.9009237447,4,5
"16737",5,21,"conf_358",1500,190,4.6229027661,4,5
"16738",5,21,"conf_358",2500,190,0.4151796659,4,5
"16739",5,21,"conf_358",5000,190,0.083189626,4,5
"16740",5,21,"conf_358",7500,190,0.0002961404,4,5
"16741",5,21,"conf_358",250,191,7.2291348583,4,5
"16742",5,21,"conf_358",500,191,7.2291348583,4,5
"16743",5,21,"conf_358",1500,191,1.1130638754,4,5
"16744",5,21,"conf_358",2500,191,1.1082091278,4,5
"16745",5,21,"conf_358",5000,191,1.1082091278,4,5
"16746",5,21,"conf_358",7500,191,0.5403220603,4,5
"16747",5,21,"conf_358",250,192,3.1797043158,4,5
"16748",5,21,"conf_358",500,192,3.1797043158,4,5
"16749",5,21,"conf_358",1500,192,2.0147099117,4,5
"16750",5,21,"conf_358",2500,192,2.0147099117,4,5
"16751",5,21,"conf_358",5000,192,1.689687236,4,5
"16752",5,21,"conf_358",7500,192,1.6070783699,4,5
"16753",5,21,"conf_358",250,193,6.1778083918,4,5
"16754",5,21,"conf_358",500,193,6.1778083918,4,5
"16755",5,21,"conf_358",1500,193,1.6932940078,4,5
"16756",5,21,"conf_358",2500,193,0.5547416957,4,5
"16757",5,21,"conf_358",5000,193,0.1232630283,4,5
"16758",5,21,"conf_358",7500,193,0.0482715696,4,5
"16759",5,21,"conf_358",250,194,14.8119517633,4,5
"16760",5,21,"conf_358",500,194,10.5134759153,4,5
"16761",5,21,"conf_358",1500,194,6.1980754642,4,5
"16762",5,21,"conf_358",2500,194,1.5473501838,4,5
"16763",5,21,"conf_358",5000,194,0.8274247081,4,5
"16764",5,21,"conf_358",7500,194,0.4517723284,4,5
"16765",5,21,"conf_358",250,195,10.9939949456,4,5
"16766",5,21,"conf_358",500,195,10.9939949456,4,5
"16767",5,21,"conf_358",1500,195,4.8254130997,4,5
"16768",5,21,"conf_358",2500,195,2.2591550868,4,5
"16769",5,21,"conf_358",5000,195,2.2015536505,4,5
"16770",5,21,"conf_358",7500,195,2.0196358532,4,5
"16771",5,21,"conf_358",250,196,10.2183488825,4,5
"16772",5,21,"conf_358",500,196,8.2536847871,4,5
"16773",5,21,"conf_358",1500,196,5.5511909925,4,5
"16774",5,21,"conf_358",2500,196,1.7041318164,4,5
"16775",5,21,"conf_358",5000,196,0.4896236554,4,5
"16776",5,21,"conf_358",7500,196,0.0039624151,4,5
"16777",5,21,"conf_358",250,197,9.1876138241,4,5
"16778",5,21,"conf_358",500,197,4.5559739163,4,5
"16779",5,21,"conf_358",1500,197,2.7337674651,4,5
"16780",5,21,"conf_358",2500,197,2.046666245,4,5
"16781",5,21,"conf_358",5000,197,0.4999286517,4,5
"16782",5,21,"conf_358",7500,197,0.1193597283,4,5
"16783",5,21,"conf_358",250,198,15.0795543903,4,5
"16784",5,21,"conf_358",500,198,8.5427486094,4,5
"16785",5,21,"conf_358",1500,198,2.0458606573,4,5
"16786",5,21,"conf_358",2500,198,0.1763737144,4,5
"16787",5,21,"conf_358",5000,198,0.0255284709,4,5
"16788",5,21,"conf_358",7500,198,0.0095698344,4,5
"16789",5,21,"conf_358",250,199,9.3379336655,4,5
"16790",5,21,"conf_358",500,199,8.6432191693,4,5
"16791",5,21,"conf_358",1500,199,2.1256639219,4,5
"16792",5,21,"conf_358",2500,199,2.1088859729,4,5
"16793",5,21,"conf_358",5000,199,1.9298691372,4,5
"16794",5,21,"conf_358",7500,199,1.8586236884,4,5
"16795",5,21,"conf_358",250,200,5.6579085268,4,5
"16796",5,21,"conf_358",500,200,4.3011039289,4,5
"16797",5,21,"conf_358",1500,200,0.3522510529,4,5
"16798",5,21,"conf_358",2500,200,0.3522510529,4,5
"16799",5,21,"conf_358",5000,200,0.0978289908,4,5
"16800",5,21,"conf_358",7500,200,0.046285204,4,5
"16801",5,22,"conf_358",250,1,10.9863619098,1,5
"16802",5,22,"conf_358",500,1,8.0654083552,1,5
"16803",5,22,"conf_358",1500,1,2.8716184073,1,5
"16804",5,22,"conf_358",2500,1,2.0593988572,1,5
"16805",5,22,"conf_358",5000,1,1.9698193384,1,5
"16806",5,22,"conf_358",7500,1,1.9552780166,1,5
"16807",5,22,"conf_358",250,2,9.3431569771,1,5
"16808",5,22,"conf_358",500,2,9.3431569771,1,5
"16809",5,22,"conf_358",1500,2,3.9073633065,1,5
"16810",5,22,"conf_358",2500,2,1.7695789476,1,5
"16811",5,22,"conf_358",5000,2,0.9440392098,1,5
"16812",5,22,"conf_358",7500,2,0.7344733804,1,5
"16813",5,22,"conf_358",250,3,7.7987647631,1,5
"16814",5,22,"conf_358",500,3,7.7987647631,1,5
"16815",5,22,"conf_358",1500,3,2.1215800867,1,5
"16816",5,22,"conf_358",2500,3,0.4241454759,1,5
"16817",5,22,"conf_358",5000,3,0.0437148737,1,5
"16818",5,22,"conf_358",7500,3,0.0437148737,1,5
"16819",5,22,"conf_358",250,4,3.6502365128,1,5
"16820",5,22,"conf_358",500,4,3.6502365128,1,5
"16821",5,22,"conf_358",1500,4,2.0598430612,1,5
"16822",5,22,"conf_358",2500,4,1.4904428676,1,5
"16823",5,22,"conf_358",5000,4,0.8328552734,1,5
"16824",5,22,"conf_358",7500,4,0.7140937807,1,5
"16825",5,22,"conf_358",250,5,18.9255751755,1,5
"16826",5,22,"conf_358",500,5,13.2775502437,1,5
"16827",5,22,"conf_358",1500,5,2.0959564238,1,5
"16828",5,22,"conf_358",2500,5,2.0680677313,1,5
"16829",5,22,"conf_358",5000,5,1.3422326424,1,5
"16830",5,22,"conf_358",7500,5,0.7370844073,1,5
"16831",5,22,"conf_358",250,6,14.1985203183,1,5
"16832",5,22,"conf_358",500,6,14.1985203183,1,5
"16833",5,22,"conf_358",1500,6,7.6173007963,1,5
"16834",5,22,"conf_358",2500,6,6.2240749242,1,5
"16835",5,22,"conf_358",5000,6,1.3105109904,1,5
"16836",5,22,"conf_358",7500,6,0.5034048438,1,5
"16837",5,22,"conf_358",250,7,1.6286136771,1,5
"16838",5,22,"conf_358",500,7,1.6286136771,1,5
"16839",5,22,"conf_358",1500,7,1.6286136771,1,5
"16840",5,22,"conf_358",2500,7,1.4972193228,1,5
"16841",5,22,"conf_358",5000,7,0.9723001995,1,5
"16842",5,22,"conf_358",7500,7,0.7279552957,1,5
"16843",5,22,"conf_358",250,8,9.5240029902,1,5
"16844",5,22,"conf_358",500,8,6.9630143167,1,5
"16845",5,22,"conf_358",1500,8,6.9630143167,1,5
"16846",5,22,"conf_358",2500,8,5.3026527582,1,5
"16847",5,22,"conf_358",5000,8,1.8267377776,1,5
"16848",5,22,"conf_358",7500,8,0.8800459166,1,5
"16849",5,22,"conf_358",250,9,5.5539721114,1,5
"16850",5,22,"conf_358",500,9,5.2388318086,1,5
"16851",5,22,"conf_358",1500,9,0.6144928629,1,5
"16852",5,22,"conf_358",2500,9,0.1361212368,1,5
"16853",5,22,"conf_358",5000,9,0.0619699313,1,5
"16854",5,22,"conf_358",7500,9,0.0227006784,1,5
"16855",5,22,"conf_358",250,10,13.2372950036,1,5
"16856",5,22,"conf_358",500,10,7.0595532373,1,5
"16857",5,22,"conf_358",1500,10,2.7273877365,1,5
"16858",5,22,"conf_358",2500,10,2.051700926,1,5
"16859",5,22,"conf_358",5000,10,1.9605187344,1,5
"16860",5,22,"conf_358",7500,10,1.9550346914,1,5
"16861",5,22,"conf_358",250,11,38.2237703682,1,5
"16862",5,22,"conf_358",500,11,2.372776121,1,5
"16863",5,22,"conf_358",1500,11,2.372776121,1,5
"16864",5,22,"conf_358",2500,11,2.0084002804,1,5
"16865",5,22,"conf_358",5000,11,0.7045361453,1,5
"16866",5,22,"conf_358",7500,11,0.0970993762,1,5
"16867",5,22,"conf_358",250,12,5.9045863326,1,5
"16868",5,22,"conf_358",500,12,5.9045863326,1,5
"16869",5,22,"conf_358",1500,12,3.2280652649,1,5
"16870",5,22,"conf_358",2500,12,2.2693843678,1,5
"16871",5,22,"conf_358",5000,12,0.1532743936,1,5
"16872",5,22,"conf_358",7500,12,0.0998601468,1,5
"16873",5,22,"conf_358",250,13,8.2069410528,1,5
"16874",5,22,"conf_358",500,13,8.2069410528,1,5
"16875",5,22,"conf_358",1500,13,6.7659997388,1,5
"16876",5,22,"conf_358",2500,13,2.1590600833,1,5
"16877",5,22,"conf_358",5000,13,0.9109339297,1,5
"16878",5,22,"conf_358",7500,13,0.7039849037,1,5
"16879",5,22,"conf_358",250,14,16.9199081917,1,5
"16880",5,22,"conf_358",500,14,4.8357097035,1,5
"16881",5,22,"conf_358",1500,14,3.0423537874,1,5
"16882",5,22,"conf_358",2500,14,0.5094128668,1,5
"16883",5,22,"conf_358",5000,14,0.0843062113,1,5
"16884",5,22,"conf_358",7500,14,0.0387591341,1,5
"16885",5,22,"conf_358",250,15,10.2797818234,1,5
"16886",5,22,"conf_358",500,15,10.2797818234,1,5
"16887",5,22,"conf_358",1500,15,3.5843413875,1,5
"16888",5,22,"conf_358",2500,15,2.0245983167,1,5
"16889",5,22,"conf_358",5000,15,0.1163146143,1,5
"16890",5,22,"conf_358",7500,15,0.1163146143,1,5
"16891",5,22,"conf_358",250,16,6.39385105,1,5
"16892",5,22,"conf_358",500,16,4.3683720101,1,5
"16893",5,22,"conf_358",1500,16,2.2319588246,1,5
"16894",5,22,"conf_358",2500,16,1.9560793137,1,5
"16895",5,22,"conf_358",5000,16,0.8144419637,1,5
"16896",5,22,"conf_358",7500,16,0.6966813762,1,5
"16897",5,22,"conf_358",250,17,9.8192206527,1,5
"16898",5,22,"conf_358",500,17,2.0669804308,1,5
"16899",5,22,"conf_358",1500,17,2.0669804308,1,5
"16900",5,22,"conf_358",2500,17,2.0028315933,1,5
"16901",5,22,"conf_358",5000,17,0.9199827993,1,5
"16902",5,22,"conf_358",7500,17,0.6990498401,1,5
"16903",5,22,"conf_358",250,18,12.7968716516,1,5
"16904",5,22,"conf_358",500,18,12.7968716516,1,5
"16905",5,22,"conf_358",1500,18,7.597096093,1,5
"16906",5,22,"conf_358",2500,18,3.1394124201,1,5
"16907",5,22,"conf_358",5000,18,1.9899482851,1,5
"16908",5,22,"conf_358",7500,18,0.0443682965,1,5
"16909",5,22,"conf_358",250,19,8.3551530432,1,5
"16910",5,22,"conf_358",500,19,7.4215072604,1,5
"16911",5,22,"conf_358",1500,19,2.0601304444,1,5
"16912",5,22,"conf_358",2500,19,1.8249601806,1,5
"16913",5,22,"conf_358",5000,19,0.7768673321,1,5
"16914",5,22,"conf_358",7500,19,0.6957383086,1,5
"16915",5,22,"conf_358",250,20,14.2477092066,1,5
"16916",5,22,"conf_358",500,20,14.0729616585,1,5
"16917",5,22,"conf_358",1500,20,2.2503947378,1,5
"16918",5,22,"conf_358",2500,20,2.2503947378,1,5
"16919",5,22,"conf_358",5000,20,0.9676245475,1,5
"16920",5,22,"conf_358",7500,20,0.4998935111,1,5
"16921",5,22,"conf_358",250,21,10.3232565991,1,5
"16922",5,22,"conf_358",500,21,8.5516039062,1,5
"16923",5,22,"conf_358",1500,21,2.1229203274,1,5
"16924",5,22,"conf_358",2500,21,1.9948834215,1,5
"16925",5,22,"conf_358",5000,21,1.9563214701,1,5
"16926",5,22,"conf_358",7500,21,1.9550041967,1,5
"16927",5,22,"conf_358",250,22,17.6463550997,1,5
"16928",5,22,"conf_358",500,22,17.6463550997,1,5
"16929",5,22,"conf_358",1500,22,1.3845619095,1,5
"16930",5,22,"conf_358",2500,22,0.5503332044,1,5
"16931",5,22,"conf_358",5000,22,0.0644693205,1,5
"16932",5,22,"conf_358",7500,22,0.0401901838,1,5
"16933",5,22,"conf_358",250,23,20.9731402343,1,5
"16934",5,22,"conf_358",500,23,6.7599259625,1,5
"16935",5,22,"conf_358",1500,23,4.9256645014,1,5
"16936",5,22,"conf_358",2500,23,1.7818098556,1,5
"16937",5,22,"conf_358",5000,23,1.144927218,1,5
"16938",5,22,"conf_358",7500,23,0.7080066422,1,5
"16939",5,22,"conf_358",250,24,1.9958568152,1,5
"16940",5,22,"conf_358",500,24,1.9958568152,1,5
"16941",5,22,"conf_358",1500,24,0.5840602669,1,5
"16942",5,22,"conf_358",2500,24,0.4918913742,1,5
"16943",5,22,"conf_358",5000,24,0.260675001,1,5
"16944",5,22,"conf_358",7500,24,0.1345242389,1,5
"16945",5,22,"conf_358",250,25,9.3494504549,1,5
"16946",5,22,"conf_358",500,25,6.2853519023,1,5
"16947",5,22,"conf_358",1500,25,6.1087505288,1,5
"16948",5,22,"conf_358",2500,25,3.8850054763,1,5
"16949",5,22,"conf_358",5000,25,0.5674161747,1,5
"16950",5,22,"conf_358",7500,25,0.0258647335,1,5
"16951",5,22,"conf_358",250,26,10.0547835553,1,5
"16952",5,22,"conf_358",500,26,10.0547835553,1,5
"16953",5,22,"conf_358",1500,26,1.9788239052,1,5
"16954",5,22,"conf_358",2500,26,1.9338029426,1,5
"16955",5,22,"conf_358",5000,26,1.9312472982,1,5
"16956",5,22,"conf_358",7500,26,0.2736216042,1,5
"16957",5,22,"conf_358",250,27,8.2038311089,1,5
"16958",5,22,"conf_358",500,27,2.120279703,1,5
"16959",5,22,"conf_358",1500,27,2.120279703,1,5
"16960",5,22,"conf_358",2500,27,1.5768185928,1,5
"16961",5,22,"conf_358",5000,27,0.9533203598,1,5
"16962",5,22,"conf_358",7500,27,0.7482504897,1,5
"16963",5,22,"conf_358",250,28,4.4441109201,1,5
"16964",5,22,"conf_358",500,28,4.4441109201,1,5
"16965",5,22,"conf_358",1500,28,1.9381678528,1,5
"16966",5,22,"conf_358",2500,28,1.9381678528,1,5
"16967",5,22,"conf_358",5000,28,0.1337916522,1,5
"16968",5,22,"conf_358",7500,28,0.1267825852,1,5
"16969",5,22,"conf_358",250,29,2.105946367,1,5
"16970",5,22,"conf_358",500,29,2.105946367,1,5
"16971",5,22,"conf_358",1500,29,2.0524872521,1,5
"16972",5,22,"conf_358",2500,29,1.9809722125,1,5
"16973",5,22,"conf_358",5000,29,1.9590124859,1,5
"16974",5,22,"conf_358",7500,29,1.955023149,1,5
"16975",5,22,"conf_358",250,30,29.34329271,1,5
"16976",5,22,"conf_358",500,30,26.3970071112,1,5
"16977",5,22,"conf_358",1500,30,7.4782192235,1,5
"16978",5,22,"conf_358",2500,30,1.3458776958,1,5
"16979",5,22,"conf_358",5000,30,0.1202745691,1,5
"16980",5,22,"conf_358",7500,30,0.0413140682,1,5
"16981",5,22,"conf_358",250,31,8.9895029765,1,5
"16982",5,22,"conf_358",500,31,8.9895029765,1,5
"16983",5,22,"conf_358",1500,31,1.4699417547,1,5
"16984",5,22,"conf_358",2500,31,0.1264289609,1,5
"16985",5,22,"conf_358",5000,31,0.1264289609,1,5
"16986",5,22,"conf_358",7500,31,0.1264289609,1,5
"16987",5,22,"conf_358",250,32,8.7143401121,1,5
"16988",5,22,"conf_358",500,32,2.6112824444,1,5
"16989",5,22,"conf_358",1500,32,2.6112824444,1,5
"16990",5,22,"conf_358",2500,32,0.9818158715,1,5
"16991",5,22,"conf_358",5000,32,0.9684784482,1,5
"16992",5,22,"conf_358",7500,32,0.4865798671,1,5
"16993",5,22,"conf_358",250,33,0.5706354307,1,5
"16994",5,22,"conf_358",500,33,0.1231441385,1,5
"16995",5,22,"conf_358",1500,33,0.1231441385,1,5
"16996",5,22,"conf_358",2500,33,0.1231441385,1,5
"16997",5,22,"conf_358",5000,33,0.0200467072,1,5
"16998",5,22,"conf_358",7500,33,0.0200467072,1,5
"16999",5,22,"conf_358",250,34,19.7962368724,1,5
"17000",5,22,"conf_358",500,34,4.9587452623,1,5
"17001",5,22,"conf_358",1500,34,1.1079254357,1,5
"17002",5,22,"conf_358",2500,34,0.2409713044,1,5
"17003",5,22,"conf_358",5000,34,0.0396375902,1,5
"17004",5,22,"conf_358",7500,34,0.019686971,1,5
"17005",5,22,"conf_358",250,35,18.8858263669,1,5
"17006",5,22,"conf_358",500,35,12.8547261458,1,5
"17007",5,22,"conf_358",1500,35,10.4017160267,1,5
"17008",5,22,"conf_358",2500,35,2.8992443737,1,5
"17009",5,22,"conf_358",5000,35,0.8803133933,1,5
"17010",5,22,"conf_358",7500,35,0.3834976112,1,5
"17011",5,22,"conf_358",250,36,1.9948504105,1,5
"17012",5,22,"conf_358",500,36,1.9948504105,1,5
"17013",5,22,"conf_358",1500,36,1.9948504105,1,5
"17014",5,22,"conf_358",2500,36,0.5288069107,1,5
"17015",5,22,"conf_358",5000,36,0.5288069107,1,5
"17016",5,22,"conf_358",7500,36,0.3581546075,1,5
"17017",5,22,"conf_358",250,37,7.184617367,1,5
"17018",5,22,"conf_358",500,37,7.184617367,1,5
"17019",5,22,"conf_358",1500,37,3.0134433631,1,5
"17020",5,22,"conf_358",2500,37,2.1808858685,1,5
"17021",5,22,"conf_358",5000,37,0.2372481191,1,5
"17022",5,22,"conf_358",7500,37,0.017360909,1,5
"17023",5,22,"conf_358",250,38,6.9129899671,1,5
"17024",5,22,"conf_358",500,38,4.3558160727,1,5
"17025",5,22,"conf_358",1500,38,3.5691722453,1,5
"17026",5,22,"conf_358",2500,38,1.9897677738,1,5
"17027",5,22,"conf_358",5000,38,0.7574697142,1,5
"17028",5,22,"conf_358",7500,38,0.7087515496,1,5
"17029",5,22,"conf_358",250,39,17.6698540956,1,5
"17030",5,22,"conf_358",500,39,17.6698540956,1,5
"17031",5,22,"conf_358",1500,39,2.5999305044,1,5
"17032",5,22,"conf_358",2500,39,2.0986092981,1,5
"17033",5,22,"conf_358",5000,39,1.976829299,1,5
"17034",5,22,"conf_358",7500,39,0.5859713406,1,5
"17035",5,22,"conf_358",250,40,8.4959989035,1,5
"17036",5,22,"conf_358",500,40,3.4184944264,1,5
"17037",5,22,"conf_358",1500,40,0.1789361167,1,5
"17038",5,22,"conf_358",2500,40,0.1789361167,1,5
"17039",5,22,"conf_358",5000,40,0.0572367676,1,5
"17040",5,22,"conf_358",7500,40,0.0311181301,1,5
"17041",5,22,"conf_358",250,41,23.3033214165,1,5
"17042",5,22,"conf_358",500,41,11.7826601304,1,5
"17043",5,22,"conf_358",1500,41,2.8858307292,1,5
"17044",5,22,"conf_358",2500,41,2.0212103149,1,5
"17045",5,22,"conf_358",5000,41,1.9599937216,1,5
"17046",5,22,"conf_358",7500,41,0.7373194847,1,5
"17047",5,22,"conf_358",250,42,9.2264386561,1,5
"17048",5,22,"conf_358",500,42,4.878608236,1,5
"17049",5,22,"conf_358",1500,42,2.6301057135,1,5
"17050",5,22,"conf_358",2500,42,0.9861387687,1,5
"17051",5,22,"conf_358",5000,42,0.4333401358,1,5
"17052",5,22,"conf_358",7500,42,0.032698479,1,5
"17053",5,22,"conf_358",250,43,8.750741875,1,5
"17054",5,22,"conf_358",500,43,8.750741875,1,5
"17055",5,22,"conf_358",1500,43,8.742972345,1,5
"17056",5,22,"conf_358",2500,43,6.3541061148,1,5
"17057",5,22,"conf_358",5000,43,0.4541978279,1,5
"17058",5,22,"conf_358",7500,43,0.1732738145,1,5
"17059",5,22,"conf_358",250,44,3.1953557695,1,5
"17060",5,22,"conf_358",500,44,3.1953557695,1,5
"17061",5,22,"conf_358",1500,44,2.906318384,1,5
"17062",5,22,"conf_358",2500,44,1.7826229191,1,5
"17063",5,22,"conf_358",5000,44,0.0189090736,1,5
"17064",5,22,"conf_358",7500,44,0.0129430653,1,5
"17065",5,22,"conf_358",250,45,9.8284558209,1,5
"17066",5,22,"conf_358",500,45,9.8284558209,1,5
"17067",5,22,"conf_358",1500,45,2.4232827777,1,5
"17068",5,22,"conf_358",2500,45,2.062004383,1,5
"17069",5,22,"conf_358",5000,45,1.9584883526,1,5
"17070",5,22,"conf_358",7500,45,1.9550174705,1,5
"17071",5,22,"conf_358",250,46,13.1356824856,1,5
"17072",5,22,"conf_358",500,46,4.8389707675,1,5
"17073",5,22,"conf_358",1500,46,2.5465965894,1,5
"17074",5,22,"conf_358",2500,46,1.7303300862,1,5
"17075",5,22,"conf_358",5000,46,0.0262004917,1,5
"17076",5,22,"conf_358",7500,46,0.0156469824,1,5
"17077",5,22,"conf_358",250,47,8.1669040646,1,5
"17078",5,22,"conf_358",500,47,8.1669040646,1,5
"17079",5,22,"conf_358",1500,47,3.7410928516,1,5
"17080",5,22,"conf_358",2500,47,3.6294257784,1,5
"17081",5,22,"conf_358",5000,47,1.2452328226,1,5
"17082",5,22,"conf_358",7500,47,0.0642599901,1,5
"17083",5,22,"conf_358",250,48,4.2376058123,1,5
"17084",5,22,"conf_358",500,48,2.1435651041,1,5
"17085",5,22,"conf_358",1500,48,0.859913146,1,5
"17086",5,22,"conf_358",2500,48,0.859913146,1,5
"17087",5,22,"conf_358",5000,48,0.5127598668,1,5
"17088",5,22,"conf_358",7500,48,0.2481843284,1,5
"17089",5,22,"conf_358",250,49,17.161803473,1,5
"17090",5,22,"conf_358",500,49,8.2924697205,1,5
"17091",5,22,"conf_358",1500,49,0.6870331412,1,5
"17092",5,22,"conf_358",2500,49,0.5061686803,1,5
"17093",5,22,"conf_358",5000,49,0.0655536574,1,5
"17094",5,22,"conf_358",7500,49,0.0476702531,1,5
"17095",5,22,"conf_358",250,50,7.2771677612,1,5
"17096",5,22,"conf_358",500,50,7.2771677612,1,5
"17097",5,22,"conf_358",1500,50,2.9512053935,1,5
"17098",5,22,"conf_358",2500,50,2.0352516628,1,5
"17099",5,22,"conf_358",5000,50,1.9580354031,1,5
"17100",5,22,"conf_358",7500,50,1.955032551,1,5
"17101",5,22,"conf_358",250,51,10.070051071,2,5
"17102",5,22,"conf_358",500,51,7.7028576693,2,5
"17103",5,22,"conf_358",1500,51,2.569977758,2,5
"17104",5,22,"conf_358",2500,51,2.569977758,2,5
"17105",5,22,"conf_358",5000,51,2.0573960037,2,5
"17106",5,22,"conf_358",7500,51,2.0573960037,2,5
"17107",5,22,"conf_358",250,52,13.3763210063,2,5
"17108",5,22,"conf_358",500,52,10.9836020559,2,5
"17109",5,22,"conf_358",1500,52,1.3286064877,2,5
"17110",5,22,"conf_358",2500,52,0.7433108099,2,5
"17111",5,22,"conf_358",5000,52,0.0145937106,2,5
"17112",5,22,"conf_358",7500,52,0.0038248945,2,5
"17113",5,22,"conf_358",250,53,10.0114910161,2,5
"17114",5,22,"conf_358",500,53,10.0114910161,2,5
"17115",5,22,"conf_358",1500,53,7.9220292704,2,5
"17116",5,22,"conf_358",2500,53,2.0491832217,2,5
"17117",5,22,"conf_358",5000,53,0.1665707754,2,5
"17118",5,22,"conf_358",7500,53,0.0487738811,2,5
"17119",5,22,"conf_358",250,54,8.4431462636,2,5
"17120",5,22,"conf_358",500,54,7.5904716552,2,5
"17121",5,22,"conf_358",1500,54,4.0342334448,2,5
"17122",5,22,"conf_358",2500,54,2.3205384259,2,5
"17123",5,22,"conf_358",5000,54,0.1459116292,2,5
"17124",5,22,"conf_358",7500,54,0.0954644752,2,5
"17125",5,22,"conf_358",250,55,13.8086856572,2,5
"17126",5,22,"conf_358",500,55,4.1425357152,2,5
"17127",5,22,"conf_358",1500,55,2.2394276733,2,5
"17128",5,22,"conf_358",2500,55,0.2142743919,2,5
"17129",5,22,"conf_358",5000,55,0.1990039421,2,5
"17130",5,22,"conf_358",7500,55,0.0919857205,2,5
"17131",5,22,"conf_358",250,56,19.7898360285,2,5
"17132",5,22,"conf_358",500,56,10.0313659038,2,5
"17133",5,22,"conf_358",1500,56,6.4621208049,2,5
"17134",5,22,"conf_358",2500,56,5.5925214687,2,5
"17135",5,22,"conf_358",5000,56,1.9121514673,2,5
"17136",5,22,"conf_358",7500,56,0.0950656746,2,5
"17137",5,22,"conf_358",250,57,6.6478033631,2,5
"17138",5,22,"conf_358",500,57,6.6478033631,2,5
"17139",5,22,"conf_358",1500,57,3.8865872457,2,5
"17140",5,22,"conf_358",2500,57,0.2294809131,2,5
"17141",5,22,"conf_358",5000,57,0.0228245609,2,5
"17142",5,22,"conf_358",7500,57,0.006073902,2,5
"17143",5,22,"conf_358",250,58,7.3347783671,2,5
"17144",5,22,"conf_358",500,58,1.996946792,2,5
"17145",5,22,"conf_358",1500,58,1.996946792,2,5
"17146",5,22,"conf_358",2500,58,1.8294037431,2,5
"17147",5,22,"conf_358",5000,58,1.3748066861,2,5
"17148",5,22,"conf_358",7500,58,0.8599478041,2,5
"17149",5,22,"conf_358",250,59,7.54193548,2,5
"17150",5,22,"conf_358",500,59,3.0408054244,2,5
"17151",5,22,"conf_358",1500,59,3.0408054244,2,5
"17152",5,22,"conf_358",2500,59,2.110619059,2,5
"17153",5,22,"conf_358",5000,59,1.8162056866,2,5
"17154",5,22,"conf_358",7500,59,1.2929156327,2,5
"17155",5,22,"conf_358",250,60,17.9002713085,2,5
"17156",5,22,"conf_358",500,60,12.5937626534,2,5
"17157",5,22,"conf_358",1500,60,6.4366522795,2,5
"17158",5,22,"conf_358",2500,60,3.3942875433,2,5
"17159",5,22,"conf_358",5000,60,1.9725647813,2,5
"17160",5,22,"conf_358",7500,60,0.9588195888,2,5
"17161",5,22,"conf_358",250,61,16.2777817451,2,5
"17162",5,22,"conf_358",500,61,11.8490864929,2,5
"17163",5,22,"conf_358",1500,61,1.5517746702,2,5
"17164",5,22,"conf_358",2500,61,1.0208544601,2,5
"17165",5,22,"conf_358",5000,61,0.1695390033,2,5
"17166",5,22,"conf_358",7500,61,0.0763418036,2,5
"17167",5,22,"conf_358",250,62,17.3558618014,2,5
"17168",5,22,"conf_358",500,62,9.8881649804,2,5
"17169",5,22,"conf_358",1500,62,2.047656929,2,5
"17170",5,22,"conf_358",2500,62,1.9651373478,2,5
"17171",5,22,"conf_358",5000,62,0.1453930437,2,5
"17172",5,22,"conf_358",7500,62,0.0110102521,2,5
"17173",5,22,"conf_358",250,63,7.1132374811,2,5
"17174",5,22,"conf_358",500,63,7.1132374811,2,5
"17175",5,22,"conf_358",1500,63,5.8348971491,2,5
"17176",5,22,"conf_358",2500,63,2.0030181633,2,5
"17177",5,22,"conf_358",5000,63,0.9780574534,2,5
"17178",5,22,"conf_358",7500,63,0.7252182012,2,5
"17179",5,22,"conf_358",250,64,2.7930054492,2,5
"17180",5,22,"conf_358",500,64,0.4847088867,2,5
"17181",5,22,"conf_358",1500,64,0.4847088867,2,5
"17182",5,22,"conf_358",2500,64,0.4847088867,2,5
"17183",5,22,"conf_358",5000,64,0.3075161387,2,5
"17184",5,22,"conf_358",7500,64,0.038384275,2,5
"17185",5,22,"conf_358",250,65,5.3156266086,2,5
"17186",5,22,"conf_358",500,65,5.0712425522,2,5
"17187",5,22,"conf_358",1500,65,2.8421560239,2,5
"17188",5,22,"conf_358",2500,65,0.1299392058,2,5
"17189",5,22,"conf_358",5000,65,0.116817538,2,5
"17190",5,22,"conf_358",7500,65,0.0438666199,2,5
"17191",5,22,"conf_358",250,66,9.8394195808,2,5
"17192",5,22,"conf_358",500,66,9.8394195808,2,5
"17193",5,22,"conf_358",1500,66,1.9955993609,2,5
"17194",5,22,"conf_358",2500,66,1.9171394489,2,5
"17195",5,22,"conf_358",5000,66,0.9530873702,2,5
"17196",5,22,"conf_358",7500,66,0.7104891007,2,5
"17197",5,22,"conf_358",250,67,15.1826756443,2,5
"17198",5,22,"conf_358",500,67,12.0141290369,2,5
"17199",5,22,"conf_358",1500,67,4.1498901149,2,5
"17200",5,22,"conf_358",2500,67,2.4172091358,2,5
"17201",5,22,"conf_358",5000,67,0.2493405986,2,5
"17202",5,22,"conf_358",7500,67,0.2493405986,2,5
"17203",5,22,"conf_358",250,68,3.0426607843,2,5
"17204",5,22,"conf_358",500,68,2.1177113942,2,5
"17205",5,22,"conf_358",1500,68,1.1574392039,2,5
"17206",5,22,"conf_358",2500,68,1.1574392039,2,5
"17207",5,22,"conf_358",5000,68,0.1509254532,2,5
"17208",5,22,"conf_358",7500,68,0.0970602552,2,5
"17209",5,22,"conf_358",250,69,21.4835215017,2,5
"17210",5,22,"conf_358",500,69,15.5459990491,2,5
"17211",5,22,"conf_358",1500,69,4.6262673658,2,5
"17212",5,22,"conf_358",2500,69,2.1387406543,2,5
"17213",5,22,"conf_358",5000,69,1.1889781986,2,5
"17214",5,22,"conf_358",7500,69,0.4916067499,2,5
"17215",5,22,"conf_358",250,70,4.001568623,2,5
"17216",5,22,"conf_358",500,70,4.001568623,2,5
"17217",5,22,"conf_358",1500,70,0.5135155498,2,5
"17218",5,22,"conf_358",2500,70,0.4422898023,2,5
"17219",5,22,"conf_358",5000,70,0.3368391437,2,5
"17220",5,22,"conf_358",7500,70,0.0579656845,2,5
"17221",5,22,"conf_358",250,71,5.4766146588,2,5
"17222",5,22,"conf_358",500,71,4.8218543349,2,5
"17223",5,22,"conf_358",1500,71,0.424346435,2,5
"17224",5,22,"conf_358",2500,71,0.0920998976,2,5
"17225",5,22,"conf_358",5000,71,0.0397725264,2,5
"17226",5,22,"conf_358",7500,71,0.0069834752,2,5
"17227",5,22,"conf_358",250,72,17.6372051504,2,5
"17228",5,22,"conf_358",500,72,3.7003371886,2,5
"17229",5,22,"conf_358",1500,72,2.1073788315,2,5
"17230",5,22,"conf_358",2500,72,0.1827283765,2,5
"17231",5,22,"conf_358",5000,72,0.1827283765,2,5
"17232",5,22,"conf_358",7500,72,0.0229577655,2,5
"17233",5,22,"conf_358",250,73,9.4968614925,2,5
"17234",5,22,"conf_358",500,73,9.4968614925,2,5
"17235",5,22,"conf_358",1500,73,2.3627126662,2,5
"17236",5,22,"conf_358",2500,73,2.262256258,2,5
"17237",5,22,"conf_358",5000,73,1.4022897304,2,5
"17238",5,22,"conf_358",7500,73,0.8128385551,2,5
"17239",5,22,"conf_358",250,74,24.1220429008,2,5
"17240",5,22,"conf_358",500,74,24.1220429008,2,5
"17241",5,22,"conf_358",1500,74,1.778186772,2,5
"17242",5,22,"conf_358",2500,74,1.778186772,2,5
"17243",5,22,"conf_358",5000,74,1.3948622682,2,5
"17244",5,22,"conf_358",7500,74,0.0431345259,2,5
"17245",5,22,"conf_358",250,75,11.8590538406,2,5
"17246",5,22,"conf_358",500,75,6.8979569059,2,5
"17247",5,22,"conf_358",1500,75,2.9351117902,2,5
"17248",5,22,"conf_358",2500,75,0.0953797731,2,5
"17249",5,22,"conf_358",5000,75,0.0953797731,2,5
"17250",5,22,"conf_358",7500,75,0.0280437809,2,5
"17251",5,22,"conf_358",250,76,14.6334861087,2,5
"17252",5,22,"conf_358",500,76,14.5486765449,2,5
"17253",5,22,"conf_358",1500,76,6.0204110853,2,5
"17254",5,22,"conf_358",2500,76,4.8213408733,2,5
"17255",5,22,"conf_358",5000,76,0.4961757901,2,5
"17256",5,22,"conf_358",7500,76,0.1098225295,2,5
"17257",5,22,"conf_358",250,77,20.6939750113,2,5
"17258",5,22,"conf_358",500,77,8.11192263,2,5
"17259",5,22,"conf_358",1500,77,6.6735890059,2,5
"17260",5,22,"conf_358",2500,77,3.7678409932,2,5
"17261",5,22,"conf_358",5000,77,2.0513508964,2,5
"17262",5,22,"conf_358",7500,77,0.7630657805,2,5
"17263",5,22,"conf_358",250,78,9.8632141745,2,5
"17264",5,22,"conf_358",500,78,6.7432794001,2,5
"17265",5,22,"conf_358",1500,78,6.7432794001,2,5
"17266",5,22,"conf_358",2500,78,0.4411581154,2,5
"17267",5,22,"conf_358",5000,78,0.1136099886,2,5
"17268",5,22,"conf_358",7500,78,0.1033697225,2,5
"17269",5,22,"conf_358",250,79,10.1218837241,2,5
"17270",5,22,"conf_358",500,79,1.7960277851,2,5
"17271",5,22,"conf_358",1500,79,1.7960277851,2,5
"17272",5,22,"conf_358",2500,79,1.7960277851,2,5
"17273",5,22,"conf_358",5000,79,0.6259667742,2,5
"17274",5,22,"conf_358",7500,79,0.1376346512,2,5
"17275",5,22,"conf_358",250,80,24.2168486773,2,5
"17276",5,22,"conf_358",500,80,9.6513930735,2,5
"17277",5,22,"conf_358",1500,80,3.1637193161,2,5
"17278",5,22,"conf_358",2500,80,1.0958453951,2,5
"17279",5,22,"conf_358",5000,80,0.5102917258,2,5
"17280",5,22,"conf_358",7500,80,0.1481861438,2,5
"17281",5,22,"conf_358",250,81,2.3716503148,2,5
"17282",5,22,"conf_358",500,81,2.3407860781,2,5
"17283",5,22,"conf_358",1500,81,2.3407860781,2,5
"17284",5,22,"conf_358",2500,81,2.3407860781,2,5
"17285",5,22,"conf_358",5000,81,1.026803503,2,5
"17286",5,22,"conf_358",7500,81,0.7798953228,2,5
"17287",5,22,"conf_358",250,82,21.033927849,2,5
"17288",5,22,"conf_358",500,82,3.2304164909,2,5
"17289",5,22,"conf_358",1500,82,3.2304164909,2,5
"17290",5,22,"conf_358",2500,82,3.2304164909,2,5
"17291",5,22,"conf_358",5000,82,1.4564850329,2,5
"17292",5,22,"conf_358",7500,82,0.5466355916,2,5
"17293",5,22,"conf_358",250,83,17.5422632301,2,5
"17294",5,22,"conf_358",500,83,17.5422632301,2,5
"17295",5,22,"conf_358",1500,83,2.4031623912,2,5
"17296",5,22,"conf_358",2500,83,2.3193480211,2,5
"17297",5,22,"conf_358",5000,83,1.1275260401,2,5
"17298",5,22,"conf_358",7500,83,0.2452240466,2,5
"17299",5,22,"conf_358",250,84,2.0064323517,2,5
"17300",5,22,"conf_358",500,84,2.0064323517,2,5
"17301",5,22,"conf_358",1500,84,2.0064323517,2,5
"17302",5,22,"conf_358",2500,84,1.9928980349,2,5
"17303",5,22,"conf_358",5000,84,0.3272238327,2,5
"17304",5,22,"conf_358",7500,84,0.0545792319,2,5
"17305",5,22,"conf_358",250,85,16.7266170984,2,5
"17306",5,22,"conf_358",500,85,16.7266170984,2,5
"17307",5,22,"conf_358",1500,85,2.9035037848,2,5
"17308",5,22,"conf_358",2500,85,0.1636379945,2,5
"17309",5,22,"conf_358",5000,85,0.1636379945,2,5
"17310",5,22,"conf_358",7500,85,0.0653861836,2,5
"17311",5,22,"conf_358",250,86,9.1017100891,2,5
"17312",5,22,"conf_358",500,86,7.8227527258,2,5
"17313",5,22,"conf_358",1500,86,2.7390685044,2,5
"17314",5,22,"conf_358",2500,86,1.5673615483,2,5
"17315",5,22,"conf_358",5000,86,0.4841384983,2,5
"17316",5,22,"conf_358",7500,86,0.1218192117,2,5
"17317",5,22,"conf_358",250,87,1.9646394317,2,5
"17318",5,22,"conf_358",500,87,1.9646394317,2,5
"17319",5,22,"conf_358",1500,87,1.8246368922,2,5
"17320",5,22,"conf_358",2500,87,0.7107766464,2,5
"17321",5,22,"conf_358",5000,87,0.6246129281,2,5
"17322",5,22,"conf_358",7500,87,0.5841890764,2,5
"17323",5,22,"conf_358",250,88,18.2974458643,2,5
"17324",5,22,"conf_358",500,88,16.3801615337,2,5
"17325",5,22,"conf_358",1500,88,6.0053984702,2,5
"17326",5,22,"conf_358",2500,88,2.0389260589,2,5
"17327",5,22,"conf_358",5000,88,0.7997617582,2,5
"17328",5,22,"conf_358",7500,88,0.7443995869,2,5
"17329",5,22,"conf_358",250,89,10.9013802966,2,5
"17330",5,22,"conf_358",500,89,10.9013802966,2,5
"17331",5,22,"conf_358",1500,89,7.6907865471,2,5
"17332",5,22,"conf_358",2500,89,3.7621552315,2,5
"17333",5,22,"conf_358",5000,89,2.222629298,2,5
"17334",5,22,"conf_358",7500,89,1.9001459503,2,5
"17335",5,22,"conf_358",250,90,11.3660646411,2,5
"17336",5,22,"conf_358",500,90,11.3660646411,2,5
"17337",5,22,"conf_358",1500,90,4.0720012996,2,5
"17338",5,22,"conf_358",2500,90,3.0886446545,2,5
"17339",5,22,"conf_358",5000,90,1.2646183193,2,5
"17340",5,22,"conf_358",7500,90,0.7582714982,2,5
"17341",5,22,"conf_358",250,91,14.1179262376,2,5
"17342",5,22,"conf_358",500,91,8.4654276154,2,5
"17343",5,22,"conf_358",1500,91,4.8962748845,2,5
"17344",5,22,"conf_358",2500,91,1.5663596886,2,5
"17345",5,22,"conf_358",5000,91,1.2584209719,2,5
"17346",5,22,"conf_358",7500,91,0.7553145413,2,5
"17347",5,22,"conf_358",250,92,12.1324577326,2,5
"17348",5,22,"conf_358",500,92,12.1324577326,2,5
"17349",5,22,"conf_358",1500,92,5.5249618879,2,5
"17350",5,22,"conf_358",2500,92,1.9170176747,2,5
"17351",5,22,"conf_358",5000,92,1.3902893139,2,5
"17352",5,22,"conf_358",7500,92,0.8116274004,2,5
"17353",5,22,"conf_358",250,93,16.3026164958,2,5
"17354",5,22,"conf_358",500,93,8.7406297716,2,5
"17355",5,22,"conf_358",1500,93,1.4592309829,2,5
"17356",5,22,"conf_358",2500,93,0.5069844657,2,5
"17357",5,22,"conf_358",5000,93,0.504031313,2,5
"17358",5,22,"conf_358",7500,93,0.3023553131,2,5
"17359",5,22,"conf_358",250,94,7.9047511117,2,5
"17360",5,22,"conf_358",500,94,7.9047511117,2,5
"17361",5,22,"conf_358",1500,94,0.2958644739,2,5
"17362",5,22,"conf_358",2500,94,0.2958644739,2,5
"17363",5,22,"conf_358",5000,94,0.1067929498,2,5
"17364",5,22,"conf_358",7500,94,0.0250508174,2,5
"17365",5,22,"conf_358",250,95,7.3425557634,2,5
"17366",5,22,"conf_358",500,95,7.3425557634,2,5
"17367",5,22,"conf_358",1500,95,1.067367706,2,5
"17368",5,22,"conf_358",2500,95,1.067367706,2,5
"17369",5,22,"conf_358",5000,95,0.5068505659,2,5
"17370",5,22,"conf_358",7500,95,0.0974680485,2,5
"17371",5,22,"conf_358",250,96,8.2703022755,2,5
"17372",5,22,"conf_358",500,96,7.8520852939,2,5
"17373",5,22,"conf_358",1500,96,7.4872659862,2,5
"17374",5,22,"conf_358",2500,96,0.786957759,2,5
"17375",5,22,"conf_358",5000,96,0.1347026327,2,5
"17376",5,22,"conf_358",7500,96,0.043363678,2,5
"17377",5,22,"conf_358",250,97,13.9563047282,2,5
"17378",5,22,"conf_358",500,97,8.4920604339,2,5
"17379",5,22,"conf_358",1500,97,3.0705474239,2,5
"17380",5,22,"conf_358",2500,97,3.0705474239,2,5
"17381",5,22,"conf_358",5000,97,1.9959103447,2,5
"17382",5,22,"conf_358",7500,97,1.3703143495,2,5
"17383",5,22,"conf_358",250,98,6.9737000292,2,5
"17384",5,22,"conf_358",500,98,3.0184590095,2,5
"17385",5,22,"conf_358",1500,98,3.0184590095,2,5
"17386",5,22,"conf_358",2500,98,2.6363618593,2,5
"17387",5,22,"conf_358",5000,98,0.4225458007,2,5
"17388",5,22,"conf_358",7500,98,0.096388906,2,5
"17389",5,22,"conf_358",250,99,12.2386797621,2,5
"17390",5,22,"conf_358",500,99,2.1944577099,2,5
"17391",5,22,"conf_358",1500,99,2.0911664574,2,5
"17392",5,22,"conf_358",2500,99,0.2151817079,2,5
"17393",5,22,"conf_358",5000,99,0.0690227397,2,5
"17394",5,22,"conf_358",7500,99,0.0399321814,2,5
"17395",5,22,"conf_358",250,100,14.3517153301,2,5
"17396",5,22,"conf_358",500,100,7.4767051244,2,5
"17397",5,22,"conf_358",1500,100,1.7043550361,2,5
"17398",5,22,"conf_358",2500,100,1.7043550361,2,5
"17399",5,22,"conf_358",5000,100,0.569601863,2,5
"17400",5,22,"conf_358",7500,100,0.206291923,2,5
"17401",5,22,"conf_358",250,101,25.233834096,3,5
"17402",5,22,"conf_358",500,101,8.1369527036,3,5
"17403",5,22,"conf_358",1500,101,1.0456284742,3,5
"17404",5,22,"conf_358",2500,101,0.712814683,3,5
"17405",5,22,"conf_358",5000,101,0.6926942466,3,5
"17406",5,22,"conf_358",7500,101,0.6918594008,3,5
"17407",5,22,"conf_358",250,102,6.0598976169,3,5
"17408",5,22,"conf_358",500,102,3.6191740732,3,5
"17409",5,22,"conf_358",1500,102,1.1441913264,3,5
"17410",5,22,"conf_358",2500,102,0.7679052335,3,5
"17411",5,22,"conf_358",5000,102,0.6927042349,3,5
"17412",5,22,"conf_358",7500,102,0.691858582,3,5
"17413",5,22,"conf_358",250,103,19.6996086844,3,5
"17414",5,22,"conf_358",500,103,8.6587045313,3,5
"17415",5,22,"conf_358",1500,103,4.8546186382,3,5
"17416",5,22,"conf_358",2500,103,3.7551391709,3,5
"17417",5,22,"conf_358",5000,103,0.5071943378,3,5
"17418",5,22,"conf_358",7500,103,0.1252845145,3,5
"17419",5,22,"conf_358",250,104,16.3871674109,3,5
"17420",5,22,"conf_358",500,104,0.8022864936,3,5
"17421",5,22,"conf_358",1500,104,0.1061037046,3,5
"17422",5,22,"conf_358",2500,104,0.1061037046,3,5
"17423",5,22,"conf_358",5000,104,0.0415745698,3,5
"17424",5,22,"conf_358",7500,104,0.0039872276,3,5
"17425",5,22,"conf_358",250,105,7.6088524417,3,5
"17426",5,22,"conf_358",500,105,2.1541817677,3,5
"17427",5,22,"conf_358",1500,105,0.4963126511,3,5
"17428",5,22,"conf_358",2500,105,0.2774557069,3,5
"17429",5,22,"conf_358",5000,105,0.0156774307,3,5
"17430",5,22,"conf_358",7500,105,0.0016428296,3,5
"17431",5,22,"conf_358",250,106,13.1441376739,3,5
"17432",5,22,"conf_358",500,106,13.1441376739,3,5
"17433",5,22,"conf_358",1500,106,0.242421723,3,5
"17434",5,22,"conf_358",2500,106,0.242421723,3,5
"17435",5,22,"conf_358",5000,106,0.0137410509,3,5
"17436",5,22,"conf_358",7500,106,0.0129909687,3,5
"17437",5,22,"conf_358",250,107,3.5839434007,3,5
"17438",5,22,"conf_358",500,107,3.5839434007,3,5
"17439",5,22,"conf_358",1500,107,1.0157748694,3,5
"17440",5,22,"conf_358",2500,107,0.7540373243,3,5
"17441",5,22,"conf_358",5000,107,0.6924048403,3,5
"17442",5,22,"conf_358",7500,107,0.6918585917,3,5
"17443",5,22,"conf_358",250,108,9.8587992683,3,5
"17444",5,22,"conf_358",500,108,9.8587992683,3,5
"17445",5,22,"conf_358",1500,108,7.3638075168,3,5
"17446",5,22,"conf_358",2500,108,0.4685986107,3,5
"17447",5,22,"conf_358",5000,108,0.4685986107,3,5
"17448",5,22,"conf_358",7500,108,0.2990197752,3,5
"17449",5,22,"conf_358",250,109,2.5169713602,3,5
"17450",5,22,"conf_358",500,109,2.5169713602,3,5
"17451",5,22,"conf_358",1500,109,2.1189660956,3,5
"17452",5,22,"conf_358",2500,109,1.0472738319,3,5
"17453",5,22,"conf_358",5000,109,0.6943790255,3,5
"17454",5,22,"conf_358",7500,109,0.6918885157,3,5
"17455",5,22,"conf_358",250,110,8.5804238053,3,5
"17456",5,22,"conf_358",500,110,8.5804238053,3,5
"17457",5,22,"conf_358",1500,110,1.5145301464,3,5
"17458",5,22,"conf_358",2500,110,1.0331604302,3,5
"17459",5,22,"conf_358",5000,110,0.6925729348,3,5
"17460",5,22,"conf_358",7500,110,0.6918620924,3,5
"17461",5,22,"conf_358",250,111,10.2511169896,3,5
"17462",5,22,"conf_358",500,111,2.2825288567,3,5
"17463",5,22,"conf_358",1500,111,1.1989210693,3,5
"17464",5,22,"conf_358",2500,111,0.7751369148,3,5
"17465",5,22,"conf_358",5000,111,0.6926534905,3,5
"17466",5,22,"conf_358",7500,111,0.6918686428,3,5
"17467",5,22,"conf_358",250,112,2.5666168901,3,5
"17468",5,22,"conf_358",500,112,2.5666168901,3,5
"17469",5,22,"conf_358",1500,112,2.000182193,3,5
"17470",5,22,"conf_358",2500,112,0.1464357137,3,5
"17471",5,22,"conf_358",5000,112,0.1464357137,3,5
"17472",5,22,"conf_358",7500,112,0.1464357137,3,5
"17473",5,22,"conf_358",250,113,10.122879925,3,5
"17474",5,22,"conf_358",500,113,9.1481324931,3,5
"17475",5,22,"conf_358",1500,113,2.0032435981,3,5
"17476",5,22,"conf_358",2500,113,0.934401955,3,5
"17477",5,22,"conf_358",5000,113,0.6938163497,3,5
"17478",5,22,"conf_358",7500,113,0.6918670373,3,5
"17479",5,22,"conf_358",250,114,15.7679809296,3,5
"17480",5,22,"conf_358",500,114,8.6078237507,3,5
"17481",5,22,"conf_358",1500,114,0.7272719476,3,5
"17482",5,22,"conf_358",2500,114,0.2124110183,3,5
"17483",5,22,"conf_358",5000,114,0.0336891434,3,5
"17484",5,22,"conf_358",7500,114,0.0007100693,3,5
"17485",5,22,"conf_358",250,115,24.0505522949,3,5
"17486",5,22,"conf_358",500,115,24.0505522949,3,5
"17487",5,22,"conf_358",1500,115,7.6735775916,3,5
"17488",5,22,"conf_358",2500,115,5.7411048321,3,5
"17489",5,22,"conf_358",5000,115,0.5964173792,3,5
"17490",5,22,"conf_358",7500,115,0.0290862783,3,5
"17491",5,22,"conf_358",250,116,8.9707301724,3,5
"17492",5,22,"conf_358",500,116,3.2196442435,3,5
"17493",5,22,"conf_358",1500,116,1.2562779071,3,5
"17494",5,22,"conf_358",2500,116,0.7754949231,3,5
"17495",5,22,"conf_358",5000,116,0.6921924524,3,5
"17496",5,22,"conf_358",7500,116,0.6918616187,3,5
"17497",5,22,"conf_358",250,117,17.166038983,3,5
"17498",5,22,"conf_358",500,117,7.3799422179,3,5
"17499",5,22,"conf_358",1500,117,0.9703782483,3,5
"17500",5,22,"conf_358",2500,117,0.7505839741,3,5
"17501",5,22,"conf_358",5000,117,0.6923467663,3,5
"17502",5,22,"conf_358",7500,117,0.6918596016,3,5
"17503",5,22,"conf_358",250,118,15.0064695032,3,5
"17504",5,22,"conf_358",500,118,10.9353728068,3,5
"17505",5,22,"conf_358",1500,118,4.1194566759,3,5
"17506",5,22,"conf_358",2500,118,2.7920181358,3,5
"17507",5,22,"conf_358",5000,118,2.5998745122,3,5
"17508",5,22,"conf_358",7500,118,2.5908585072,3,5
"17509",5,22,"conf_358",250,119,16.3995720957,3,5
"17510",5,22,"conf_358",500,119,3.3245846435,3,5
"17511",5,22,"conf_358",1500,119,0.9820320458,3,5
"17512",5,22,"conf_358",2500,119,0.7542282038,3,5
"17513",5,22,"conf_358",5000,119,0.692052819,3,5
"17514",5,22,"conf_358",7500,119,0.6918572756,3,5
"17515",5,22,"conf_358",250,120,8.3931091376,3,5
"17516",5,22,"conf_358",500,120,8.3931091376,3,5
"17517",5,22,"conf_358",1500,120,3.7161057519,3,5
"17518",5,22,"conf_358",2500,120,1.8007969514,3,5
"17519",5,22,"conf_358",5000,120,0.08728825,3,5
"17520",5,22,"conf_358",7500,120,0.08728825,3,5
"17521",5,22,"conf_358",250,121,8.1240345769,3,5
"17522",5,22,"conf_358",500,121,8.1240345769,3,5
"17523",5,22,"conf_358",1500,121,2.3683272502,3,5
"17524",5,22,"conf_358",2500,121,2.3683272502,3,5
"17525",5,22,"conf_358",5000,121,1.0946951513,3,5
"17526",5,22,"conf_358",7500,121,0.6990704155,3,5
"17527",5,22,"conf_358",250,122,17.3983171115,3,5
"17528",5,22,"conf_358",500,122,2.4505798865,3,5
"17529",5,22,"conf_358",1500,122,1.6466402407,3,5
"17530",5,22,"conf_358",2500,122,0.8182287339,3,5
"17531",5,22,"conf_358",5000,122,0.6924646895,3,5
"17532",5,22,"conf_358",7500,122,0.6918666188,3,5
"17533",5,22,"conf_358",250,123,6.5640813985,3,5
"17534",5,22,"conf_358",500,123,6.5640813985,3,5
"17535",5,22,"conf_358",1500,123,1.7641038062,3,5
"17536",5,22,"conf_358",2500,123,1.7641038062,3,5
"17537",5,22,"conf_358",5000,123,0.0137632684,3,5
"17538",5,22,"conf_358",7500,123,0.0137632684,3,5
"17539",5,22,"conf_358",250,124,10.8652475617,3,5
"17540",5,22,"conf_358",500,124,2.7414636733,3,5
"17541",5,22,"conf_358",1500,124,2.7414636733,3,5
"17542",5,22,"conf_358",2500,124,1.3600090948,3,5
"17543",5,22,"conf_358",5000,124,0.6985256565,3,5
"17544",5,22,"conf_358",7500,124,0.6919425469,3,5
"17545",5,22,"conf_358",250,125,8.9342065754,3,5
"17546",5,22,"conf_358",500,125,8.9342065754,3,5
"17547",5,22,"conf_358",1500,125,6.2555245659,3,5
"17548",5,22,"conf_358",2500,125,5.808969972,3,5
"17549",5,22,"conf_358",5000,125,1.7579219888,3,5
"17550",5,22,"conf_358",7500,125,0.4281002589,3,5
"17551",5,22,"conf_358",250,126,2.1792232958,3,5
"17552",5,22,"conf_358",500,126,1.6560832145,3,5
"17553",5,22,"conf_358",1500,126,0.9834650036,3,5
"17554",5,22,"conf_358",2500,126,0.7070678307,3,5
"17555",5,22,"conf_358",5000,126,0.6921368918,3,5
"17556",5,22,"conf_358",7500,126,0.6918636742,3,5
"17557",5,22,"conf_358",250,127,13.8693214508,3,5
"17558",5,22,"conf_358",500,127,8.992336356,3,5
"17559",5,22,"conf_358",1500,127,1.0060790921,3,5
"17560",5,22,"conf_358",2500,127,1.0060790921,3,5
"17561",5,22,"conf_358",5000,127,0.1016576808,3,5
"17562",5,22,"conf_358",7500,127,0.0072593444,3,5
"17563",5,22,"conf_358",250,128,15.0124867762,3,5
"17564",5,22,"conf_358",500,128,2.9781998002,3,5
"17565",5,22,"conf_358",1500,128,0.6302301471,3,5
"17566",5,22,"conf_358",2500,128,0.4866420695,3,5
"17567",5,22,"conf_358",5000,128,0.419506674,3,5
"17568",5,22,"conf_358",7500,128,0.0583152739,3,5
"17569",5,22,"conf_358",250,129,13.7512174032,3,5
"17570",5,22,"conf_358",500,129,13.7512174032,3,5
"17571",5,22,"conf_358",1500,129,10.5038186159,3,5
"17572",5,22,"conf_358",2500,129,4.9508986967,3,5
"17573",5,22,"conf_358",5000,129,2.207853147,3,5
"17574",5,22,"conf_358",7500,129,2.1055733879,3,5
"17575",5,22,"conf_358",250,130,1.9771124332,3,5
"17576",5,22,"conf_358",500,130,1.9771124332,3,5
"17577",5,22,"conf_358",1500,130,1.9771124332,3,5
"17578",5,22,"conf_358",2500,130,0.5856218434,3,5
"17579",5,22,"conf_358",5000,130,0.08112611,3,5
"17580",5,22,"conf_358",7500,130,0.08112611,3,5
"17581",5,22,"conf_358",250,131,14.8706354073,3,5
"17582",5,22,"conf_358",500,131,2.2179146294,3,5
"17583",5,22,"conf_358",1500,131,2.2179146294,3,5
"17584",5,22,"conf_358",2500,131,2.2179146294,3,5
"17585",5,22,"conf_358",5000,131,0.0889925433,3,5
"17586",5,22,"conf_358",7500,131,0.0158750729,3,5
"17587",5,22,"conf_358",250,132,16.7918013333,3,5
"17588",5,22,"conf_358",500,132,1.6848694164,3,5
"17589",5,22,"conf_358",1500,132,1.6848694164,3,5
"17590",5,22,"conf_358",2500,132,0.4987428889,3,5
"17591",5,22,"conf_358",5000,132,0.1129705456,3,5
"17592",5,22,"conf_358",7500,132,0.0551963542,3,5
"17593",5,22,"conf_358",250,133,5.2163048937,3,5
"17594",5,22,"conf_358",500,133,5.2163048937,3,5
"17595",5,22,"conf_358",1500,133,2.5369355197,3,5
"17596",5,22,"conf_358",2500,133,1.908860027,3,5
"17597",5,22,"conf_358",5000,133,0.3183480246,3,5
"17598",5,22,"conf_358",7500,133,0.0008339515,3,5
"17599",5,22,"conf_358",250,134,8.1930850969,3,5
"17600",5,22,"conf_358",500,134,1.9925385609,3,5
"17601",5,22,"conf_358",1500,134,0.5278571257,3,5
"17602",5,22,"conf_358",2500,134,0.5278571257,3,5
"17603",5,22,"conf_358",5000,134,0.0170823254,3,5
"17604",5,22,"conf_358",7500,134,0.0030375216,3,5
"17605",5,22,"conf_358",250,135,12.3174386523,3,5
"17606",5,22,"conf_358",500,135,7.3314144841,3,5
"17607",5,22,"conf_358",1500,135,1.1984512958,3,5
"17608",5,22,"conf_358",2500,135,0.7317695165,3,5
"17609",5,22,"conf_358",5000,135,0.6921802735,3,5
"17610",5,22,"conf_358",7500,135,0.6918586777,3,5
"17611",5,22,"conf_358",250,136,7.8456699709,3,5
"17612",5,22,"conf_358",500,136,7.7118155909,3,5
"17613",5,22,"conf_358",1500,136,0.5699498578,3,5
"17614",5,22,"conf_358",2500,136,0.5699498578,3,5
"17615",5,22,"conf_358",5000,136,0.1255928236,3,5
"17616",5,22,"conf_358",7500,136,0.1255928236,3,5
"17617",5,22,"conf_358",250,137,15.2694642155,3,5
"17618",5,22,"conf_358",500,137,2.2251674089,3,5
"17619",5,22,"conf_358",1500,137,1.1597286713,3,5
"17620",5,22,"conf_358",2500,137,0.7166249054,3,5
"17621",5,22,"conf_358",5000,137,0.692143761,3,5
"17622",5,22,"conf_358",7500,137,0.6918588008,3,5
"17623",5,22,"conf_358",250,138,15.7276822745,3,5
"17624",5,22,"conf_358",500,138,15.7276822745,3,5
"17625",5,22,"conf_358",1500,138,3.6286718306,3,5
"17626",5,22,"conf_358",2500,138,3.6286718306,3,5
"17627",5,22,"conf_358",5000,138,2.1380281034,3,5
"17628",5,22,"conf_358",7500,138,0.1727810871,3,5
"17629",5,22,"conf_358",250,139,5.1407297324,3,5
"17630",5,22,"conf_358",500,139,5.1407297324,3,5
"17631",5,22,"conf_358",1500,139,2.8876306308,3,5
"17632",5,22,"conf_358",2500,139,0.6566216418,3,5
"17633",5,22,"conf_358",5000,139,0.0724217513,3,5
"17634",5,22,"conf_358",7500,139,0.016573054,3,5
"17635",5,22,"conf_358",250,140,3.1383701884,3,5
"17636",5,22,"conf_358",500,140,3.1383701884,3,5
"17637",5,22,"conf_358",1500,140,1.9591409102,3,5
"17638",5,22,"conf_358",2500,140,1.8331206845,3,5
"17639",5,22,"conf_358",5000,140,0.7689532764,3,5
"17640",5,22,"conf_358",7500,140,0.6921288055,3,5
"17641",5,22,"conf_358",250,141,8.9676419232,3,5
"17642",5,22,"conf_358",500,141,8.9676419232,3,5
"17643",5,22,"conf_358",1500,141,7.9897386789,3,5
"17644",5,22,"conf_358",2500,141,3.8616236732,3,5
"17645",5,22,"conf_358",5000,141,3.0523783451,3,5
"17646",5,22,"conf_358",7500,141,2.135219207,3,5
"17647",5,22,"conf_358",250,142,8.2255086143,3,5
"17648",5,22,"conf_358",500,142,3.3370299322,3,5
"17649",5,22,"conf_358",1500,142,1.4161127283,3,5
"17650",5,22,"conf_358",2500,142,0.7795439718,3,5
"17651",5,22,"conf_358",5000,142,0.6925663613,3,5
"17652",5,22,"conf_358",7500,142,0.6918603381,3,5
"17653",5,22,"conf_358",250,143,1.4676245754,3,5
"17654",5,22,"conf_358",500,143,1.4676245754,3,5
"17655",5,22,"conf_358",1500,143,0.1429086004,3,5
"17656",5,22,"conf_358",2500,143,0.035744751,3,5
"17657",5,22,"conf_358",5000,143,0.0061501246,3,5
"17658",5,22,"conf_358",7500,143,0.0036350005,3,5
"17659",5,22,"conf_358",250,144,8.1716061057,3,5
"17660",5,22,"conf_358",500,144,8.1716061057,3,5
"17661",5,22,"conf_358",1500,144,1.5887000171,3,5
"17662",5,22,"conf_358",2500,144,0.9610117898,3,5
"17663",5,22,"conf_358",5000,144,0.696427961,3,5
"17664",5,22,"conf_358",7500,144,0.6918962687,3,5
"17665",5,22,"conf_358",250,145,8.1948317026,3,5
"17666",5,22,"conf_358",500,145,8.1948317026,3,5
"17667",5,22,"conf_358",1500,145,2.9217774214,3,5
"17668",5,22,"conf_358",2500,145,2.9217774214,3,5
"17669",5,22,"conf_358",5000,145,0.0008882829,3,5
"17670",5,22,"conf_358",7500,145,0.0002198738,3,5
"17671",5,22,"conf_358",250,146,11.3339685939,3,5
"17672",5,22,"conf_358",500,146,4.7279101784,3,5
"17673",5,22,"conf_358",1500,146,2.813194399,3,5
"17674",5,22,"conf_358",2500,146,1.739091368,3,5
"17675",5,22,"conf_358",5000,146,0.0255885151,3,5
"17676",5,22,"conf_358",7500,146,0.021918396,3,5
"17677",5,22,"conf_358",250,147,21.2331232903,3,5
"17678",5,22,"conf_358",500,147,7.5201742854,3,5
"17679",5,22,"conf_358",1500,147,3.7922675133,3,5
"17680",5,22,"conf_358",2500,147,3.7922675133,3,5
"17681",5,22,"conf_358",5000,147,3.0187730362,3,5
"17682",5,22,"conf_358",7500,147,2.9373986872,3,5
"17683",5,22,"conf_358",250,148,17.1234573536,3,5
"17684",5,22,"conf_358",500,148,1.567921112,3,5
"17685",5,22,"conf_358",1500,148,1.0491547315,3,5
"17686",5,22,"conf_358",2500,148,0.8008531213,3,5
"17687",5,22,"conf_358",5000,148,0.6927438954,3,5
"17688",5,22,"conf_358",7500,148,0.6918590984,3,5
"17689",5,22,"conf_358",250,149,11.5123388259,3,5
"17690",5,22,"conf_358",500,149,11.5123388259,3,5
"17691",5,22,"conf_358",1500,149,7.5221910824,3,5
"17692",5,22,"conf_358",2500,149,1.9826382558,3,5
"17693",5,22,"conf_358",5000,149,0.0039447237,3,5
"17694",5,22,"conf_358",7500,149,0.0039447237,3,5
"17695",5,22,"conf_358",250,150,20.5593690373,3,5
"17696",5,22,"conf_358",500,150,19.4274853241,3,5
"17697",5,22,"conf_358",1500,150,1.968029348,3,5
"17698",5,22,"conf_358",2500,150,0.4268378987,3,5
"17699",5,22,"conf_358",5000,150,0.0877614347,3,5
"17700",5,22,"conf_358",7500,150,0.0008458558,3,5
"17701",5,22,"conf_358",250,151,11.0393423398,4,5
"17702",5,22,"conf_358",500,151,8.6942858217,4,5
"17703",5,22,"conf_358",1500,151,5.2673632834,4,5
"17704",5,22,"conf_358",2500,151,1.8715388496,4,5
"17705",5,22,"conf_358",5000,151,0.7394944891,4,5
"17706",5,22,"conf_358",7500,151,0.6972514916,4,5
"17707",5,22,"conf_358",250,152,1.9773488817,4,5
"17708",5,22,"conf_358",500,152,1.502342664,4,5
"17709",5,22,"conf_358",1500,152,1.3665369147,4,5
"17710",5,22,"conf_358",2500,152,1.3665369147,4,5
"17711",5,22,"conf_358",5000,152,0.1268670292,4,5
"17712",5,22,"conf_358",7500,152,0.0645475105,4,5
"17713",5,22,"conf_358",250,153,12.3135264291,4,5
"17714",5,22,"conf_358",500,153,7.7609367763,4,5
"17715",5,22,"conf_358",1500,153,1.9923103212,4,5
"17716",5,22,"conf_358",2500,153,1.372934094,4,5
"17717",5,22,"conf_358",5000,153,0.7887555399,4,5
"17718",5,22,"conf_358",7500,153,0.6969055721,4,5
"17719",5,22,"conf_358",250,154,18.7019962272,4,5
"17720",5,22,"conf_358",500,154,10.2023270953,4,5
"17721",5,22,"conf_358",1500,154,7.9239790246,4,5
"17722",5,22,"conf_358",2500,154,7.9239790246,4,5
"17723",5,22,"conf_358",5000,154,2.2029503561,4,5
"17724",5,22,"conf_358",7500,154,1.2829244944,4,5
"17725",5,22,"conf_358",250,155,9.4594476003,4,5
"17726",5,22,"conf_358",500,155,9.4594476003,4,5
"17727",5,22,"conf_358",1500,155,3.1953604833,4,5
"17728",5,22,"conf_358",2500,155,1.9747483199,4,5
"17729",5,22,"conf_358",5000,155,0.5833360078,4,5
"17730",5,22,"conf_358",7500,155,0.1437428474,4,5
"17731",5,22,"conf_358",250,156,13.5723994412,4,5
"17732",5,22,"conf_358",500,156,13.5723994412,4,5
"17733",5,22,"conf_358",1500,156,2.1175479783,4,5
"17734",5,22,"conf_358",2500,156,1.0044016639,4,5
"17735",5,22,"conf_358",5000,156,0.0973629526,4,5
"17736",5,22,"conf_358",7500,156,0.0397451032,4,5
"17737",5,22,"conf_358",250,157,14.7099651189,4,5
"17738",5,22,"conf_358",500,157,1.5211144298,4,5
"17739",5,22,"conf_358",1500,157,1.5211144298,4,5
"17740",5,22,"conf_358",2500,157,1.4436457101,4,5
"17741",5,22,"conf_358",5000,157,0.8130160521,4,5
"17742",5,22,"conf_358",7500,157,0.6985655019,4,5
"17743",5,22,"conf_358",250,158,13.5480900726,4,5
"17744",5,22,"conf_358",500,158,6.5635180273,4,5
"17745",5,22,"conf_358",1500,158,2.706712388,4,5
"17746",5,22,"conf_358",2500,158,2.0812646566,4,5
"17747",5,22,"conf_358",5000,158,1.970572783,4,5
"17748",5,22,"conf_358",7500,158,1.9554659729,4,5
"17749",5,22,"conf_358",250,159,8.5677881895,4,5
"17750",5,22,"conf_358",500,159,7.1141426975,4,5
"17751",5,22,"conf_358",1500,159,5.8986729239,4,5
"17752",5,22,"conf_358",2500,159,3.2134425041,4,5
"17753",5,22,"conf_358",5000,159,1.9856329208,4,5
"17754",5,22,"conf_358",7500,159,1.9578629491,4,5
"17755",5,22,"conf_358",250,160,5.4882771096,4,5
"17756",5,22,"conf_358",500,160,5.4882771096,4,5
"17757",5,22,"conf_358",1500,160,2.4484826036,4,5
"17758",5,22,"conf_358",2500,160,1.9029637258,4,5
"17759",5,22,"conf_358",5000,160,0.0946777393,4,5
"17760",5,22,"conf_358",7500,160,0.0946777393,4,5
"17761",5,22,"conf_358",250,161,1.9881677614,4,5
"17762",5,22,"conf_358",500,161,1.9881677614,4,5
"17763",5,22,"conf_358",1500,161,1.7665853335,4,5
"17764",5,22,"conf_358",2500,161,0.8319631149,4,5
"17765",5,22,"conf_358",5000,161,0.6979166657,4,5
"17766",5,22,"conf_358",7500,161,0.691933053,4,5
"17767",5,22,"conf_358",250,162,13.8158074939,4,5
"17768",5,22,"conf_358",500,162,13.8158074939,4,5
"17769",5,22,"conf_358",1500,162,3.0396998443,4,5
"17770",5,22,"conf_358",2500,162,2.4792203666,4,5
"17771",5,22,"conf_358",5000,162,0.7656057004,4,5
"17772",5,22,"conf_358",7500,162,0.1635421246,4,5
"17773",5,22,"conf_358",250,163,13.8790883031,4,5
"17774",5,22,"conf_358",500,163,13.8790883031,4,5
"17775",5,22,"conf_358",1500,163,1.8709725871,4,5
"17776",5,22,"conf_358",2500,163,1.8576504201,4,5
"17777",5,22,"conf_358",5000,163,0.0741864222,4,5
"17778",5,22,"conf_358",7500,163,0.0389686958,4,5
"17779",5,22,"conf_358",250,164,18.8348779444,4,5
"17780",5,22,"conf_358",500,164,7.3489141947,4,5
"17781",5,22,"conf_358",1500,164,3.3242413651,4,5
"17782",5,22,"conf_358",2500,164,3.3242413651,4,5
"17783",5,22,"conf_358",5000,164,0.9676224037,4,5
"17784",5,22,"conf_358",7500,164,0.7135819434,4,5
"17785",5,22,"conf_358",250,165,21.5278298539,4,5
"17786",5,22,"conf_358",500,165,17.3714934015,4,5
"17787",5,22,"conf_358",1500,165,1.9787423031,4,5
"17788",5,22,"conf_358",2500,165,1.9161267821,4,5
"17789",5,22,"conf_358",5000,165,0.9022507463,4,5
"17790",5,22,"conf_358",7500,165,0.7000587715,4,5
"17791",5,22,"conf_358",250,166,9.5813406736,4,5
"17792",5,22,"conf_358",500,166,3.2216779236,4,5
"17793",5,22,"conf_358",1500,166,2.4989764725,4,5
"17794",5,22,"conf_358",2500,166,2.0335494118,4,5
"17795",5,22,"conf_358",5000,166,1.9948553046,4,5
"17796",5,22,"conf_358",7500,166,1.9648223042,4,5
"17797",5,22,"conf_358",250,167,19.1633774151,4,5
"17798",5,22,"conf_358",500,167,11.142523753,4,5
"17799",5,22,"conf_358",1500,167,2.5295066668,4,5
"17800",5,22,"conf_358",2500,167,1.642375473,4,5
"17801",5,22,"conf_358",5000,167,0.7356494917,4,5
"17802",5,22,"conf_358",7500,167,0.6926071594,4,5
"17803",5,22,"conf_358",250,168,5.096962418,4,5
"17804",5,22,"conf_358",500,168,5.096962418,4,5
"17805",5,22,"conf_358",1500,168,2.0100213324,4,5
"17806",5,22,"conf_358",2500,168,1.1695861138,4,5
"17807",5,22,"conf_358",5000,168,0.7316815654,4,5
"17808",5,22,"conf_358",7500,168,0.6939215426,4,5
"17809",5,22,"conf_358",250,169,6.8300498897,4,5
"17810",5,22,"conf_358",500,169,6.8300498897,4,5
"17811",5,22,"conf_358",1500,169,6.6006262359,4,5
"17812",5,22,"conf_358",2500,169,2.1121588751,4,5
"17813",5,22,"conf_358",5000,169,1.990253327,4,5
"17814",5,22,"conf_358",7500,169,1.956404274,4,5
"17815",5,22,"conf_358",250,170,12.7474887656,4,5
"17816",5,22,"conf_358",500,170,12.7474887656,4,5
"17817",5,22,"conf_358",1500,170,3.0549050464,4,5
"17818",5,22,"conf_358",2500,170,2.3619583907,4,5
"17819",5,22,"conf_358",5000,170,0.8574645979,4,5
"17820",5,22,"conf_358",7500,170,0.7266312366,4,5
"17821",5,22,"conf_358",250,171,7.8026275909,4,5
"17822",5,22,"conf_358",500,171,7.7957979325,4,5
"17823",5,22,"conf_358",1500,171,1.7549649195,4,5
"17824",5,22,"conf_358",2500,171,1.7148033604,4,5
"17825",5,22,"conf_358",5000,171,0.7579680795,4,5
"17826",5,22,"conf_358",7500,171,0.6942777682,4,5
"17827",5,22,"conf_358",250,172,4.6378867294,4,5
"17828",5,22,"conf_358",500,172,4.6378867294,4,5
"17829",5,22,"conf_358",1500,172,4.4287864823,4,5
"17830",5,22,"conf_358",2500,172,3.1852124496,4,5
"17831",5,22,"conf_358",5000,172,1.97826633,4,5
"17832",5,22,"conf_358",7500,172,1.9575976559,4,5
"17833",5,22,"conf_358",250,173,1.7524211303,4,5
"17834",5,22,"conf_358",500,173,1.7524211303,4,5
"17835",5,22,"conf_358",1500,173,1.617165392,4,5
"17836",5,22,"conf_358",2500,173,1.617165392,4,5
"17837",5,22,"conf_358",5000,173,0.3879890705,4,5
"17838",5,22,"conf_358",7500,173,0.1563940242,4,5
"17839",5,22,"conf_358",250,174,10.0527062445,4,5
"17840",5,22,"conf_358",500,174,10.0527062445,4,5
"17841",5,22,"conf_358",1500,174,2.0169881955,4,5
"17842",5,22,"conf_358",2500,174,0.4596576375,4,5
"17843",5,22,"conf_358",5000,174,0.0718651257,4,5
"17844",5,22,"conf_358",7500,174,0.0111564197,4,5
"17845",5,22,"conf_358",250,175,8.611480505,4,5
"17846",5,22,"conf_358",500,175,8.611480505,4,5
"17847",5,22,"conf_358",1500,175,1.8177858379,4,5
"17848",5,22,"conf_358",2500,175,1.3053164126,4,5
"17849",5,22,"conf_358",5000,175,0.6956045708,4,5
"17850",5,22,"conf_358",7500,175,0.6918890583,4,5
"17851",5,22,"conf_358",250,176,10.3219261967,4,5
"17852",5,22,"conf_358",500,176,7.1067968882,4,5
"17853",5,22,"conf_358",1500,176,4.0742877735,4,5
"17854",5,22,"conf_358",2500,176,1.4585850416,4,5
"17855",5,22,"conf_358",5000,176,0.9538834465,4,5
"17856",5,22,"conf_358",7500,176,0.0033770257,4,5
"17857",5,22,"conf_358",250,177,10.4896069804,4,5
"17858",5,22,"conf_358",500,177,10.4896069804,4,5
"17859",5,22,"conf_358",1500,177,3.9742062879,4,5
"17860",5,22,"conf_358",2500,177,0.5312519618,4,5
"17861",5,22,"conf_358",5000,177,0.141125568,4,5
"17862",5,22,"conf_358",7500,177,0.0400709426,4,5
"17863",5,22,"conf_358",250,178,7.7049862589,4,5
"17864",5,22,"conf_358",500,178,7.7049862589,4,5
"17865",5,22,"conf_358",1500,178,0.6467326386,4,5
"17866",5,22,"conf_358",2500,178,0.6467326386,4,5
"17867",5,22,"conf_358",5000,178,0.6349136785,4,5
"17868",5,22,"conf_358",7500,178,0.0417569452,4,5
"17869",5,22,"conf_358",250,179,15.4774893507,4,5
"17870",5,22,"conf_358",500,179,3.4400972415,4,5
"17871",5,22,"conf_358",1500,179,2.2288405176,4,5
"17872",5,22,"conf_358",2500,179,1.585899554,4,5
"17873",5,22,"conf_358",5000,179,0.7138555593,4,5
"17874",5,22,"conf_358",7500,179,0.6920817877,4,5
"17875",5,22,"conf_358",250,180,0.9027962677,4,5
"17876",5,22,"conf_358",500,180,0.9027962677,4,5
"17877",5,22,"conf_358",1500,180,0.9027962677,4,5
"17878",5,22,"conf_358",2500,180,0.5397274223,4,5
"17879",5,22,"conf_358",5000,180,0.3372782854,4,5
"17880",5,22,"conf_358",7500,180,0.0439284191,4,5
"17881",5,22,"conf_358",250,181,18.7866485919,4,5
"17882",5,22,"conf_358",500,181,5.3268386591,4,5
"17883",5,22,"conf_358",1500,181,5.3268386591,4,5
"17884",5,22,"conf_358",2500,181,2.7253081155,4,5
"17885",5,22,"conf_358",5000,181,0.2913852313,4,5
"17886",5,22,"conf_358",7500,181,0.1057690971,4,5
"17887",5,22,"conf_358",250,182,14.3189909382,4,5
"17888",5,22,"conf_358",500,182,10.0412169461,4,5
"17889",5,22,"conf_358",1500,182,7.5190504883,4,5
"17890",5,22,"conf_358",2500,182,2.0211940476,4,5
"17891",5,22,"conf_358",5000,182,0.8591777612,4,5
"17892",5,22,"conf_358",7500,182,0.7017892796,4,5
"17893",5,22,"conf_358",250,183,12.1486648074,4,5
"17894",5,22,"conf_358",500,183,12.1486648074,4,5
"17895",5,22,"conf_358",1500,183,6.7925153282,4,5
"17896",5,22,"conf_358",2500,183,5.7087181788,4,5
"17897",5,22,"conf_358",5000,183,0.9652793167,4,5
"17898",5,22,"conf_358",7500,183,0.7438776518,4,5
"17899",5,22,"conf_358",250,184,11.9451573698,4,5
"17900",5,22,"conf_358",500,184,8.0942067019,4,5
"17901",5,22,"conf_358",1500,184,0.5070928695,4,5
"17902",5,22,"conf_358",2500,184,0.2148389106,4,5
"17903",5,22,"conf_358",5000,184,0.0902575069,4,5
"17904",5,22,"conf_358",7500,184,0.0073987855,4,5
"17905",5,22,"conf_358",250,185,11.7345090273,4,5
"17906",5,22,"conf_358",500,185,7.7844684279,4,5
"17907",5,22,"conf_358",1500,185,2.0472279813,4,5
"17908",5,22,"conf_358",2500,185,1.7734134277,4,5
"17909",5,22,"conf_358",5000,185,0.8383864077,4,5
"17910",5,22,"conf_358",7500,185,0.6981925026,4,5
"17911",5,22,"conf_358",250,186,3.69829154,4,5
"17912",5,22,"conf_358",500,186,3.69829154,4,5
"17913",5,22,"conf_358",1500,186,3.69829154,4,5
"17914",5,22,"conf_358",2500,186,0.5332194197,4,5
"17915",5,22,"conf_358",5000,186,0.1556547715,4,5
"17916",5,22,"conf_358",7500,186,0.1556547715,4,5
"17917",5,22,"conf_358",250,187,22.0824755845,4,5
"17918",5,22,"conf_358",500,187,13.6304042627,4,5
"17919",5,22,"conf_358",1500,187,1.9306628366,4,5
"17920",5,22,"conf_358",2500,187,0.8974230315,4,5
"17921",5,22,"conf_358",5000,187,0.7227256373,4,5
"17922",5,22,"conf_358",7500,187,0.6925799545,4,5
"17923",5,22,"conf_358",250,188,17.7622180218,4,5
"17924",5,22,"conf_358",500,188,7.6267176308,4,5
"17925",5,22,"conf_358",1500,188,7.6267176308,4,5
"17926",5,22,"conf_358",2500,188,2.1272764119,4,5
"17927",5,22,"conf_358",5000,188,1.9880932099,4,5
"17928",5,22,"conf_358",7500,188,1.9572323171,4,5
"17929",5,22,"conf_358",250,189,13.5987605696,4,5
"17930",5,22,"conf_358",500,189,11.6458845884,4,5
"17931",5,22,"conf_358",1500,189,0.528084915,4,5
"17932",5,22,"conf_358",2500,189,0.528084915,4,5
"17933",5,22,"conf_358",5000,189,0.0264949598,4,5
"17934",5,22,"conf_358",7500,189,0.0264949598,4,5
"17935",5,22,"conf_358",250,190,14.1809847945,4,5
"17936",5,22,"conf_358",500,190,14.1809847945,4,5
"17937",5,22,"conf_358",1500,190,7.9737660192,4,5
"17938",5,22,"conf_358",2500,190,2.8687154929,4,5
"17939",5,22,"conf_358",5000,190,1.4298720243,4,5
"17940",5,22,"conf_358",7500,190,0.017050289,4,5
"17941",5,22,"conf_358",250,191,10.2188814232,4,5
"17942",5,22,"conf_358",500,191,7.5953384222,4,5
"17943",5,22,"conf_358",1500,191,5.3996882308,4,5
"17944",5,22,"conf_358",2500,191,2.0308688431,4,5
"17945",5,22,"conf_358",5000,191,0.3777301067,4,5
"17946",5,22,"conf_358",7500,191,0.0150561454,4,5
"17947",5,22,"conf_358",250,192,22.3041860529,4,5
"17948",5,22,"conf_358",500,192,8.9425400075,4,5
"17949",5,22,"conf_358",1500,192,8.0066112242,4,5
"17950",5,22,"conf_358",2500,192,4.4294285364,4,5
"17951",5,22,"conf_358",5000,192,1.1848425641,4,5
"17952",5,22,"conf_358",7500,192,0.1546560032,4,5
"17953",5,22,"conf_358",250,193,8.7062298126,4,5
"17954",5,22,"conf_358",500,193,8.7062298126,4,5
"17955",5,22,"conf_358",1500,193,7.72749698,4,5
"17956",5,22,"conf_358",2500,193,2.0012816537,4,5
"17957",5,22,"conf_358",5000,193,0.7571578017,4,5
"17958",5,22,"conf_358",7500,193,0.4053744191,4,5
"17959",5,22,"conf_358",250,194,15.2670861541,4,5
"17960",5,22,"conf_358",500,194,10.122364787,4,5
"17961",5,22,"conf_358",1500,194,1.22964905,4,5
"17962",5,22,"conf_358",2500,194,1.1402687514,4,5
"17963",5,22,"conf_358",5000,194,0.7127449452,4,5
"17964",5,22,"conf_358",7500,194,0.6924074567,4,5
"17965",5,22,"conf_358",250,195,7.1400143721,4,5
"17966",5,22,"conf_358",500,195,7.1400143721,4,5
"17967",5,22,"conf_358",1500,195,2.3115138326,4,5
"17968",5,22,"conf_358",2500,195,1.5881023013,4,5
"17969",5,22,"conf_358",5000,195,0.7227514781,4,5
"17970",5,22,"conf_358",7500,195,0.6927226534,4,5
"17971",5,22,"conf_358",250,196,7.2911968185,4,5
"17972",5,22,"conf_358",500,196,5.1939288486,4,5
"17973",5,22,"conf_358",1500,196,2.0214535964,4,5
"17974",5,22,"conf_358",2500,196,0.1953309609,4,5
"17975",5,22,"conf_358",5000,196,0.1813734609,4,5
"17976",5,22,"conf_358",7500,196,0.0711747462,4,5
"17977",5,22,"conf_358",250,197,13.8647849077,4,5
"17978",5,22,"conf_358",500,197,1.3897721625,4,5
"17979",5,22,"conf_358",1500,197,1.3897721625,4,5
"17980",5,22,"conf_358",2500,197,0.3715951258,4,5
"17981",5,22,"conf_358",5000,197,0.1867449707,4,5
"17982",5,22,"conf_358",7500,197,0.0561723795,4,5
"17983",5,22,"conf_358",250,198,16.12261499,4,5
"17984",5,22,"conf_358",500,198,8.0687085474,4,5
"17985",5,22,"conf_358",1500,198,2.0744813749,4,5
"17986",5,22,"conf_358",2500,198,0.6263792465,4,5
"17987",5,22,"conf_358",5000,198,0.3186737828,4,5
"17988",5,22,"conf_358",7500,198,0.1820537352,4,5
"17989",5,22,"conf_358",250,199,9.2483530862,4,5
"17990",5,22,"conf_358",500,199,8.9940039948,4,5
"17991",5,22,"conf_358",1500,199,1.945390921,4,5
"17992",5,22,"conf_358",2500,199,0.8605413262,4,5
"17993",5,22,"conf_358",5000,199,0.5506699723,4,5
"17994",5,22,"conf_358",7500,199,0.0036170883,4,5
"17995",5,22,"conf_358",250,200,8.2473998214,4,5
"17996",5,22,"conf_358",500,200,8.2473998214,4,5
"17997",5,22,"conf_358",1500,200,2.101650479,4,5
"17998",5,22,"conf_358",2500,200,1.613616082,4,5
"17999",5,22,"conf_358",5000,200,0.2666904173,4,5
"18000",5,22,"conf_358",7500,200,0.06980161,4,5
"18001",5,23,"conf_358",250,1,3.6395816326,1,5
"18002",5,23,"conf_358",500,1,2.7010219808,1,5
"18003",5,23,"conf_358",1500,1,1.8018925048,1,5
"18004",5,23,"conf_358",2500,1,1.8018925048,1,5
"18005",5,23,"conf_358",5000,1,1.5979989264,1,5
"18006",5,23,"conf_358",7500,1,1.2318661155,1,5
"18007",5,23,"conf_358",250,2,3.0649980396,1,5
"18008",5,23,"conf_358",500,2,2.7825924231,1,5
"18009",5,23,"conf_358",1500,2,2.6664041529,1,5
"18010",5,23,"conf_358",2500,2,1.5330779092,1,5
"18011",5,23,"conf_358",5000,2,1.4250500258,1,5
"18012",5,23,"conf_358",7500,2,1.3554948564,1,5
"18013",5,23,"conf_358",250,3,1.9405427382,1,5
"18014",5,23,"conf_358",500,3,1.9405427382,1,5
"18015",5,23,"conf_358",1500,3,1.1471574427,1,5
"18016",5,23,"conf_358",2500,3,0.7012309614,1,5
"18017",5,23,"conf_358",5000,3,0.7012309614,1,5
"18018",5,23,"conf_358",7500,3,0.7012309614,1,5
"18019",5,23,"conf_358",250,4,2.3716858437,1,5
"18020",5,23,"conf_358",500,4,1.4647333662,1,5
"18021",5,23,"conf_358",1500,4,1.104477927,1,5
"18022",5,23,"conf_358",2500,4,1.104477927,1,5
"18023",5,23,"conf_358",5000,4,1.104477927,1,5
"18024",5,23,"conf_358",7500,4,1.104477927,1,5
"18025",5,23,"conf_358",250,5,2.9155747276,1,5
"18026",5,23,"conf_358",500,5,2.1635283524,1,5
"18027",5,23,"conf_358",1500,5,2.1091034106,1,5
"18028",5,23,"conf_358",2500,5,1.7771897263,1,5
"18029",5,23,"conf_358",5000,5,1.7771897263,1,5
"18030",5,23,"conf_358",7500,5,1.2639165584,1,5
"18031",5,23,"conf_358",250,6,0.7066356637,1,5
"18032",5,23,"conf_358",500,6,0.7066356637,1,5
"18033",5,23,"conf_358",1500,6,0.7066356637,1,5
"18034",5,23,"conf_358",2500,6,0.7066356637,1,5
"18035",5,23,"conf_358",5000,6,0.7066356637,1,5
"18036",5,23,"conf_358",7500,6,0.7066356637,1,5
"18037",5,23,"conf_358",250,7,3.5755167969,1,5
"18038",5,23,"conf_358",500,7,3.5755167969,1,5
"18039",5,23,"conf_358",1500,7,2.947225335,1,5
"18040",5,23,"conf_358",2500,7,1.6563674478,1,5
"18041",5,23,"conf_358",5000,7,1.5993377955,1,5
"18042",5,23,"conf_358",7500,7,1.5993377955,1,5
"18043",5,23,"conf_358",250,8,1.9607587462,1,5
"18044",5,23,"conf_358",500,8,1.9607587462,1,5
"18045",5,23,"conf_358",1500,8,1.9607587462,1,5
"18046",5,23,"conf_358",2500,8,1.6524724052,1,5
"18047",5,23,"conf_358",5000,8,1.6524724052,1,5
"18048",5,23,"conf_358",7500,8,1.5587741554,1,5
"18049",5,23,"conf_358",250,9,2.2351873217,1,5
"18050",5,23,"conf_358",500,9,2.2351873217,1,5
"18051",5,23,"conf_358",1500,9,2.0002938401,1,5
"18052",5,23,"conf_358",2500,9,1.509761046,1,5
"18053",5,23,"conf_358",5000,9,1.509761046,1,5
"18054",5,23,"conf_358",7500,9,1.509761046,1,5
"18055",5,23,"conf_358",250,10,3.7436877415,1,5
"18056",5,23,"conf_358",500,10,3.09723996,1,5
"18057",5,23,"conf_358",1500,10,1.9415133963,1,5
"18058",5,23,"conf_358",2500,10,1.9415133963,1,5
"18059",5,23,"conf_358",5000,10,1.9415133963,1,5
"18060",5,23,"conf_358",7500,10,1.3354341983,1,5
"18061",5,23,"conf_358",250,11,2.9899582964,1,5
"18062",5,23,"conf_358",500,11,2.9581324439,1,5
"18063",5,23,"conf_358",1500,11,1.7861975615,1,5
"18064",5,23,"conf_358",2500,11,1.4759193555,1,5
"18065",5,23,"conf_358",5000,11,1.4759193555,1,5
"18066",5,23,"conf_358",7500,11,1.4759193555,1,5
"18067",5,23,"conf_358",250,12,3.435428075,1,5
"18068",5,23,"conf_358",500,12,3.0952002333,1,5
"18069",5,23,"conf_358",1500,12,1.1712063559,1,5
"18070",5,23,"conf_358",2500,12,0.9988623991,1,5
"18071",5,23,"conf_358",5000,12,0.9988623991,1,5
"18072",5,23,"conf_358",7500,12,0.9988623991,1,5
"18073",5,23,"conf_358",250,13,2.0780269125,1,5
"18074",5,23,"conf_358",500,13,2.0780269125,1,5
"18075",5,23,"conf_358",1500,13,1.8836801987,1,5
"18076",5,23,"conf_358",2500,13,1.8836801987,1,5
"18077",5,23,"conf_358",5000,13,1.8836801987,1,5
"18078",5,23,"conf_358",7500,13,1.1350833071,1,5
"18079",5,23,"conf_358",250,14,2.7680846896,1,5
"18080",5,23,"conf_358",500,14,1.9391165051,1,5
"18081",5,23,"conf_358",1500,14,0.8991066462,1,5
"18082",5,23,"conf_358",2500,14,0.8991066462,1,5
"18083",5,23,"conf_358",5000,14,0.8991066462,1,5
"18084",5,23,"conf_358",7500,14,0.8991066462,1,5
"18085",5,23,"conf_358",250,15,2.1450601759,1,5
"18086",5,23,"conf_358",500,15,2.1450601759,1,5
"18087",5,23,"conf_358",1500,15,1.1848798094,1,5
"18088",5,23,"conf_358",2500,15,1.1848798094,1,5
"18089",5,23,"conf_358",5000,15,1.1848798094,1,5
"18090",5,23,"conf_358",7500,15,1.1848798094,1,5
"18091",5,23,"conf_358",250,16,1.6984026962,1,5
"18092",5,23,"conf_358",500,16,1.6199139586,1,5
"18093",5,23,"conf_358",1500,16,1.4937918205,1,5
"18094",5,23,"conf_358",2500,16,1.0705686405,1,5
"18095",5,23,"conf_358",5000,16,1.0705686405,1,5
"18096",5,23,"conf_358",7500,16,1.0705686405,1,5
"18097",5,23,"conf_358",250,17,2.7784043478,1,5
"18098",5,23,"conf_358",500,17,2.4174063272,1,5
"18099",5,23,"conf_358",1500,17,1.5467112206,1,5
"18100",5,23,"conf_358",2500,17,0.8972544148,1,5
"18101",5,23,"conf_358",5000,17,0.8972544148,1,5
"18102",5,23,"conf_358",7500,17,0.8972544148,1,5
"18103",5,23,"conf_358",250,18,1.0280264919,1,5
"18104",5,23,"conf_358",500,18,1.0280264919,1,5
"18105",5,23,"conf_358",1500,18,1.0280264919,1,5
"18106",5,23,"conf_358",2500,18,1.0280264919,1,5
"18107",5,23,"conf_358",5000,18,1.0280264919,1,5
"18108",5,23,"conf_358",7500,18,1.0280264919,1,5
"18109",5,23,"conf_358",250,19,4.2552898392,1,5
"18110",5,23,"conf_358",500,19,2.6065965557,1,5
"18111",5,23,"conf_358",1500,19,2.6065965557,1,5
"18112",5,23,"conf_358",2500,19,1.5717671037,1,5
"18113",5,23,"conf_358",5000,19,1.3850938556,1,5
"18114",5,23,"conf_358",7500,19,1.077813111,1,5
"18115",5,23,"conf_358",250,20,2.7009511398,1,5
"18116",5,23,"conf_358",500,20,2.5443707479,1,5
"18117",5,23,"conf_358",1500,20,1.9114032408,1,5
"18118",5,23,"conf_358",2500,20,1.0937000095,1,5
"18119",5,23,"conf_358",5000,20,1.0937000095,1,5
"18120",5,23,"conf_358",7500,20,1.0937000095,1,5
"18121",5,23,"conf_358",250,21,4.0238359415,1,5
"18122",5,23,"conf_358",500,21,3.2343204187,1,5
"18123",5,23,"conf_358",1500,21,1.959533927,1,5
"18124",5,23,"conf_358",2500,21,1.959533927,1,5
"18125",5,23,"conf_358",5000,21,1.9073330623,1,5
"18126",5,23,"conf_358",7500,21,1.5000407135,1,5
"18127",5,23,"conf_358",250,22,1.8009426083,1,5
"18128",5,23,"conf_358",500,22,1.8009426083,1,5
"18129",5,23,"conf_358",1500,22,1.8009426083,1,5
"18130",5,23,"conf_358",2500,22,1.8009426083,1,5
"18131",5,23,"conf_358",5000,22,1.2335016461,1,5
"18132",5,23,"conf_358",7500,22,1.1379879534,1,5
"18133",5,23,"conf_358",250,23,1.4123924866,1,5
"18134",5,23,"conf_358",500,23,1.4123924866,1,5
"18135",5,23,"conf_358",1500,23,1.4123924866,1,5
"18136",5,23,"conf_358",2500,23,1.4123924866,1,5
"18137",5,23,"conf_358",5000,23,1.4123924866,1,5
"18138",5,23,"conf_358",7500,23,1.2009416766,1,5
"18139",5,23,"conf_358",250,24,3.3096809448,1,5
"18140",5,23,"conf_358",500,24,1.6857149615,1,5
"18141",5,23,"conf_358",1500,24,1.675573117,1,5
"18142",5,23,"conf_358",2500,24,0.9074682614,1,5
"18143",5,23,"conf_358",5000,24,0.6709131262,1,5
"18144",5,23,"conf_358",7500,24,0.6709131262,1,5
"18145",5,23,"conf_358",250,25,3.1893099894,1,5
"18146",5,23,"conf_358",500,25,2.7512555365,1,5
"18147",5,23,"conf_358",1500,25,2.1177530079,1,5
"18148",5,23,"conf_358",2500,25,1.0656059881,1,5
"18149",5,23,"conf_358",5000,25,1.0656059881,1,5
"18150",5,23,"conf_358",7500,25,1.0656059881,1,5
"18151",5,23,"conf_358",250,26,1.9834531412,1,5
"18152",5,23,"conf_358",500,26,1.9834531412,1,5
"18153",5,23,"conf_358",1500,26,1.6159800094,1,5
"18154",5,23,"conf_358",2500,26,1.6159800094,1,5
"18155",5,23,"conf_358",5000,26,1.6159800094,1,5
"18156",5,23,"conf_358",7500,26,1.4267660701,1,5
"18157",5,23,"conf_358",250,27,3.8776267429,1,5
"18158",5,23,"conf_358",500,27,2.8541955789,1,5
"18159",5,23,"conf_358",1500,27,2.7515673474,1,5
"18160",5,23,"conf_358",2500,27,1.0773704656,1,5
"18161",5,23,"conf_358",5000,27,1.0773704656,1,5
"18162",5,23,"conf_358",7500,27,0.8287813745,1,5
"18163",5,23,"conf_358",250,28,3.5948749028,1,5
"18164",5,23,"conf_358",500,28,2.7325124325,1,5
"18165",5,23,"conf_358",1500,28,1.4855906876,1,5
"18166",5,23,"conf_358",2500,28,1.4855906876,1,5
"18167",5,23,"conf_358",5000,28,1.4855906876,1,5
"18168",5,23,"conf_358",7500,28,1.4855906876,1,5
"18169",5,23,"conf_358",250,29,2.2679636151,1,5
"18170",5,23,"conf_358",500,29,1.9902032385,1,5
"18171",5,23,"conf_358",1500,29,1.8180811311,1,5
"18172",5,23,"conf_358",2500,29,0.8533002858,1,5
"18173",5,23,"conf_358",5000,29,0.8533002858,1,5
"18174",5,23,"conf_358",7500,29,0.8533002858,1,5
"18175",5,23,"conf_358",250,30,2.2596483478,1,5
"18176",5,23,"conf_358",500,30,2.2596483478,1,5
"18177",5,23,"conf_358",1500,30,2.2596483478,1,5
"18178",5,23,"conf_358",2500,30,0.9355600688,1,5
"18179",5,23,"conf_358",5000,30,0.9355600688,1,5
"18180",5,23,"conf_358",7500,30,0.9355600688,1,5
"18181",5,23,"conf_358",250,31,4.0335420245,1,5
"18182",5,23,"conf_358",500,31,3.7938241228,1,5
"18183",5,23,"conf_358",1500,31,1.0688921887,1,5
"18184",5,23,"conf_358",2500,31,1.0688921887,1,5
"18185",5,23,"conf_358",5000,31,1.0688921887,1,5
"18186",5,23,"conf_358",7500,31,1.0688921887,1,5
"18187",5,23,"conf_358",250,32,1.7864675053,1,5
"18188",5,23,"conf_358",500,32,1.7864675053,1,5
"18189",5,23,"conf_358",1500,32,1.7864675053,1,5
"18190",5,23,"conf_358",2500,32,1.7864675053,1,5
"18191",5,23,"conf_358",5000,32,1.242112824,1,5
"18192",5,23,"conf_358",7500,32,1.242112824,1,5
"18193",5,23,"conf_358",250,33,2.5379093302,1,5
"18194",5,23,"conf_358",500,33,2.2658075132,1,5
"18195",5,23,"conf_358",1500,33,2.2658075132,1,5
"18196",5,23,"conf_358",2500,33,2.2352722194,1,5
"18197",5,23,"conf_358",5000,33,1.3669608087,1,5
"18198",5,23,"conf_358",7500,33,1.1504400236,1,5
"18199",5,23,"conf_358",250,34,2.2628489213,1,5
"18200",5,23,"conf_358",500,34,2.2628489213,1,5
"18201",5,23,"conf_358",1500,34,1.7850859955,1,5
"18202",5,23,"conf_358",2500,34,1.7850859955,1,5
"18203",5,23,"conf_358",5000,34,1.7850859955,1,5
"18204",5,23,"conf_358",7500,34,1.6972084236,1,5
"18205",5,23,"conf_358",250,35,1.47103849,1,5
"18206",5,23,"conf_358",500,35,1.47103849,1,5
"18207",5,23,"conf_358",1500,35,1.47103849,1,5
"18208",5,23,"conf_358",2500,35,1.47103849,1,5
"18209",5,23,"conf_358",5000,35,1.2091802398,1,5
"18210",5,23,"conf_358",7500,35,1.2091802398,1,5
"18211",5,23,"conf_358",250,36,2.547814743,1,5
"18212",5,23,"conf_358",500,36,2.547814743,1,5
"18213",5,23,"conf_358",1500,36,2.0457475335,1,5
"18214",5,23,"conf_358",2500,36,1.2298131757,1,5
"18215",5,23,"conf_358",5000,36,1.2298131757,1,5
"18216",5,23,"conf_358",7500,36,1.2298131757,1,5
"18217",5,23,"conf_358",250,37,0.6426998711,1,5
"18218",5,23,"conf_358",500,37,0.6426998711,1,5
"18219",5,23,"conf_358",1500,37,0.6426998711,1,5
"18220",5,23,"conf_358",2500,37,0.6426998711,1,5
"18221",5,23,"conf_358",5000,37,0.6426998711,1,5
"18222",5,23,"conf_358",7500,37,0.6426998711,1,5
"18223",5,23,"conf_358",250,38,2.1747084233,1,5
"18224",5,23,"conf_358",500,38,1.9200920982,1,5
"18225",5,23,"conf_358",1500,38,1.9200920982,1,5
"18226",5,23,"conf_358",2500,38,1.9200920982,1,5
"18227",5,23,"conf_358",5000,38,1.9200920982,1,5
"18228",5,23,"conf_358",7500,38,1.1795214954,1,5
"18229",5,23,"conf_358",250,39,3.4485932225,1,5
"18230",5,23,"conf_358",500,39,1.9161448688,1,5
"18231",5,23,"conf_358",1500,39,1.9161448688,1,5
"18232",5,23,"conf_358",2500,39,1.8492485176,1,5
"18233",5,23,"conf_358",5000,39,1.8492485176,1,5
"18234",5,23,"conf_358",7500,39,1.5900073822,1,5
"18235",5,23,"conf_358",250,40,3.7981669287,1,5
"18236",5,23,"conf_358",500,40,3.7732897603,1,5
"18237",5,23,"conf_358",1500,40,1.5336999822,1,5
"18238",5,23,"conf_358",2500,40,1.5336999822,1,5
"18239",5,23,"conf_358",5000,40,1.5336999822,1,5
"18240",5,23,"conf_358",7500,40,1.5336999822,1,5
"18241",5,23,"conf_358",250,41,3.1396708989,1,5
"18242",5,23,"conf_358",500,41,2.7858619024,1,5
"18243",5,23,"conf_358",1500,41,1.3594544949,1,5
"18244",5,23,"conf_358",2500,41,1.3594544949,1,5
"18245",5,23,"conf_358",5000,41,0.9734866599,1,5
"18246",5,23,"conf_358",7500,41,0.8164026503,1,5
"18247",5,23,"conf_358",250,42,2.7808060222,1,5
"18248",5,23,"conf_358",500,42,2.7808060222,1,5
"18249",5,23,"conf_358",1500,42,2.1902705961,1,5
"18250",5,23,"conf_358",2500,42,2.0636663805,1,5
"18251",5,23,"conf_358",5000,42,1.0070383314,1,5
"18252",5,23,"conf_358",7500,42,1.0070383314,1,5
"18253",5,23,"conf_358",250,43,3.7583611559,1,5
"18254",5,23,"conf_358",500,43,1.7346269552,1,5
"18255",5,23,"conf_358",1500,43,1.1382838348,1,5
"18256",5,23,"conf_358",2500,43,1.1382838348,1,5
"18257",5,23,"conf_358",5000,43,1.1382838348,1,5
"18258",5,23,"conf_358",7500,43,0.9476481835,1,5
"18259",5,23,"conf_358",250,44,3.7612442569,1,5
"18260",5,23,"conf_358",500,44,2.0099546095,1,5
"18261",5,23,"conf_358",1500,44,1.1725976259,1,5
"18262",5,23,"conf_358",2500,44,1.1725976259,1,5
"18263",5,23,"conf_358",5000,44,1.1725976259,1,5
"18264",5,23,"conf_358",7500,44,1.1725976259,1,5
"18265",5,23,"conf_358",250,45,4.3444328173,1,5
"18266",5,23,"conf_358",500,45,3.2312494708,1,5
"18267",5,23,"conf_358",1500,45,2.7277790452,1,5
"18268",5,23,"conf_358",2500,45,1.6305692036,1,5
"18269",5,23,"conf_358",5000,45,1.6305692036,1,5
"18270",5,23,"conf_358",7500,45,1.4879385635,1,5
"18271",5,23,"conf_358",250,46,1.6393257456,1,5
"18272",5,23,"conf_358",500,46,1.6393257456,1,5
"18273",5,23,"conf_358",1500,46,1.6393257456,1,5
"18274",5,23,"conf_358",2500,46,1.6393257456,1,5
"18275",5,23,"conf_358",5000,46,1.1723024102,1,5
"18276",5,23,"conf_358",7500,46,1.1723024102,1,5
"18277",5,23,"conf_358",250,47,2.9372302865,1,5
"18278",5,23,"conf_358",500,47,2.9372302865,1,5
"18279",5,23,"conf_358",1500,47,2.1199421395,1,5
"18280",5,23,"conf_358",2500,47,0.7161036958,1,5
"18281",5,23,"conf_358",5000,47,0.7161036958,1,5
"18282",5,23,"conf_358",7500,47,0.7161036958,1,5
"18283",5,23,"conf_358",250,48,1.9840049545,1,5
"18284",5,23,"conf_358",500,48,1.9840049545,1,5
"18285",5,23,"conf_358",1500,48,1.7701733847,1,5
"18286",5,23,"conf_358",2500,48,1.6382428102,1,5
"18287",5,23,"conf_358",5000,48,1.6382428102,1,5
"18288",5,23,"conf_358",7500,48,1.2173509709,1,5
"18289",5,23,"conf_358",250,49,2.8259313593,1,5
"18290",5,23,"conf_358",500,49,2.8259313593,1,5
"18291",5,23,"conf_358",1500,49,1.8861905967,1,5
"18292",5,23,"conf_358",2500,49,1.7789273869,1,5
"18293",5,23,"conf_358",5000,49,1.6274048432,1,5
"18294",5,23,"conf_358",7500,49,1.2924141462,1,5
"18295",5,23,"conf_358",250,50,3.0654863163,1,5
"18296",5,23,"conf_358",500,50,3.0654863163,1,5
"18297",5,23,"conf_358",1500,50,1.5957620982,1,5
"18298",5,23,"conf_358",2500,50,1.5957620982,1,5
"18299",5,23,"conf_358",5000,50,1.5957620982,1,5
"18300",5,23,"conf_358",7500,50,1.5957620982,1,5
"18301",5,23,"conf_358",250,51,1.8850501581,2,5
"18302",5,23,"conf_358",500,51,1.8850501581,2,5
"18303",5,23,"conf_358",1500,51,1.482300301,2,5
"18304",5,23,"conf_358",2500,51,1.482300301,2,5
"18305",5,23,"conf_358",5000,51,1.482300301,2,5
"18306",5,23,"conf_358",7500,51,1.482300301,2,5
"18307",5,23,"conf_358",250,52,1.1372046016,2,5
"18308",5,23,"conf_358",500,52,1.1372046016,2,5
"18309",5,23,"conf_358",1500,52,1.1372046016,2,5
"18310",5,23,"conf_358",2500,52,1.1372046016,2,5
"18311",5,23,"conf_358",5000,52,1.1372046016,2,5
"18312",5,23,"conf_358",7500,52,1.1372046016,2,5
"18313",5,23,"conf_358",250,53,2.3219710598,2,5
"18314",5,23,"conf_358",500,53,2.3219710598,2,5
"18315",5,23,"conf_358",1500,53,1.778935454,2,5
"18316",5,23,"conf_358",2500,53,1.778935454,2,5
"18317",5,23,"conf_358",5000,53,1.5348120825,2,5
"18318",5,23,"conf_358",7500,53,1.3069707572,2,5
"18319",5,23,"conf_358",250,54,2.0452331205,2,5
"18320",5,23,"conf_358",500,54,2.0452331205,2,5
"18321",5,23,"conf_358",1500,54,1.1453930997,2,5
"18322",5,23,"conf_358",2500,54,1.1453930997,2,5
"18323",5,23,"conf_358",5000,54,1.1453930997,2,5
"18324",5,23,"conf_358",7500,54,1.1453930997,2,5
"18325",5,23,"conf_358",250,55,2.3352553957,2,5
"18326",5,23,"conf_358",500,55,2.2610885663,2,5
"18327",5,23,"conf_358",1500,55,1.7171141635,2,5
"18328",5,23,"conf_358",2500,55,1.7171141635,2,5
"18329",5,23,"conf_358",5000,55,0.9183092463,2,5
"18330",5,23,"conf_358",7500,55,0.9183092463,2,5
"18331",5,23,"conf_358",250,56,1.9088468663,2,5
"18332",5,23,"conf_358",500,56,1.9088468663,2,5
"18333",5,23,"conf_358",1500,56,1.9088468663,2,5
"18334",5,23,"conf_358",2500,56,1.9088468663,2,5
"18335",5,23,"conf_358",5000,56,1.7471862328,2,5
"18336",5,23,"conf_358",7500,56,1.590259044,2,5
"18337",5,23,"conf_358",250,57,4.0072720854,2,5
"18338",5,23,"conf_358",500,57,2.1153724773,2,5
"18339",5,23,"conf_358",1500,57,1.3699656296,2,5
"18340",5,23,"conf_358",2500,57,1.2390626755,2,5
"18341",5,23,"conf_358",5000,57,1.2390626755,2,5
"18342",5,23,"conf_358",7500,57,1.2390626755,2,5
"18343",5,23,"conf_358",250,58,2.598209058,2,5
"18344",5,23,"conf_358",500,58,2.5829815541,2,5
"18345",5,23,"conf_358",1500,58,2.5829815541,2,5
"18346",5,23,"conf_358",2500,58,0.7097091986,2,5
"18347",5,23,"conf_358",5000,58,0.7097091986,2,5
"18348",5,23,"conf_358",7500,58,0.7097091986,2,5
"18349",5,23,"conf_358",250,59,2.9433276849,2,5
"18350",5,23,"conf_358",500,59,1.779464402,2,5
"18351",5,23,"conf_358",1500,59,1.5444552541,2,5
"18352",5,23,"conf_358",2500,59,1.5444552541,2,5
"18353",5,23,"conf_358",5000,59,1.438400406,2,5
"18354",5,23,"conf_358",7500,59,1.438400406,2,5
"18355",5,23,"conf_358",250,60,3.5264879297,2,5
"18356",5,23,"conf_358",500,60,2.4369935259,2,5
"18357",5,23,"conf_358",1500,60,1.6962098671,2,5
"18358",5,23,"conf_358",2500,60,1.6962098671,2,5
"18359",5,23,"conf_358",5000,60,1.6962098671,2,5
"18360",5,23,"conf_358",7500,60,1.6962098671,2,5
"18361",5,23,"conf_358",250,61,2.0895238223,2,5
"18362",5,23,"conf_358",500,61,2.0895238223,2,5
"18363",5,23,"conf_358",1500,61,2.0895238223,2,5
"18364",5,23,"conf_358",2500,61,2.0895238223,2,5
"18365",5,23,"conf_358",5000,61,1.714229617,2,5
"18366",5,23,"conf_358",7500,61,1.4227475492,2,5
"18367",5,23,"conf_358",250,62,1.4502625154,2,5
"18368",5,23,"conf_358",500,62,1.4502625154,2,5
"18369",5,23,"conf_358",1500,62,1.4502625154,2,5
"18370",5,23,"conf_358",2500,62,1.4502625154,2,5
"18371",5,23,"conf_358",5000,62,1.4502625154,2,5
"18372",5,23,"conf_358",7500,62,1.073167365,2,5
"18373",5,23,"conf_358",250,63,2.5662660834,2,5
"18374",5,23,"conf_358",500,63,1.4702171052,2,5
"18375",5,23,"conf_358",1500,63,1.4702171052,2,5
"18376",5,23,"conf_358",2500,63,1.4702171052,2,5
"18377",5,23,"conf_358",5000,63,0.9860406602,2,5
"18378",5,23,"conf_358",7500,63,0.9860406602,2,5
"18379",5,23,"conf_358",250,64,1.8576359471,2,5
"18380",5,23,"conf_358",500,64,1.8576359471,2,5
"18381",5,23,"conf_358",1500,64,1.8576359471,2,5
"18382",5,23,"conf_358",2500,64,1.8576359471,2,5
"18383",5,23,"conf_358",5000,64,0.7704092449,2,5
"18384",5,23,"conf_358",7500,64,0.7704092449,2,5
"18385",5,23,"conf_358",250,65,3.3110446066,2,5
"18386",5,23,"conf_358",500,65,2.4478132851,2,5
"18387",5,23,"conf_358",1500,65,1.8024432925,2,5
"18388",5,23,"conf_358",2500,65,1.8024432925,2,5
"18389",5,23,"conf_358",5000,65,1.8024432925,2,5
"18390",5,23,"conf_358",7500,65,1.3524462167,2,5
"18391",5,23,"conf_358",250,66,1.2839247916,2,5
"18392",5,23,"conf_358",500,66,1.2839247916,2,5
"18393",5,23,"conf_358",1500,66,1.2839247916,2,5
"18394",5,23,"conf_358",2500,66,1.2839247916,2,5
"18395",5,23,"conf_358",5000,66,1.2839247916,2,5
"18396",5,23,"conf_358",7500,66,1.2243562662,2,5
"18397",5,23,"conf_358",250,67,4.704238599,2,5
"18398",5,23,"conf_358",500,67,2.1491573256,2,5
"18399",5,23,"conf_358",1500,67,0.8390703922,2,5
"18400",5,23,"conf_358",2500,67,0.8390703922,2,5
"18401",5,23,"conf_358",5000,67,0.8390703922,2,5
"18402",5,23,"conf_358",7500,67,0.8390703922,2,5
"18403",5,23,"conf_358",250,68,4.0542379423,2,5
"18404",5,23,"conf_358",500,68,2.4385854538,2,5
"18405",5,23,"conf_358",1500,68,2.1516512196,2,5
"18406",5,23,"conf_358",2500,68,0.8991156014,2,5
"18407",5,23,"conf_358",5000,68,0.8899180549,2,5
"18408",5,23,"conf_358",7500,68,0.8899180549,2,5
"18409",5,23,"conf_358",250,69,5.1337394669,2,5
"18410",5,23,"conf_358",500,69,3.4368076202,2,5
"18411",5,23,"conf_358",1500,69,1.7476747529,2,5
"18412",5,23,"conf_358",2500,69,1.2876931727,2,5
"18413",5,23,"conf_358",5000,69,1.2876931727,2,5
"18414",5,23,"conf_358",7500,69,0.9518423608,2,5
"18415",5,23,"conf_358",250,70,1.1859206074,2,5
"18416",5,23,"conf_358",500,70,1.1859206074,2,5
"18417",5,23,"conf_358",1500,70,1.1859206074,2,5
"18418",5,23,"conf_358",2500,70,1.1859206074,2,5
"18419",5,23,"conf_358",5000,70,1.1859206074,2,5
"18420",5,23,"conf_358",7500,70,1.1859206074,2,5
"18421",5,23,"conf_358",250,71,2.6936235614,2,5
"18422",5,23,"conf_358",500,71,2.6936235614,2,5
"18423",5,23,"conf_358",1500,71,2.0068860902,2,5
"18424",5,23,"conf_358",2500,71,2.0068860902,2,5
"18425",5,23,"conf_358",5000,71,1.7473314169,2,5
"18426",5,23,"conf_358",7500,71,1.1520490815,2,5
"18427",5,23,"conf_358",250,72,2.1363120452,2,5
"18428",5,23,"conf_358",500,72,2.1363120452,2,5
"18429",5,23,"conf_358",1500,72,1.864404608,2,5
"18430",5,23,"conf_358",2500,72,1.5355588868,2,5
"18431",5,23,"conf_358",5000,72,1.5355588868,2,5
"18432",5,23,"conf_358",7500,72,1.5355588868,2,5
"18433",5,23,"conf_358",250,73,1.8618433264,2,5
"18434",5,23,"conf_358",500,73,1.2323497356,2,5
"18435",5,23,"conf_358",1500,73,1.2323497356,2,5
"18436",5,23,"conf_358",2500,73,1.2323497356,2,5
"18437",5,23,"conf_358",5000,73,1.2323497356,2,5
"18438",5,23,"conf_358",7500,73,1.2323497356,2,5
"18439",5,23,"conf_358",250,74,3.7062677119,2,5
"18440",5,23,"conf_358",500,74,3.2198736282,2,5
"18441",5,23,"conf_358",1500,74,1.8134340412,2,5
"18442",5,23,"conf_358",2500,74,1.8134340412,2,5
"18443",5,23,"conf_358",5000,74,1.8134340412,2,5
"18444",5,23,"conf_358",7500,74,1.5489070161,2,5
"18445",5,23,"conf_358",250,75,1.3496994211,2,5
"18446",5,23,"conf_358",500,75,1.3496994211,2,5
"18447",5,23,"conf_358",1500,75,1.3496994211,2,5
"18448",5,23,"conf_358",2500,75,0.9346386698,2,5
"18449",5,23,"conf_358",5000,75,0.9346386698,2,5
"18450",5,23,"conf_358",7500,75,0.9346386698,2,5
"18451",5,23,"conf_358",250,76,1.6821322242,2,5
"18452",5,23,"conf_358",500,76,1.2323040307,2,5
"18453",5,23,"conf_358",1500,76,1.2323040307,2,5
"18454",5,23,"conf_358",2500,76,0.7787524168,2,5
"18455",5,23,"conf_358",5000,76,0.7787524168,2,5
"18456",5,23,"conf_358",7500,76,0.7787524168,2,5
"18457",5,23,"conf_358",250,77,2.6016269711,2,5
"18458",5,23,"conf_358",500,77,2.190098604,2,5
"18459",5,23,"conf_358",1500,77,1.4782948136,2,5
"18460",5,23,"conf_358",2500,77,0.7859560122,2,5
"18461",5,23,"conf_358",5000,77,0.7859560122,2,5
"18462",5,23,"conf_358",7500,77,0.7859560122,2,5
"18463",5,23,"conf_358",250,78,1.8775438951,2,5
"18464",5,23,"conf_358",500,78,1.8775438951,2,5
"18465",5,23,"conf_358",1500,78,1.8775438951,2,5
"18466",5,23,"conf_358",2500,78,1.8775438951,2,5
"18467",5,23,"conf_358",5000,78,1.698596305,2,5
"18468",5,23,"conf_358",7500,78,1.698596305,2,5
"18469",5,23,"conf_358",250,79,1.7501465004,2,5
"18470",5,23,"conf_358",500,79,1.7286453763,2,5
"18471",5,23,"conf_358",1500,79,1.1854978346,2,5
"18472",5,23,"conf_358",2500,79,1.1854978346,2,5
"18473",5,23,"conf_358",5000,79,1.0048923095,2,5
"18474",5,23,"conf_358",7500,79,1.0048923095,2,5
"18475",5,23,"conf_358",250,80,3.7756744145,2,5
"18476",5,23,"conf_358",500,80,2.7625187131,2,5
"18477",5,23,"conf_358",1500,80,0.8569417789,2,5
"18478",5,23,"conf_358",2500,80,0.8569417789,2,5
"18479",5,23,"conf_358",5000,80,0.8569417789,2,5
"18480",5,23,"conf_358",7500,80,0.8569417789,2,5
"18481",5,23,"conf_358",250,81,2.5781925112,2,5
"18482",5,23,"conf_358",500,81,2.3274980286,2,5
"18483",5,23,"conf_358",1500,81,1.8760805242,2,5
"18484",5,23,"conf_358",2500,81,1.8760805242,2,5
"18485",5,23,"conf_358",5000,81,1.8760805242,2,5
"18486",5,23,"conf_358",7500,81,1.353005075,2,5
"18487",5,23,"conf_358",250,82,2.3259886597,2,5
"18488",5,23,"conf_358",500,82,2.3259886597,2,5
"18489",5,23,"conf_358",1500,82,2.3259886597,2,5
"18490",5,23,"conf_358",2500,82,2.0672238447,2,5
"18491",5,23,"conf_358",5000,82,1.4513934617,2,5
"18492",5,23,"conf_358",7500,82,1.4513934617,2,5
"18493",5,23,"conf_358",250,83,2.563349225,2,5
"18494",5,23,"conf_358",500,83,2.563349225,2,5
"18495",5,23,"conf_358",1500,83,2.563349225,2,5
"18496",5,23,"conf_358",2500,83,2.3613493045,2,5
"18497",5,23,"conf_358",5000,83,1.5684350915,2,5
"18498",5,23,"conf_358",7500,83,1.0676176823,2,5
"18499",5,23,"conf_358",250,84,2.0685544109,2,5
"18500",5,23,"conf_358",500,84,2.0685544109,2,5
"18501",5,23,"conf_358",1500,84,1.4272342966,2,5
"18502",5,23,"conf_358",2500,84,1.4272342966,2,5
"18503",5,23,"conf_358",5000,84,1.3185697127,2,5
"18504",5,23,"conf_358",7500,84,0.5338605142,2,5
"18505",5,23,"conf_358",250,85,2.6004922768,2,5
"18506",5,23,"conf_358",500,85,1.7820606656,2,5
"18507",5,23,"conf_358",1500,85,1.376503224,2,5
"18508",5,23,"conf_358",2500,85,1.376503224,2,5
"18509",5,23,"conf_358",5000,85,1.3216882563,2,5
"18510",5,23,"conf_358",7500,85,1.3216882563,2,5
"18511",5,23,"conf_358",250,86,3.248162837,2,5
"18512",5,23,"conf_358",500,86,3.0612164418,2,5
"18513",5,23,"conf_358",1500,86,1.2770989679,2,5
"18514",5,23,"conf_358",2500,86,1.2770989679,2,5
"18515",5,23,"conf_358",5000,86,1.2770989679,2,5
"18516",5,23,"conf_358",7500,86,1.2770989679,2,5
"18517",5,23,"conf_358",250,87,3.6523865374,2,5
"18518",5,23,"conf_358",500,87,1.2121119902,2,5
"18519",5,23,"conf_358",1500,87,1.2121119902,2,5
"18520",5,23,"conf_358",2500,87,1.2121119902,2,5
"18521",5,23,"conf_358",5000,87,1.2121119902,2,5
"18522",5,23,"conf_358",7500,87,1.2121119902,2,5
"18523",5,23,"conf_358",250,88,2.6492980849,2,5
"18524",5,23,"conf_358",500,88,0.7286729058,2,5
"18525",5,23,"conf_358",1500,88,0.7286729058,2,5
"18526",5,23,"conf_358",2500,88,0.7286729058,2,5
"18527",5,23,"conf_358",5000,88,0.7286729058,2,5
"18528",5,23,"conf_358",7500,88,0.7286729058,2,5
"18529",5,23,"conf_358",250,89,3.2168905656,2,5
"18530",5,23,"conf_358",500,89,1.5773564448,2,5
"18531",5,23,"conf_358",1500,89,1.5773564448,2,5
"18532",5,23,"conf_358",2500,89,1.5773564448,2,5
"18533",5,23,"conf_358",5000,89,0.8695958277,2,5
"18534",5,23,"conf_358",7500,89,0.8695958277,2,5
"18535",5,23,"conf_358",250,90,4.2006745456,2,5
"18536",5,23,"conf_358",500,90,3.8911252012,2,5
"18537",5,23,"conf_358",1500,90,2.1636382687,2,5
"18538",5,23,"conf_358",2500,90,2.1636382687,2,5
"18539",5,23,"conf_358",5000,90,1.3081010346,2,5
"18540",5,23,"conf_358",7500,90,1.3081010346,2,5
"18541",5,23,"conf_358",250,91,1.3427610207,2,5
"18542",5,23,"conf_358",500,91,1.3427610207,2,5
"18543",5,23,"conf_358",1500,91,0.9287681361,2,5
"18544",5,23,"conf_358",2500,91,0.9287681361,2,5
"18545",5,23,"conf_358",5000,91,0.9287681361,2,5
"18546",5,23,"conf_358",7500,91,0.9287681361,2,5
"18547",5,23,"conf_358",250,92,1.1052885714,2,5
"18548",5,23,"conf_358",500,92,1.1052885714,2,5
"18549",5,23,"conf_358",1500,92,1.1052885714,2,5
"18550",5,23,"conf_358",2500,92,1.1052885714,2,5
"18551",5,23,"conf_358",5000,92,1.1052885714,2,5
"18552",5,23,"conf_358",7500,92,1.1052885714,2,5
"18553",5,23,"conf_358",250,93,3.1446249622,2,5
"18554",5,23,"conf_358",500,93,2.4811935333,2,5
"18555",5,23,"conf_358",1500,93,1.601432766,2,5
"18556",5,23,"conf_358",2500,93,1.601432766,2,5
"18557",5,23,"conf_358",5000,93,0.6352913382,2,5
"18558",5,23,"conf_358",7500,93,0.6352913382,2,5
"18559",5,23,"conf_358",250,94,3.017753511,2,5
"18560",5,23,"conf_358",500,94,2.2505830107,2,5
"18561",5,23,"conf_358",1500,94,1.8393671228,2,5
"18562",5,23,"conf_358",2500,94,1.8393671228,2,5
"18563",5,23,"conf_358",5000,94,0.97840916,2,5
"18564",5,23,"conf_358",7500,94,0.97840916,2,5
"18565",5,23,"conf_358",250,95,3.4001501428,2,5
"18566",5,23,"conf_358",500,95,1.325790041,2,5
"18567",5,23,"conf_358",1500,95,1.325790041,2,5
"18568",5,23,"conf_358",2500,95,1.325790041,2,5
"18569",5,23,"conf_358",5000,95,1.325790041,2,5
"18570",5,23,"conf_358",7500,95,1.1708094253,2,5
"18571",5,23,"conf_358",250,96,3.6847736142,2,5
"18572",5,23,"conf_358",500,96,2.5165389587,2,5
"18573",5,23,"conf_358",1500,96,1.0729031386,2,5
"18574",5,23,"conf_358",2500,96,1.0729031386,2,5
"18575",5,23,"conf_358",5000,96,1.0729031386,2,5
"18576",5,23,"conf_358",7500,96,1.0729031386,2,5
"18577",5,23,"conf_358",250,97,3.1222972447,2,5
"18578",5,23,"conf_358",500,97,3.1222972447,2,5
"18579",5,23,"conf_358",1500,97,2.1333950864,2,5
"18580",5,23,"conf_358",2500,97,0.9365609761,2,5
"18581",5,23,"conf_358",5000,97,0.9365609761,2,5
"18582",5,23,"conf_358",7500,97,0.9365609761,2,5
"18583",5,23,"conf_358",250,98,3.5590412516,2,5
"18584",5,23,"conf_358",500,98,2.9863355036,2,5
"18585",5,23,"conf_358",1500,98,1.7187945726,2,5
"18586",5,23,"conf_358",2500,98,1.7187945726,2,5
"18587",5,23,"conf_358",5000,98,1.7187945726,2,5
"18588",5,23,"conf_358",7500,98,1.1019625926,2,5
"18589",5,23,"conf_358",250,99,3.6517347242,2,5
"18590",5,23,"conf_358",500,99,1.798229608,2,5
"18591",5,23,"conf_358",1500,99,1.6640920034,2,5
"18592",5,23,"conf_358",2500,99,1.5001012666,2,5
"18593",5,23,"conf_358",5000,99,1.5001012666,2,5
"18594",5,23,"conf_358",7500,99,0.9164795374,2,5
"18595",5,23,"conf_358",250,100,2.7849288965,2,5
"18596",5,23,"conf_358",500,100,1.5295326898,2,5
"18597",5,23,"conf_358",1500,100,1.5295326898,2,5
"18598",5,23,"conf_358",2500,100,1.5295326898,2,5
"18599",5,23,"conf_358",5000,100,1.5295326898,2,5
"18600",5,23,"conf_358",7500,100,0.7774415251,2,5
"18601",5,23,"conf_358",250,101,1.8166802134,3,5
"18602",5,23,"conf_358",500,101,1.8166802134,3,5
"18603",5,23,"conf_358",1500,101,1.0094614806,3,5
"18604",5,23,"conf_358",2500,101,1.0094614806,3,5
"18605",5,23,"conf_358",5000,101,1.0094614806,3,5
"18606",5,23,"conf_358",7500,101,1.0094614806,3,5
"18607",5,23,"conf_358",250,102,3.533466656,3,5
"18608",5,23,"conf_358",500,102,2.3536292738,3,5
"18609",5,23,"conf_358",1500,102,2.2390478952,3,5
"18610",5,23,"conf_358",2500,102,1.5559200581,3,5
"18611",5,23,"conf_358",5000,102,1.2833615453,3,5
"18612",5,23,"conf_358",7500,102,1.2833615453,3,5
"18613",5,23,"conf_358",250,103,3.0833201202,3,5
"18614",5,23,"conf_358",500,103,3.0833201202,3,5
"18615",5,23,"conf_358",1500,103,1.615923615,3,5
"18616",5,23,"conf_358",2500,103,1.615923615,3,5
"18617",5,23,"conf_358",5000,103,1.2219079507,3,5
"18618",5,23,"conf_358",7500,103,1.2219079507,3,5
"18619",5,23,"conf_358",250,104,2.9115623122,3,5
"18620",5,23,"conf_358",500,104,2.9115623122,3,5
"18621",5,23,"conf_358",1500,104,1.9682154641,3,5
"18622",5,23,"conf_358",2500,104,1.9682154641,3,5
"18623",5,23,"conf_358",5000,104,1.0942440974,3,5
"18624",5,23,"conf_358",7500,104,1.0942440974,3,5
"18625",5,23,"conf_358",250,105,2.2502056842,3,5
"18626",5,23,"conf_358",500,105,1.9401021403,3,5
"18627",5,23,"conf_358",1500,105,1.7733652793,3,5
"18628",5,23,"conf_358",2500,105,1.7733652793,3,5
"18629",5,23,"conf_358",5000,105,1.5992553082,3,5
"18630",5,23,"conf_358",7500,105,1.5992553082,3,5
"18631",5,23,"conf_358",250,106,3.7555757734,3,5
"18632",5,23,"conf_358",500,106,2.6720373585,3,5
"18633",5,23,"conf_358",1500,106,1.6335584128,3,5
"18634",5,23,"conf_358",2500,106,1.6335584128,3,5
"18635",5,23,"conf_358",5000,106,1.2641654871,3,5
"18636",5,23,"conf_358",7500,106,1.2641654871,3,5
"18637",5,23,"conf_358",250,107,2.6481345531,3,5
"18638",5,23,"conf_358",500,107,2.6481345531,3,5
"18639",5,23,"conf_358",1500,107,2.4952592428,3,5
"18640",5,23,"conf_358",2500,107,2.2384821242,3,5
"18641",5,23,"conf_358",5000,107,1.2722479122,3,5
"18642",5,23,"conf_358",7500,107,1.106441574,3,5
"18643",5,23,"conf_358",250,108,3.1093811503,3,5
"18644",5,23,"conf_358",500,108,2.6577745199,3,5
"18645",5,23,"conf_358",1500,108,2.4256657992,3,5
"18646",5,23,"conf_358",2500,108,2.3554740127,3,5
"18647",5,23,"conf_358",5000,108,1.849484972,3,5
"18648",5,23,"conf_358",7500,108,1.4039782078,3,5
"18649",5,23,"conf_358",250,109,4.4875575502,3,5
"18650",5,23,"conf_358",500,109,3.0480244692,3,5
"18651",5,23,"conf_358",1500,109,1.3940018959,3,5
"18652",5,23,"conf_358",2500,109,1.3940018959,3,5
"18653",5,23,"conf_358",5000,109,0.8952209075,3,5
"18654",5,23,"conf_358",7500,109,0.8952209075,3,5
"18655",5,23,"conf_358",250,110,1.3699372513,3,5
"18656",5,23,"conf_358",500,110,1.3699372513,3,5
"18657",5,23,"conf_358",1500,110,1.0061348283,3,5
"18658",5,23,"conf_358",2500,110,1.0061348283,3,5
"18659",5,23,"conf_358",5000,110,1.0061348283,3,5
"18660",5,23,"conf_358",7500,110,1.0061348283,3,5
"18661",5,23,"conf_358",250,111,2.1239084931,3,5
"18662",5,23,"conf_358",500,111,2.1239084931,3,5
"18663",5,23,"conf_358",1500,111,1.6275643889,3,5
"18664",5,23,"conf_358",2500,111,1.6275643889,3,5
"18665",5,23,"conf_358",5000,111,1.3989710209,3,5
"18666",5,23,"conf_358",7500,111,1.3989710209,3,5
"18667",5,23,"conf_358",250,112,2.9224889198,3,5
"18668",5,23,"conf_358",500,112,2.1061492153,3,5
"18669",5,23,"conf_358",1500,112,1.3566061643,3,5
"18670",5,23,"conf_358",2500,112,0.7946330083,3,5
"18671",5,23,"conf_358",5000,112,0.7946330083,3,5
"18672",5,23,"conf_358",7500,112,0.7946330083,3,5
"18673",5,23,"conf_358",250,113,2.4614527907,3,5
"18674",5,23,"conf_358",500,113,2.1984279206,3,5
"18675",5,23,"conf_358",1500,113,1.7171923857,3,5
"18676",5,23,"conf_358",2500,113,1.7171923857,3,5
"18677",5,23,"conf_358",5000,113,0.9815319227,3,5
"18678",5,23,"conf_358",7500,113,0.9815319227,3,5
"18679",5,23,"conf_358",250,114,1.9052171033,3,5
"18680",5,23,"conf_358",500,114,1.7869577079,3,5
"18681",5,23,"conf_358",1500,114,0.8368662947,3,5
"18682",5,23,"conf_358",2500,114,0.8368662947,3,5
"18683",5,23,"conf_358",5000,114,0.8368662947,3,5
"18684",5,23,"conf_358",7500,114,0.8368662947,3,5
"18685",5,23,"conf_358",250,115,2.9012451948,3,5
"18686",5,23,"conf_358",500,115,2.1788477461,3,5
"18687",5,23,"conf_358",1500,115,1.1198922625,3,5
"18688",5,23,"conf_358",2500,115,1.1198922625,3,5
"18689",5,23,"conf_358",5000,115,0.9932283762,3,5
"18690",5,23,"conf_358",7500,115,0.9932283762,3,5
"18691",5,23,"conf_358",250,116,2.1573742039,3,5
"18692",5,23,"conf_358",500,116,2.1573742039,3,5
"18693",5,23,"conf_358",1500,116,0.7445251533,3,5
"18694",5,23,"conf_358",2500,116,0.7445251533,3,5
"18695",5,23,"conf_358",5000,116,0.7445251533,3,5
"18696",5,23,"conf_358",7500,116,0.7445251533,3,5
"18697",5,23,"conf_358",250,117,4.6892861836,3,5
"18698",5,23,"conf_358",500,117,3.3120716029,3,5
"18699",5,23,"conf_358",1500,117,2.6762023637,3,5
"18700",5,23,"conf_358",2500,117,2.6762023637,3,5
"18701",5,23,"conf_358",5000,117,2.0578570952,3,5
"18702",5,23,"conf_358",7500,117,1.7368441882,3,5
"18703",5,23,"conf_358",250,118,2.2108237986,3,5
"18704",5,23,"conf_358",500,118,2.1772491525,3,5
"18705",5,23,"conf_358",1500,118,1.7030668172,3,5
"18706",5,23,"conf_358",2500,118,1.7030668172,3,5
"18707",5,23,"conf_358",5000,118,1.3403823751,3,5
"18708",5,23,"conf_358",7500,118,0.9046567115,3,5
"18709",5,23,"conf_358",250,119,3.7233214233,3,5
"18710",5,23,"conf_358",500,119,3.4937373727,3,5
"18711",5,23,"conf_358",1500,119,2.5933505996,3,5
"18712",5,23,"conf_358",2500,119,2.1120535251,3,5
"18713",5,23,"conf_358",5000,119,1.5652904697,3,5
"18714",5,23,"conf_358",7500,119,1.3441845655,3,5
"18715",5,23,"conf_358",250,120,2.9524616675,3,5
"18716",5,23,"conf_358",500,120,2.9524616675,3,5
"18717",5,23,"conf_358",1500,120,1.4569749332,3,5
"18718",5,23,"conf_358",2500,120,0.9528361338,3,5
"18719",5,23,"conf_358",5000,120,0.9528361338,3,5
"18720",5,23,"conf_358",7500,120,0.9528361338,3,5
"18721",5,23,"conf_358",250,121,2.183358534,3,5
"18722",5,23,"conf_358",500,121,1.1292981141,3,5
"18723",5,23,"conf_358",1500,121,0.9978515539,3,5
"18724",5,23,"conf_358",2500,121,0.9978515539,3,5
"18725",5,23,"conf_358",5000,121,0.9978515539,3,5
"18726",5,23,"conf_358",7500,121,0.9978515539,3,5
"18727",5,23,"conf_358",250,122,3.1976836731,3,5
"18728",5,23,"conf_358",500,122,2.6434013038,3,5
"18729",5,23,"conf_358",1500,122,1.4652517061,3,5
"18730",5,23,"conf_358",2500,122,1.4652517061,3,5
"18731",5,23,"conf_358",5000,122,1.4652517061,3,5
"18732",5,23,"conf_358",7500,122,1.4652517061,3,5
"18733",5,23,"conf_358",250,123,4.9759807382,3,5
"18734",5,23,"conf_358",500,123,1.8887338617,3,5
"18735",5,23,"conf_358",1500,123,1.8324455437,3,5
"18736",5,23,"conf_358",2500,123,1.3444010454,3,5
"18737",5,23,"conf_358",5000,123,1.3444010454,3,5
"18738",5,23,"conf_358",7500,123,1.3444010454,3,5
"18739",5,23,"conf_358",250,124,2.2851437113,3,5
"18740",5,23,"conf_358",500,124,2.2851437113,3,5
"18741",5,23,"conf_358",1500,124,1.8743942154,3,5
"18742",5,23,"conf_358",2500,124,1.8743942154,3,5
"18743",5,23,"conf_358",5000,124,1.4890527093,3,5
"18744",5,23,"conf_358",7500,124,1.4890527093,3,5
"18745",5,23,"conf_358",250,125,1.4635611519,3,5
"18746",5,23,"conf_358",500,125,1.4635611519,3,5
"18747",5,23,"conf_358",1500,125,0.8761018412,3,5
"18748",5,23,"conf_358",2500,125,0.8761018412,3,5
"18749",5,23,"conf_358",5000,125,0.8761018412,3,5
"18750",5,23,"conf_358",7500,125,0.8761018412,3,5
"18751",5,23,"conf_358",250,126,2.6952062526,3,5
"18752",5,23,"conf_358",500,126,2.6952062526,3,5
"18753",5,23,"conf_358",1500,126,2.6952062526,3,5
"18754",5,23,"conf_358",2500,126,2.2733914942,3,5
"18755",5,23,"conf_358",5000,126,2.1531667482,3,5
"18756",5,23,"conf_358",7500,126,1.5527656751,3,5
"18757",5,23,"conf_358",250,127,1.4047135028,3,5
"18758",5,23,"conf_358",500,127,1.4047135028,3,5
"18759",5,23,"conf_358",1500,127,1.4047135028,3,5
"18760",5,23,"conf_358",2500,127,1.1104794316,3,5
"18761",5,23,"conf_358",5000,127,1.1104794316,3,5
"18762",5,23,"conf_358",7500,127,1.1104794316,3,5
"18763",5,23,"conf_358",250,128,2.1149535103,3,5
"18764",5,23,"conf_358",500,128,2.1149535103,3,5
"18765",5,23,"conf_358",1500,128,1.8148454232,3,5
"18766",5,23,"conf_358",2500,128,1.112027695,3,5
"18767",5,23,"conf_358",5000,128,1.112027695,3,5
"18768",5,23,"conf_358",7500,128,1.112027695,3,5
"18769",5,23,"conf_358",250,129,2.6364826921,3,5
"18770",5,23,"conf_358",500,129,0.8893706463,3,5
"18771",5,23,"conf_358",1500,129,0.8893706463,3,5
"18772",5,23,"conf_358",2500,129,0.8893706463,3,5
"18773",5,23,"conf_358",5000,129,0.8893706463,3,5
"18774",5,23,"conf_358",7500,129,0.8893706463,3,5
"18775",5,23,"conf_358",250,130,2.2556193311,3,5
"18776",5,23,"conf_358",500,130,2.2556193311,3,5
"18777",5,23,"conf_358",1500,130,1.6628796384,3,5
"18778",5,23,"conf_358",2500,130,1.5192000393,3,5
"18779",5,23,"conf_358",5000,130,1.5192000393,3,5
"18780",5,23,"conf_358",7500,130,1.2841639287,3,5
"18781",5,23,"conf_358",250,131,2.9636426878,3,5
"18782",5,23,"conf_358",500,131,1.2146696859,3,5
"18783",5,23,"conf_358",1500,131,1.2146696859,3,5
"18784",5,23,"conf_358",2500,131,1.2146696859,3,5
"18785",5,23,"conf_358",5000,131,0.9376395819,3,5
"18786",5,23,"conf_358",7500,131,0.9376395819,3,5
"18787",5,23,"conf_358",250,132,2.8761728777,3,5
"18788",5,23,"conf_358",500,132,1.9900382837,3,5
"18789",5,23,"conf_358",1500,132,0.8958186333,3,5
"18790",5,23,"conf_358",2500,132,0.8958186333,3,5
"18791",5,23,"conf_358",5000,132,0.8958186333,3,5
"18792",5,23,"conf_358",7500,132,0.8958186333,3,5
"18793",5,23,"conf_358",250,133,1.8992184588,3,5
"18794",5,23,"conf_358",500,133,1.8992184588,3,5
"18795",5,23,"conf_358",1500,133,1.6265728546,3,5
"18796",5,23,"conf_358",2500,133,1.4042039347,3,5
"18797",5,23,"conf_358",5000,133,1.4042039347,3,5
"18798",5,23,"conf_358",7500,133,1.4042039347,3,5
"18799",5,23,"conf_358",250,134,2.6999058022,3,5
"18800",5,23,"conf_358",500,134,2.6999058022,3,5
"18801",5,23,"conf_358",1500,134,2.4324747818,3,5
"18802",5,23,"conf_358",2500,134,2.4324747818,3,5
"18803",5,23,"conf_358",5000,134,0.7874392192,3,5
"18804",5,23,"conf_358",7500,134,0.7874392192,3,5
"18805",5,23,"conf_358",250,135,3.3635134573,3,5
"18806",5,23,"conf_358",500,135,3.3635134573,3,5
"18807",5,23,"conf_358",1500,135,2.382109645,3,5
"18808",5,23,"conf_358",2500,135,2.382109645,3,5
"18809",5,23,"conf_358",5000,135,1.4739158822,3,5
"18810",5,23,"conf_358",7500,135,1.4739158822,3,5
"18811",5,23,"conf_358",250,136,2.1279004737,3,5
"18812",5,23,"conf_358",500,136,2.1279004737,3,5
"18813",5,23,"conf_358",1500,136,2.1279004737,3,5
"18814",5,23,"conf_358",2500,136,0.8774856791,3,5
"18815",5,23,"conf_358",5000,136,0.8774856791,3,5
"18816",5,23,"conf_358",7500,136,0.8774856791,3,5
"18817",5,23,"conf_358",250,137,3.4063869611,3,5
"18818",5,23,"conf_358",500,137,3.4063869611,3,5
"18819",5,23,"conf_358",1500,137,1.6144819824,3,5
"18820",5,23,"conf_358",2500,137,1.6144819824,3,5
"18821",5,23,"conf_358",5000,137,1.3141467628,3,5
"18822",5,23,"conf_358",7500,137,1.3141467628,3,5
"18823",5,23,"conf_358",250,138,3.018284635,3,5
"18824",5,23,"conf_358",500,138,2.9857977468,3,5
"18825",5,23,"conf_358",1500,138,2.9857977468,3,5
"18826",5,23,"conf_358",2500,138,2.4546245797,3,5
"18827",5,23,"conf_358",5000,138,1.8248722257,3,5
"18828",5,23,"conf_358",7500,138,1.6969820595,3,5
"18829",5,23,"conf_358",250,139,3.5645801919,3,5
"18830",5,23,"conf_358",500,139,0.7248960699,3,5
"18831",5,23,"conf_358",1500,139,0.7248960699,3,5
"18832",5,23,"conf_358",2500,139,0.7248960699,3,5
"18833",5,23,"conf_358",5000,139,0.7248960699,3,5
"18834",5,23,"conf_358",7500,139,0.7248960699,3,5
"18835",5,23,"conf_358",250,140,2.7812746595,3,5
"18836",5,23,"conf_358",500,140,2.006069051,3,5
"18837",5,23,"conf_358",1500,140,2.006069051,3,5
"18838",5,23,"conf_358",2500,140,1.631457909,3,5
"18839",5,23,"conf_358",5000,140,1.1179380119,3,5
"18840",5,23,"conf_358",7500,140,0.7933092158,3,5
"18841",5,23,"conf_358",250,141,2.9489846883,3,5
"18842",5,23,"conf_358",500,141,2.5724977604,3,5
"18843",5,23,"conf_358",1500,141,2.2739139664,3,5
"18844",5,23,"conf_358",2500,141,0.8119909067,3,5
"18845",5,23,"conf_358",5000,141,0.8119909067,3,5
"18846",5,23,"conf_358",7500,141,0.8119909067,3,5
"18847",5,23,"conf_358",250,142,2.5699638575,3,5
"18848",5,23,"conf_358",500,142,2.5699638575,3,5
"18849",5,23,"conf_358",1500,142,1.5597041005,3,5
"18850",5,23,"conf_358",2500,142,1.5597041005,3,5
"18851",5,23,"conf_358",5000,142,1.5597041005,3,5
"18852",5,23,"conf_358",7500,142,1.4641656374,3,5
"18853",5,23,"conf_358",250,143,2.7050754691,3,5
"18854",5,23,"conf_358",500,143,1.6590690402,3,5
"18855",5,23,"conf_358",1500,143,1.0485954313,3,5
"18856",5,23,"conf_358",2500,143,1.0485954313,3,5
"18857",5,23,"conf_358",5000,143,1.0485954313,3,5
"18858",5,23,"conf_358",7500,143,1.0485954313,3,5
"18859",5,23,"conf_358",250,144,2.9736930892,3,5
"18860",5,23,"conf_358",500,144,2.9736930892,3,5
"18861",5,23,"conf_358",1500,144,2.3632220128,3,5
"18862",5,23,"conf_358",2500,144,1.6268626897,3,5
"18863",5,23,"conf_358",5000,144,1.6268626897,3,5
"18864",5,23,"conf_358",7500,144,1.184903844,3,5
"18865",5,23,"conf_358",250,145,2.6548213617,3,5
"18866",5,23,"conf_358",500,145,2.6548213617,3,5
"18867",5,23,"conf_358",1500,145,1.8841977249,3,5
"18868",5,23,"conf_358",2500,145,0.9313510338,3,5
"18869",5,23,"conf_358",5000,145,0.9313510338,3,5
"18870",5,23,"conf_358",7500,145,0.9313510338,3,5
"18871",5,23,"conf_358",250,146,3.9531268098,3,5
"18872",5,23,"conf_358",500,146,3.6527377585,3,5
"18873",5,23,"conf_358",1500,146,1.3343293571,3,5
"18874",5,23,"conf_358",2500,146,1.3343293571,3,5
"18875",5,23,"conf_358",5000,146,0.8681116231,3,5
"18876",5,23,"conf_358",7500,146,0.8681116231,3,5
"18877",5,23,"conf_358",250,147,2.2464237777,3,5
"18878",5,23,"conf_358",500,147,2.2464237777,3,5
"18879",5,23,"conf_358",1500,147,1.8386873661,3,5
"18880",5,23,"conf_358",2500,147,1.8386873661,3,5
"18881",5,23,"conf_358",5000,147,1.8386873661,3,5
"18882",5,23,"conf_358",7500,147,1.8386873661,3,5
"18883",5,23,"conf_358",250,148,2.7907494566,3,5
"18884",5,23,"conf_358",500,148,2.7907494566,3,5
"18885",5,23,"conf_358",1500,148,1.853754326,3,5
"18886",5,23,"conf_358",2500,148,1.853754326,3,5
"18887",5,23,"conf_358",5000,148,1.853754326,3,5
"18888",5,23,"conf_358",7500,148,1.853754326,3,5
"18889",5,23,"conf_358",250,149,2.5054244745,3,5
"18890",5,23,"conf_358",500,149,2.5054244745,3,5
"18891",5,23,"conf_358",1500,149,1.1600980654,3,5
"18892",5,23,"conf_358",2500,149,1.1600980654,3,5
"18893",5,23,"conf_358",5000,149,1.1600980654,3,5
"18894",5,23,"conf_358",7500,149,1.1600980654,3,5
"18895",5,23,"conf_358",250,150,2.9967219228,3,5
"18896",5,23,"conf_358",500,150,2.1590391382,3,5
"18897",5,23,"conf_358",1500,150,1.9903809312,3,5
"18898",5,23,"conf_358",2500,150,1.3334345117,3,5
"18899",5,23,"conf_358",5000,150,1.3334345117,3,5
"18900",5,23,"conf_358",7500,150,1.1957521707,3,5
"18901",5,23,"conf_358",250,151,2.5757447044,4,5
"18902",5,23,"conf_358",500,151,2.5757447044,4,5
"18903",5,23,"conf_358",1500,151,1.5602314613,4,5
"18904",5,23,"conf_358",2500,151,1.5602314613,4,5
"18905",5,23,"conf_358",5000,151,1.5602314613,4,5
"18906",5,23,"conf_358",7500,151,1.5602314613,4,5
"18907",5,23,"conf_358",250,152,2.5946086279,4,5
"18908",5,23,"conf_358",500,152,2.4430535589,4,5
"18909",5,23,"conf_358",1500,152,2.4017493109,4,5
"18910",5,23,"conf_358",2500,152,1.6667727869,4,5
"18911",5,23,"conf_358",5000,152,1.0898871992,4,5
"18912",5,23,"conf_358",7500,152,1.0321787245,4,5
"18913",5,23,"conf_358",250,153,2.7719753891,4,5
"18914",5,23,"conf_358",500,153,1.1416839844,4,5
"18915",5,23,"conf_358",1500,153,1.1416839844,4,5
"18916",5,23,"conf_358",2500,153,1.1416839844,4,5
"18917",5,23,"conf_358",5000,153,1.1416839844,4,5
"18918",5,23,"conf_358",7500,153,1.0589877992,4,5
"18919",5,23,"conf_358",250,154,2.1316833011,4,5
"18920",5,23,"conf_358",500,154,2.1316833011,4,5
"18921",5,23,"conf_358",1500,154,1.4533352413,4,5
"18922",5,23,"conf_358",2500,154,1.4533352413,4,5
"18923",5,23,"conf_358",5000,154,1.4533352413,4,5
"18924",5,23,"conf_358",7500,154,1.2155293751,4,5
"18925",5,23,"conf_358",250,155,2.9529286288,4,5
"18926",5,23,"conf_358",500,155,2.1331461694,4,5
"18927",5,23,"conf_358",1500,155,2.1331461694,4,5
"18928",5,23,"conf_358",2500,155,2.1331461694,4,5
"18929",5,23,"conf_358",5000,155,1.5098954833,4,5
"18930",5,23,"conf_358",7500,155,1.5093672591,4,5
"18931",5,23,"conf_358",250,156,1.6243726622,4,5
"18932",5,23,"conf_358",500,156,1.6243726622,4,5
"18933",5,23,"conf_358",1500,156,0.9287622615,4,5
"18934",5,23,"conf_358",2500,156,0.9287622615,4,5
"18935",5,23,"conf_358",5000,156,0.9287622615,4,5
"18936",5,23,"conf_358",7500,156,0.9287622615,4,5
"18937",5,23,"conf_358",250,157,1.4800247654,4,5
"18938",5,23,"conf_358",500,157,1.4800247654,4,5
"18939",5,23,"conf_358",1500,157,1.4800247654,4,5
"18940",5,23,"conf_358",2500,157,1.4800247654,4,5
"18941",5,23,"conf_358",5000,157,1.4800247654,4,5
"18942",5,23,"conf_358",7500,157,1.4800247654,4,5
"18943",5,23,"conf_358",250,158,2.6922552107,4,5
"18944",5,23,"conf_358",500,158,2.6922552107,4,5
"18945",5,23,"conf_358",1500,158,1.5601236602,4,5
"18946",5,23,"conf_358",2500,158,1.5601236602,4,5
"18947",5,23,"conf_358",5000,158,1.5601236602,4,5
"18948",5,23,"conf_358",7500,158,1.5601236602,4,5
"18949",5,23,"conf_358",250,159,2.8345446436,4,5
"18950",5,23,"conf_358",500,159,2.8345446436,4,5
"18951",5,23,"conf_358",1500,159,2.1636441625,4,5
"18952",5,23,"conf_358",2500,159,1.8651141656,4,5
"18953",5,23,"conf_358",5000,159,1.8651141656,4,5
"18954",5,23,"conf_358",7500,159,1.8651141656,4,5
"18955",5,23,"conf_358",250,160,2.3547295702,4,5
"18956",5,23,"conf_358",500,160,1.2245975869,4,5
"18957",5,23,"conf_358",1500,160,1.2245975869,4,5
"18958",5,23,"conf_358",2500,160,1.2245975869,4,5
"18959",5,23,"conf_358",5000,160,1.2216284622,4,5
"18960",5,23,"conf_358",7500,160,1.2216284622,4,5
"18961",5,23,"conf_358",250,161,3.3044125633,4,5
"18962",5,23,"conf_358",500,161,2.2028866344,4,5
"18963",5,23,"conf_358",1500,161,2.2028866344,4,5
"18964",5,23,"conf_358",2500,161,1.9575479283,4,5
"18965",5,23,"conf_358",5000,161,1.0030888994,4,5
"18966",5,23,"conf_358",7500,161,1.0030888994,4,5
"18967",5,23,"conf_358",250,162,2.8723014879,4,5
"18968",5,23,"conf_358",500,162,2.8723014879,4,5
"18969",5,23,"conf_358",1500,162,1.7069988972,4,5
"18970",5,23,"conf_358",2500,162,1.6402883668,4,5
"18971",5,23,"conf_358",5000,162,1.3247223297,4,5
"18972",5,23,"conf_358",7500,162,1.3247223297,4,5
"18973",5,23,"conf_358",250,163,3.1891672565,4,5
"18974",5,23,"conf_358",500,163,2.3672854151,4,5
"18975",5,23,"conf_358",1500,163,1.9097868375,4,5
"18976",5,23,"conf_358",2500,163,1.9097868375,4,5
"18977",5,23,"conf_358",5000,163,1.9097868375,4,5
"18978",5,23,"conf_358",7500,163,1.9097868375,4,5
"18979",5,23,"conf_358",250,164,2.643859374,4,5
"18980",5,23,"conf_358",500,164,2.643859374,4,5
"18981",5,23,"conf_358",1500,164,1.9495839493,4,5
"18982",5,23,"conf_358",2500,164,1.9192939945,4,5
"18983",5,23,"conf_358",5000,164,1.8436630321,4,5
"18984",5,23,"conf_358",7500,164,1.427958354,4,5
"18985",5,23,"conf_358",250,165,2.5072918638,4,5
"18986",5,23,"conf_358",500,165,2.2609514899,4,5
"18987",5,23,"conf_358",1500,165,2.2609514899,4,5
"18988",5,23,"conf_358",2500,165,1.0951546898,4,5
"18989",5,23,"conf_358",5000,165,1.077312181,4,5
"18990",5,23,"conf_358",7500,165,1.077312181,4,5
"18991",5,23,"conf_358",250,166,2.1361580782,4,5
"18992",5,23,"conf_358",500,166,2.1361580782,4,5
"18993",5,23,"conf_358",1500,166,2.1361580782,4,5
"18994",5,23,"conf_358",2500,166,2.0750272996,4,5
"18995",5,23,"conf_358",5000,166,1.6904955875,4,5
"18996",5,23,"conf_358",7500,166,1.2634599207,4,5
"18997",5,23,"conf_358",250,167,2.9343965529,4,5
"18998",5,23,"conf_358",500,167,2.6653681562,4,5
"18999",5,23,"conf_358",1500,167,1.7915344126,4,5
"19000",5,23,"conf_358",2500,167,1.7915344126,4,5
"19001",5,23,"conf_358",5000,167,1.6269837325,4,5
"19002",5,23,"conf_358",7500,167,1.6269837325,4,5
"19003",5,23,"conf_358",250,168,1.567284452,4,5
"19004",5,23,"conf_358",500,168,1.567284452,4,5
"19005",5,23,"conf_358",1500,168,1.567284452,4,5
"19006",5,23,"conf_358",2500,168,1.567284452,4,5
"19007",5,23,"conf_358",5000,168,1.3456305233,4,5
"19008",5,23,"conf_358",7500,168,1.3456305233,4,5
"19009",5,23,"conf_358",250,169,1.9630827535,4,5
"19010",5,23,"conf_358",500,169,1.9630827535,4,5
"19011",5,23,"conf_358",1500,169,1.9630827535,4,5
"19012",5,23,"conf_358",2500,169,1.9630827535,4,5
"19013",5,23,"conf_358",5000,169,1.2889722797,4,5
"19014",5,23,"conf_358",7500,169,1.0891200974,4,5
"19015",5,23,"conf_358",250,170,2.4267459801,4,5
"19016",5,23,"conf_358",500,170,2.4267459801,4,5
"19017",5,23,"conf_358",1500,170,1.5255698412,4,5
"19018",5,23,"conf_358",2500,170,1.5255698412,4,5
"19019",5,23,"conf_358",5000,170,0.6228512153,4,5
"19020",5,23,"conf_358",7500,170,0.6228512153,4,5
"19021",5,23,"conf_358",250,171,1.6055185323,4,5
"19022",5,23,"conf_358",500,171,1.0488948943,4,5
"19023",5,23,"conf_358",1500,171,1.0488948943,4,5
"19024",5,23,"conf_358",2500,171,1.0488948943,4,5
"19025",5,23,"conf_358",5000,171,1.0488948943,4,5
"19026",5,23,"conf_358",7500,171,1.0488948943,4,5
"19027",5,23,"conf_358",250,172,2.958077101,4,5
"19028",5,23,"conf_358",500,172,2.2835583407,4,5
"19029",5,23,"conf_358",1500,172,1.6118760594,4,5
"19030",5,23,"conf_358",2500,172,1.2361961872,4,5
"19031",5,23,"conf_358",5000,172,1.2361961872,4,5
"19032",5,23,"conf_358",7500,172,0.9898951954,4,5
"19033",5,23,"conf_358",250,173,1.519870983,4,5
"19034",5,23,"conf_358",500,173,1.519870983,4,5
"19035",5,23,"conf_358",1500,173,1.519870983,4,5
"19036",5,23,"conf_358",2500,173,1.519870983,4,5
"19037",5,23,"conf_358",5000,173,1.1148741639,4,5
"19038",5,23,"conf_358",7500,173,1.1148741639,4,5
"19039",5,23,"conf_358",250,174,1.8811987184,4,5
"19040",5,23,"conf_358",500,174,1.8811987184,4,5
"19041",5,23,"conf_358",1500,174,1.8811987184,4,5
"19042",5,23,"conf_358",2500,174,1.8811987184,4,5
"19043",5,23,"conf_358",5000,174,1.8811987184,4,5
"19044",5,23,"conf_358",7500,174,1.8811987184,4,5
"19045",5,23,"conf_358",250,175,2.8902184831,4,5
"19046",5,23,"conf_358",500,175,2.8902184831,4,5
"19047",5,23,"conf_358",1500,175,2.2855658158,4,5
"19048",5,23,"conf_358",2500,175,1.8436512281,4,5
"19049",5,23,"conf_358",5000,175,1.4191976705,4,5
"19050",5,23,"conf_358",7500,175,1.4191976705,4,5
"19051",5,23,"conf_358",250,176,1.8987817291,4,5
"19052",5,23,"conf_358",500,176,1.8987817291,4,5
"19053",5,23,"conf_358",1500,176,1.8987817291,4,5
"19054",5,23,"conf_358",2500,176,1.8987817291,4,5
"19055",5,23,"conf_358",5000,176,1.8987817291,4,5
"19056",5,23,"conf_358",7500,176,1.8857785306,4,5
"19057",5,23,"conf_358",250,177,3.8966339417,4,5
"19058",5,23,"conf_358",500,177,1.534968795,4,5
"19059",5,23,"conf_358",1500,177,1.534968795,4,5
"19060",5,23,"conf_358",2500,177,1.534968795,4,5
"19061",5,23,"conf_358",5000,177,1.534968795,4,5
"19062",5,23,"conf_358",7500,177,1.534968795,4,5
"19063",5,23,"conf_358",250,178,1.6491377407,4,5
"19064",5,23,"conf_358",500,178,1.6491377407,4,5
"19065",5,23,"conf_358",1500,178,1.6491377407,4,5
"19066",5,23,"conf_358",2500,178,1.6491377407,4,5
"19067",5,23,"conf_358",5000,178,1.5364451126,4,5
"19068",5,23,"conf_358",7500,178,1.5364451126,4,5
"19069",5,23,"conf_358",250,179,3.3686794289,4,5
"19070",5,23,"conf_358",500,179,3.314239405,4,5
"19071",5,23,"conf_358",1500,179,2.3762909078,4,5
"19072",5,23,"conf_358",2500,179,2.2744860227,4,5
"19073",5,23,"conf_358",5000,179,1.1569591888,4,5
"19074",5,23,"conf_358",7500,179,1.1569591888,4,5
"19075",5,23,"conf_358",250,180,2.284514219,4,5
"19076",5,23,"conf_358",500,180,2.1983645938,4,5
"19077",5,23,"conf_358",1500,180,1.9372133747,4,5
"19078",5,23,"conf_358",2500,180,1.4789727387,4,5
"19079",5,23,"conf_358",5000,180,1.4789727387,4,5
"19080",5,23,"conf_358",7500,180,1.1575742216,4,5
"19081",5,23,"conf_358",250,181,2.8145497555,4,5
"19082",5,23,"conf_358",500,181,0.9367282445,4,5
"19083",5,23,"conf_358",1500,181,0.9367282445,4,5
"19084",5,23,"conf_358",2500,181,0.9367282445,4,5
"19085",5,23,"conf_358",5000,181,0.9367282445,4,5
"19086",5,23,"conf_358",7500,181,0.9367282445,4,5
"19087",5,23,"conf_358",250,182,3.0349925855,4,5
"19088",5,23,"conf_358",500,182,3.0349925855,4,5
"19089",5,23,"conf_358",1500,182,1.9462704147,4,5
"19090",5,23,"conf_358",2500,182,1.9462704147,4,5
"19091",5,23,"conf_358",5000,182,1.569749501,4,5
"19092",5,23,"conf_358",7500,182,1.183088448,4,5
"19093",5,23,"conf_358",250,183,2.3099412163,4,5
"19094",5,23,"conf_358",500,183,2.3099412163,4,5
"19095",5,23,"conf_358",1500,183,1.1040182335,4,5
"19096",5,23,"conf_358",2500,183,1.1040182335,4,5
"19097",5,23,"conf_358",5000,183,0.9400448527,4,5
"19098",5,23,"conf_358",7500,183,0.9400448527,4,5
"19099",5,23,"conf_358",250,184,4.0203445346,4,5
"19100",5,23,"conf_358",500,184,1.5729278899,4,5
"19101",5,23,"conf_358",1500,184,0.7485456697,4,5
"19102",5,23,"conf_358",2500,184,0.7485456697,4,5
"19103",5,23,"conf_358",5000,184,0.7485456697,4,5
"19104",5,23,"conf_358",7500,184,0.7485456697,4,5
"19105",5,23,"conf_358",250,185,2.2891534558,4,5
"19106",5,23,"conf_358",500,185,2.2891534558,4,5
"19107",5,23,"conf_358",1500,185,1.8235159252,4,5
"19108",5,23,"conf_358",2500,185,1.8235159252,4,5
"19109",5,23,"conf_358",5000,185,1.8235159252,4,5
"19110",5,23,"conf_358",7500,185,1.6278240432,4,5
"19111",5,23,"conf_358",250,186,2.4731258231,4,5
"19112",5,23,"conf_358",500,186,2.4731258231,4,5
"19113",5,23,"conf_358",1500,186,2.2345394551,4,5
"19114",5,23,"conf_358",2500,186,2.2345394551,4,5
"19115",5,23,"conf_358",5000,186,1.6935920314,4,5
"19116",5,23,"conf_358",7500,186,1.2579476919,4,5
"19117",5,23,"conf_358",250,187,2.063526801,4,5
"19118",5,23,"conf_358",500,187,2.063526801,4,5
"19119",5,23,"conf_358",1500,187,2.063526801,4,5
"19120",5,23,"conf_358",2500,187,2.063526801,4,5
"19121",5,23,"conf_358",5000,187,1.8994882305,4,5
"19122",5,23,"conf_358",7500,187,1.4082504274,4,5
"19123",5,23,"conf_358",250,188,3.5332423921,4,5
"19124",5,23,"conf_358",500,188,3.5332423921,4,5
"19125",5,23,"conf_358",1500,188,2.1516145355,4,5
"19126",5,23,"conf_358",2500,188,1.9810692311,4,5
"19127",5,23,"conf_358",5000,188,1.6777106304,4,5
"19128",5,23,"conf_358",7500,188,1.5948794409,4,5
"19129",5,23,"conf_358",250,189,2.1832226762,4,5
"19130",5,23,"conf_358",500,189,2.178205957,4,5
"19131",5,23,"conf_358",1500,189,2.178205957,4,5
"19132",5,23,"conf_358",2500,189,2.178205957,4,5
"19133",5,23,"conf_358",5000,189,1.1105122828,4,5
"19134",5,23,"conf_358",7500,189,1.1105122828,4,5
"19135",5,23,"conf_358",250,190,3.3287478088,4,5
"19136",5,23,"conf_358",500,190,3.3287478088,4,5
"19137",5,23,"conf_358",1500,190,2.1666263739,4,5
"19138",5,23,"conf_358",2500,190,2.1666263739,4,5
"19139",5,23,"conf_358",5000,190,1.5534933922,4,5
"19140",5,23,"conf_358",7500,190,1.1931982878,4,5
"19141",5,23,"conf_358",250,191,2.7380721355,4,5
"19142",5,23,"conf_358",500,191,2.7059442696,4,5
"19143",5,23,"conf_358",1500,191,1.2508320065,4,5
"19144",5,23,"conf_358",2500,191,1.2508320065,4,5
"19145",5,23,"conf_358",5000,191,0.7835702772,4,5
"19146",5,23,"conf_358",7500,191,0.7835702772,4,5
"19147",5,23,"conf_358",250,192,4.4622903333,4,5
"19148",5,23,"conf_358",500,192,3.2355695001,4,5
"19149",5,23,"conf_358",1500,192,1.5792641497,4,5
"19150",5,23,"conf_358",2500,192,1.5792641497,4,5
"19151",5,23,"conf_358",5000,192,1.4851546477,4,5
"19152",5,23,"conf_358",7500,192,1.4851546477,4,5
"19153",5,23,"conf_358",250,193,2.6792998939,4,5
"19154",5,23,"conf_358",500,193,2.5309060633,4,5
"19155",5,23,"conf_358",1500,193,1.8915721362,4,5
"19156",5,23,"conf_358",2500,193,1.8915721362,4,5
"19157",5,23,"conf_358",5000,193,1.8915721362,4,5
"19158",5,23,"conf_358",7500,193,1.6235425714,4,5
"19159",5,23,"conf_358",250,194,2.3112353956,4,5
"19160",5,23,"conf_358",500,194,2.3112353956,4,5
"19161",5,23,"conf_358",1500,194,1.9216665568,4,5
"19162",5,23,"conf_358",2500,194,1.9216665568,4,5
"19163",5,23,"conf_358",5000,194,1.5971031648,4,5
"19164",5,23,"conf_358",7500,194,1.0728166365,4,5
"19165",5,23,"conf_358",250,195,2.2509712336,4,5
"19166",5,23,"conf_358",500,195,2.2509712336,4,5
"19167",5,23,"conf_358",1500,195,1.9353622394,4,5
"19168",5,23,"conf_358",2500,195,1.4799799191,4,5
"19169",5,23,"conf_358",5000,195,1.4528173013,4,5
"19170",5,23,"conf_358",7500,195,0.6491767643,4,5
"19171",5,23,"conf_358",250,196,3.0749983498,4,5
"19172",5,23,"conf_358",500,196,3.0749983498,4,5
"19173",5,23,"conf_358",1500,196,1.4814311237,4,5
"19174",5,23,"conf_358",2500,196,1.4814311237,4,5
"19175",5,23,"conf_358",5000,196,1.4814311237,4,5
"19176",5,23,"conf_358",7500,196,1.0784533321,4,5
"19177",5,23,"conf_358",250,197,2.9283847827,4,5
"19178",5,23,"conf_358",500,197,2.9283847827,4,5
"19179",5,23,"conf_358",1500,197,1.9492838718,4,5
"19180",5,23,"conf_358",2500,197,1.9492838718,4,5
"19181",5,23,"conf_358",5000,197,1.6014172014,4,5
"19182",5,23,"conf_358",7500,197,1.6014172014,4,5
"19183",5,23,"conf_358",250,198,2.9060263281,4,5
"19184",5,23,"conf_358",500,198,2.9060263281,4,5
"19185",5,23,"conf_358",1500,198,1.8821362066,4,5
"19186",5,23,"conf_358",2500,198,1.20102042,4,5
"19187",5,23,"conf_358",5000,198,1.20102042,4,5
"19188",5,23,"conf_358",7500,198,1.20102042,4,5
"19189",5,23,"conf_358",250,199,3.9320404912,4,5
"19190",5,23,"conf_358",500,199,1.3630563165,4,5
"19191",5,23,"conf_358",1500,199,1.3630563165,4,5
"19192",5,23,"conf_358",2500,199,1.3630563165,4,5
"19193",5,23,"conf_358",5000,199,1.3630563165,4,5
"19194",5,23,"conf_358",7500,199,1.3630563165,4,5
"19195",5,23,"conf_358",250,200,2.6663476279,4,5
"19196",5,23,"conf_358",500,200,2.6663476279,4,5
"19197",5,23,"conf_358",1500,200,1.1562705513,4,5
"19198",5,23,"conf_358",2500,200,1.1562705513,4,5
"19199",5,23,"conf_358",5000,200,1.1562705513,4,5
"19200",5,23,"conf_358",7500,200,1.1562705513,4,5
"19201",5,24,"conf_358",250,1,55.4985384044,1,5
"19202",5,24,"conf_358",500,1,45.7845585878,1,5
"19203",5,24,"conf_358",1500,1,26.3312548365,1,5
"19204",5,24,"conf_358",2500,1,20.8590673137,1,5
"19205",5,24,"conf_358",5000,1,19.2824959192,1,5
"19206",5,24,"conf_358",7500,1,15.3622500435,1,5
"19207",5,24,"conf_358",250,2,43.6193537502,1,5
"19208",5,24,"conf_358",500,2,41.0022178082,1,5
"19209",5,24,"conf_358",1500,2,25.9709095964,1,5
"19210",5,24,"conf_358",2500,2,25.9709095964,1,5
"19211",5,24,"conf_358",5000,2,14.5762061555,1,5
"19212",5,24,"conf_358",7500,2,14.5762061555,1,5
"19213",5,24,"conf_358",250,3,25.6791432981,1,5
"19214",5,24,"conf_358",500,3,25.6791432981,1,5
"19215",5,24,"conf_358",1500,3,25.6791432981,1,5
"19216",5,24,"conf_358",2500,3,25.6791432981,1,5
"19217",5,24,"conf_358",5000,3,15.7710710904,1,5
"19218",5,24,"conf_358",7500,3,12.2209039564,1,5
"19219",5,24,"conf_358",250,4,53.9368124287,1,5
"19220",5,24,"conf_358",500,4,46.0183001097,1,5
"19221",5,24,"conf_358",1500,4,29.8257940883,1,5
"19222",5,24,"conf_358",2500,4,23.9161257402,1,5
"19223",5,24,"conf_358",5000,4,16.4253306927,1,5
"19224",5,24,"conf_358",7500,4,13.6817856496,1,5
"19225",5,24,"conf_358",250,5,40.9723807005,1,5
"19226",5,24,"conf_358",500,5,38.5717683583,1,5
"19227",5,24,"conf_358",1500,5,30.891812246,1,5
"19228",5,24,"conf_358",2500,5,29.2962831855,1,5
"19229",5,24,"conf_358",5000,5,24.7122462169,1,5
"19230",5,24,"conf_358",7500,5,18.8466760739,1,5
"19231",5,24,"conf_358",250,6,36.1835445996,1,5
"19232",5,24,"conf_358",500,6,36.043319016,1,5
"19233",5,24,"conf_358",1500,6,27.3451822763,1,5
"19234",5,24,"conf_358",2500,6,26.5747998804,1,5
"19235",5,24,"conf_358",5000,6,24.0350574732,1,5
"19236",5,24,"conf_358",7500,6,19.0961346645,1,5
"19237",5,24,"conf_358",250,7,51.7616709652,1,5
"19238",5,24,"conf_358",500,7,48.9983779037,1,5
"19239",5,24,"conf_358",1500,7,29.6605745916,1,5
"19240",5,24,"conf_358",2500,7,27.7331636766,1,5
"19241",5,24,"conf_358",5000,7,10.989723063,1,5
"19242",5,24,"conf_358",7500,7,10.989723063,1,5
"19243",5,24,"conf_358",250,8,27.6665128722,1,5
"19244",5,24,"conf_358",500,8,27.6665128722,1,5
"19245",5,24,"conf_358",1500,8,27.6665128722,1,5
"19246",5,24,"conf_358",2500,8,27.6665128722,1,5
"19247",5,24,"conf_358",5000,8,10.1223414972,1,5
"19248",5,24,"conf_358",7500,8,10.1223414972,1,5
"19249",5,24,"conf_358",250,9,45.8857895413,1,5
"19250",5,24,"conf_358",500,9,33.0789655684,1,5
"19251",5,24,"conf_358",1500,9,23.7636060834,1,5
"19252",5,24,"conf_358",2500,9,23.7636060834,1,5
"19253",5,24,"conf_358",5000,9,20.0363215377,1,5
"19254",5,24,"conf_358",7500,9,15.7370276888,1,5
"19255",5,24,"conf_358",250,10,33.8143350019,1,5
"19256",5,24,"conf_358",500,10,33.8143350019,1,5
"19257",5,24,"conf_358",1500,10,27.9815230078,1,5
"19258",5,24,"conf_358",2500,10,18.5244725035,1,5
"19259",5,24,"conf_358",5000,10,14.6064188127,1,5
"19260",5,24,"conf_358",7500,10,14.6064188127,1,5
"19261",5,24,"conf_358",250,11,55.5493871768,1,5
"19262",5,24,"conf_358",500,11,47.0779586663,1,5
"19263",5,24,"conf_358",1500,11,19.2567057761,1,5
"19264",5,24,"conf_358",2500,11,19.0226019309,1,5
"19265",5,24,"conf_358",5000,11,16.7362918669,1,5
"19266",5,24,"conf_358",7500,11,16.7362918669,1,5
"19267",5,24,"conf_358",250,12,36.0004340888,1,5
"19268",5,24,"conf_358",500,12,36.0004340888,1,5
"19269",5,24,"conf_358",1500,12,28.786651549,1,5
"19270",5,24,"conf_358",2500,12,23.7267216437,1,5
"19271",5,24,"conf_358",5000,12,14.8901098684,1,5
"19272",5,24,"conf_358",7500,12,14.8901098684,1,5
"19273",5,24,"conf_358",250,13,53.8420341662,1,5
"19274",5,24,"conf_358",500,13,30.5945684945,1,5
"19275",5,24,"conf_358",1500,13,28.9722505339,1,5
"19276",5,24,"conf_358",2500,13,28.9722505339,1,5
"19277",5,24,"conf_358",5000,13,12.9301152093,1,5
"19278",5,24,"conf_358",7500,13,12.9301152093,1,5
"19279",5,24,"conf_358",250,14,45.0138924107,1,5
"19280",5,24,"conf_358",500,14,45.0138924107,1,5
"19281",5,24,"conf_358",1500,14,31.8166183623,1,5
"19282",5,24,"conf_358",2500,14,24.5523199669,1,5
"19283",5,24,"conf_358",5000,14,14.6844209343,1,5
"19284",5,24,"conf_358",7500,14,14.6844209343,1,5
"19285",5,24,"conf_358",250,15,48.3218287843,1,5
"19286",5,24,"conf_358",500,15,36.1748869522,1,5
"19287",5,24,"conf_358",1500,15,31.6777697822,1,5
"19288",5,24,"conf_358",2500,15,25.1334772669,1,5
"19289",5,24,"conf_358",5000,15,16.1850853215,1,5
"19290",5,24,"conf_358",7500,15,16.1850853215,1,5
"19291",5,24,"conf_358",250,16,49.0637167208,1,5
"19292",5,24,"conf_358",500,16,38.6209866457,1,5
"19293",5,24,"conf_358",1500,16,23.811435496,1,5
"19294",5,24,"conf_358",2500,16,23.811435496,1,5
"19295",5,24,"conf_358",5000,16,20.4302207745,1,5
"19296",5,24,"conf_358",7500,16,17.4308933616,1,5
"19297",5,24,"conf_358",250,17,48.5854666564,1,5
"19298",5,24,"conf_358",500,17,34.9885387579,1,5
"19299",5,24,"conf_358",1500,17,26.978867229,1,5
"19300",5,24,"conf_358",2500,17,26.978867229,1,5
"19301",5,24,"conf_358",5000,17,13.2218341515,1,5
"19302",5,24,"conf_358",7500,17,11.2617226978,1,5
"19303",5,24,"conf_358",250,18,39.473523715,1,5
"19304",5,24,"conf_358",500,18,34.0143246136,1,5
"19305",5,24,"conf_358",1500,18,24.4986304005,1,5
"19306",5,24,"conf_358",2500,18,24.4986304005,1,5
"19307",5,24,"conf_358",5000,18,19.1794277841,1,5
"19308",5,24,"conf_358",7500,18,13.1223808317,1,5
"19309",5,24,"conf_358",250,19,39.0253141969,1,5
"19310",5,24,"conf_358",500,19,38.5510779326,1,5
"19311",5,24,"conf_358",1500,19,25.6451800649,1,5
"19312",5,24,"conf_358",2500,19,25.3642123888,1,5
"19313",5,24,"conf_358",5000,19,15.617896564,1,5
"19314",5,24,"conf_358",7500,19,13.7570188567,1,5
"19315",5,24,"conf_358",250,20,29.1717072741,1,5
"19316",5,24,"conf_358",500,20,29.1717072741,1,5
"19317",5,24,"conf_358",1500,20,27.7557425292,1,5
"19318",5,24,"conf_358",2500,20,23.1078131042,1,5
"19319",5,24,"conf_358",5000,20,15.2015121172,1,5
"19320",5,24,"conf_358",7500,20,13.8444979923,1,5
"19321",5,24,"conf_358",250,21,42.9661480228,1,5
"19322",5,24,"conf_358",500,21,40.0167683864,1,5
"19323",5,24,"conf_358",1500,21,31.6606131815,1,5
"19324",5,24,"conf_358",2500,21,31.6606131815,1,5
"19325",5,24,"conf_358",5000,21,23.0509338633,1,5
"19326",5,24,"conf_358",7500,21,17.5121432457,1,5
"19327",5,24,"conf_358",250,22,40.1801179192,1,5
"19328",5,24,"conf_358",500,22,37.3477969256,1,5
"19329",5,24,"conf_358",1500,22,25.4590655669,1,5
"19330",5,24,"conf_358",2500,22,22.0134869688,1,5
"19331",5,24,"conf_358",5000,22,22.0134869688,1,5
"19332",5,24,"conf_358",7500,22,20.8365426446,1,5
"19333",5,24,"conf_358",250,23,46.108599284,1,5
"19334",5,24,"conf_358",500,23,46.108599284,1,5
"19335",5,24,"conf_358",1500,23,18.6662566505,1,5
"19336",5,24,"conf_358",2500,23,18.6662566505,1,5
"19337",5,24,"conf_358",5000,23,18.6662566505,1,5
"19338",5,24,"conf_358",7500,23,17.7653685762,1,5
"19339",5,24,"conf_358",250,24,40.4415776369,1,5
"19340",5,24,"conf_358",500,24,40.4415776369,1,5
"19341",5,24,"conf_358",1500,24,30.5130197563,1,5
"19342",5,24,"conf_358",2500,24,30.5130197563,1,5
"19343",5,24,"conf_358",5000,24,20.3752931259,1,5
"19344",5,24,"conf_358",7500,24,18.8267182277,1,5
"19345",5,24,"conf_358",250,25,19.5626773717,1,5
"19346",5,24,"conf_358",500,25,19.5626773717,1,5
"19347",5,24,"conf_358",1500,25,19.4673175339,1,5
"19348",5,24,"conf_358",2500,25,18.8955527367,1,5
"19349",5,24,"conf_358",5000,25,18.3879981421,1,5
"19350",5,24,"conf_358",7500,25,15.8497334827,1,5
"19351",5,24,"conf_358",250,26,52.5453374911,1,5
"19352",5,24,"conf_358",500,26,46.3413983148,1,5
"19353",5,24,"conf_358",1500,26,33.5490945904,1,5
"19354",5,24,"conf_358",2500,26,22.4866866873,1,5
"19355",5,24,"conf_358",5000,26,14.6493040253,1,5
"19356",5,24,"conf_358",7500,26,13.0646920639,1,5
"19357",5,24,"conf_358",250,27,47.503935872,1,5
"19358",5,24,"conf_358",500,27,37.2139219128,1,5
"19359",5,24,"conf_358",1500,27,24.9989420482,1,5
"19360",5,24,"conf_358",2500,27,24.9989420482,1,5
"19361",5,24,"conf_358",5000,27,19.6100871583,1,5
"19362",5,24,"conf_358",7500,27,17.3493639971,1,5
"19363",5,24,"conf_358",250,28,53.1994297475,1,5
"19364",5,24,"conf_358",500,28,32.0007628973,1,5
"19365",5,24,"conf_358",1500,28,18.4272222695,1,5
"19366",5,24,"conf_358",2500,28,18.4272222695,1,5
"19367",5,24,"conf_358",5000,28,18.4272222695,1,5
"19368",5,24,"conf_358",7500,28,15.6236495498,1,5
"19369",5,24,"conf_358",250,29,47.0098803074,1,5
"19370",5,24,"conf_358",500,29,47.0031699881,1,5
"19371",5,24,"conf_358",1500,29,27.5856920574,1,5
"19372",5,24,"conf_358",2500,29,24.3863799596,1,5
"19373",5,24,"conf_358",5000,29,11.7358709795,1,5
"19374",5,24,"conf_358",7500,29,11.7358709795,1,5
"19375",5,24,"conf_358",250,30,44.8862889908,1,5
"19376",5,24,"conf_358",500,30,39.8324462752,1,5
"19377",5,24,"conf_358",1500,30,25.0331928471,1,5
"19378",5,24,"conf_358",2500,30,25.0331928471,1,5
"19379",5,24,"conf_358",5000,30,17.7441562717,1,5
"19380",5,24,"conf_358",7500,30,17.7441562717,1,5
"19381",5,24,"conf_358",250,31,47.4732767973,1,5
"19382",5,24,"conf_358",500,31,47.4732767973,1,5
"19383",5,24,"conf_358",1500,31,24.8459900461,1,5
"19384",5,24,"conf_358",2500,31,13.9137589803,1,5
"19385",5,24,"conf_358",5000,31,13.9137589803,1,5
"19386",5,24,"conf_358",7500,31,10.3534906376,1,5
"19387",5,24,"conf_358",250,32,23.6888049189,1,5
"19388",5,24,"conf_358",500,32,23.6888049189,1,5
"19389",5,24,"conf_358",1500,32,23.6888049189,1,5
"19390",5,24,"conf_358",2500,32,16.3051564118,1,5
"19391",5,24,"conf_358",5000,32,12.7893204195,1,5
"19392",5,24,"conf_358",7500,32,11.5241909624,1,5
"19393",5,24,"conf_358",250,33,14.3797147339,1,5
"19394",5,24,"conf_358",500,33,14.3797147339,1,5
"19395",5,24,"conf_358",1500,33,14.3797147339,1,5
"19396",5,24,"conf_358",2500,33,14.3797147339,1,5
"19397",5,24,"conf_358",5000,33,14.3797147339,1,5
"19398",5,24,"conf_358",7500,33,7.4421667093,1,5
"19399",5,24,"conf_358",250,34,39.0831720543,1,5
"19400",5,24,"conf_358",500,34,33.6103992236,1,5
"19401",5,24,"conf_358",1500,34,16.6904187397,1,5
"19402",5,24,"conf_358",2500,34,15.7197674723,1,5
"19403",5,24,"conf_358",5000,34,12.870540858,1,5
"19404",5,24,"conf_358",7500,34,12.870540858,1,5
"19405",5,24,"conf_358",250,35,48.3606614273,1,5
"19406",5,24,"conf_358",500,35,46.9701421017,1,5
"19407",5,24,"conf_358",1500,35,21.7433415397,1,5
"19408",5,24,"conf_358",2500,35,19.7786250388,1,5
"19409",5,24,"conf_358",5000,35,12.6171327387,1,5
"19410",5,24,"conf_358",7500,35,12.6171327387,1,5
"19411",5,24,"conf_358",250,36,32.999633662,1,5
"19412",5,24,"conf_358",500,36,32.999633662,1,5
"19413",5,24,"conf_358",1500,36,23.1282277445,1,5
"19414",5,24,"conf_358",2500,36,21.0337856179,1,5
"19415",5,24,"conf_358",5000,36,20.4059858197,1,5
"19416",5,24,"conf_358",7500,36,20.4059858197,1,5
"19417",5,24,"conf_358",250,37,50.3761810955,1,5
"19418",5,24,"conf_358",500,37,40.6099797702,1,5
"19419",5,24,"conf_358",1500,37,29.6078727274,1,5
"19420",5,24,"conf_358",2500,37,29.0817460097,1,5
"19421",5,24,"conf_358",5000,37,22.8100657044,1,5
"19422",5,24,"conf_358",7500,37,12.2321802876,1,5
"19423",5,24,"conf_358",250,38,49.4363193325,1,5
"19424",5,24,"conf_358",500,38,29.6495320952,1,5
"19425",5,24,"conf_358",1500,38,25.4395358642,1,5
"19426",5,24,"conf_358",2500,38,19.3600484225,1,5
"19427",5,24,"conf_358",5000,38,16.6875107155,1,5
"19428",5,24,"conf_358",7500,38,15.4949346547,1,5
"19429",5,24,"conf_358",250,39,27.9054539325,1,5
"19430",5,24,"conf_358",500,39,27.9054539325,1,5
"19431",5,24,"conf_358",1500,39,22.3645250371,1,5
"19432",5,24,"conf_358",2500,39,19.0971504392,1,5
"19433",5,24,"conf_358",5000,39,18.6068238702,1,5
"19434",5,24,"conf_358",7500,39,18.5462846799,1,5
"19435",5,24,"conf_358",250,40,39.3074668693,1,5
"19436",5,24,"conf_358",500,40,36.4145089177,1,5
"19437",5,24,"conf_358",1500,40,28.9832083858,1,5
"19438",5,24,"conf_358",2500,40,28.9832083858,1,5
"19439",5,24,"conf_358",5000,40,16.2242432722,1,5
"19440",5,24,"conf_358",7500,40,15.572457551,1,5
"19441",5,24,"conf_358",250,41,46.8223013765,1,5
"19442",5,24,"conf_358",500,41,46.8223013765,1,5
"19443",5,24,"conf_358",1500,41,30.715795132,1,5
"19444",5,24,"conf_358",2500,41,27.7971318784,1,5
"19445",5,24,"conf_358",5000,41,12.5773753055,1,5
"19446",5,24,"conf_358",7500,41,12.5773753055,1,5
"19447",5,24,"conf_358",250,42,42.6531037803,1,5
"19448",5,24,"conf_358",500,42,40.5804719371,1,5
"19449",5,24,"conf_358",1500,42,20.7535796254,1,5
"19450",5,24,"conf_358",2500,42,20.7535796254,1,5
"19451",5,24,"conf_358",5000,42,13.5132118388,1,5
"19452",5,24,"conf_358",7500,42,13.5132118388,1,5
"19453",5,24,"conf_358",250,43,49.669884739,1,5
"19454",5,24,"conf_358",500,43,42.1269946881,1,5
"19455",5,24,"conf_358",1500,43,24.5913459399,1,5
"19456",5,24,"conf_358",2500,43,24.5913459399,1,5
"19457",5,24,"conf_358",5000,43,19.0690951326,1,5
"19458",5,24,"conf_358",7500,43,12.7413344979,1,5
"19459",5,24,"conf_358",250,44,40.6423416182,1,5
"19460",5,24,"conf_358",500,44,29.9621978293,1,5
"19461",5,24,"conf_358",1500,44,24.0432385768,1,5
"19462",5,24,"conf_358",2500,44,24.0432385768,1,5
"19463",5,24,"conf_358",5000,44,13.5231371567,1,5
"19464",5,24,"conf_358",7500,44,13.5231371567,1,5
"19465",5,24,"conf_358",250,45,55.1641563658,1,5
"19466",5,24,"conf_358",500,45,37.6405444727,1,5
"19467",5,24,"conf_358",1500,45,20.8323703147,1,5
"19468",5,24,"conf_358",2500,45,18.1121792935,1,5
"19469",5,24,"conf_358",5000,45,15.2276520307,1,5
"19470",5,24,"conf_358",7500,45,15.2276520307,1,5
"19471",5,24,"conf_358",250,46,51.6741680175,1,5
"19472",5,24,"conf_358",500,46,38.9346581461,1,5
"19473",5,24,"conf_358",1500,46,24.3084511087,1,5
"19474",5,24,"conf_358",2500,46,24.3084511087,1,5
"19475",5,24,"conf_358",5000,46,15.6251392936,1,5
"19476",5,24,"conf_358",7500,46,15.6251392936,1,5
"19477",5,24,"conf_358",250,47,56.2136863249,1,5
"19478",5,24,"conf_358",500,47,50.2722642679,1,5
"19479",5,24,"conf_358",1500,47,24.0985309849,1,5
"19480",5,24,"conf_358",2500,47,23.7071628655,1,5
"19481",5,24,"conf_358",5000,47,16.573693808,1,5
"19482",5,24,"conf_358",7500,47,12.2901513532,1,5
"19483",5,24,"conf_358",250,48,45.3690870948,1,5
"19484",5,24,"conf_358",500,48,45.3690870948,1,5
"19485",5,24,"conf_358",1500,48,32.4730369669,1,5
"19486",5,24,"conf_358",2500,48,26.4698760153,1,5
"19487",5,24,"conf_358",5000,48,16.9925127165,1,5
"19488",5,24,"conf_358",7500,48,16.9925127165,1,5
"19489",5,24,"conf_358",250,49,45.8991163297,1,5
"19490",5,24,"conf_358",500,49,45.8991163297,1,5
"19491",5,24,"conf_358",1500,49,27.7189342594,1,5
"19492",5,24,"conf_358",2500,49,25.3266973842,1,5
"19493",5,24,"conf_358",5000,49,18.6895193648,1,5
"19494",5,24,"conf_358",7500,49,18.1454299538,1,5
"19495",5,24,"conf_358",250,50,38.4711889547,1,5
"19496",5,24,"conf_358",500,50,29.4767956752,1,5
"19497",5,24,"conf_358",1500,50,15.5487264957,1,5
"19498",5,24,"conf_358",2500,50,15.5487264957,1,5
"19499",5,24,"conf_358",5000,50,11.4548633981,1,5
"19500",5,24,"conf_358",7500,50,11.3147947982,1,5
"19501",5,24,"conf_358",250,51,35.1153645777,2,5
"19502",5,24,"conf_358",500,51,30.3558392554,2,5
"19503",5,24,"conf_358",1500,51,30.3558392554,2,5
"19504",5,24,"conf_358",2500,51,30.3558392554,2,5
"19505",5,24,"conf_358",5000,51,14.0422080645,2,5
"19506",5,24,"conf_358",7500,51,14.0422080645,2,5
"19507",5,24,"conf_358",250,52,47.6685257775,2,5
"19508",5,24,"conf_358",500,52,40.787990752,2,5
"19509",5,24,"conf_358",1500,52,29.9332603158,2,5
"19510",5,24,"conf_358",2500,52,14.3579437674,2,5
"19511",5,24,"conf_358",5000,52,14.3579437674,2,5
"19512",5,24,"conf_358",7500,52,13.6965876137,2,5
"19513",5,24,"conf_358",250,53,38.3585979968,2,5
"19514",5,24,"conf_358",500,53,38.3585979968,2,5
"19515",5,24,"conf_358",1500,53,23.0235363394,2,5
"19516",5,24,"conf_358",2500,53,22.6519003441,2,5
"19517",5,24,"conf_358",5000,53,12.7519194684,2,5
"19518",5,24,"conf_358",7500,53,12.5215862645,2,5
"19519",5,24,"conf_358",250,54,45.7379504581,2,5
"19520",5,24,"conf_358",500,54,41.3405847863,2,5
"19521",5,24,"conf_358",1500,54,30.3999254464,2,5
"19522",5,24,"conf_358",2500,54,20.5755113752,2,5
"19523",5,24,"conf_358",5000,54,16.2321035925,2,5
"19524",5,24,"conf_358",7500,54,16.2321035925,2,5
"19525",5,24,"conf_358",250,55,33.390169743,2,5
"19526",5,24,"conf_358",500,55,25.6455681484,2,5
"19527",5,24,"conf_358",1500,55,10.8664025118,2,5
"19528",5,24,"conf_358",2500,55,10.8664025118,2,5
"19529",5,24,"conf_358",5000,55,10.8664025118,2,5
"19530",5,24,"conf_358",7500,55,10.8664025118,2,5
"19531",5,24,"conf_358",250,56,49.4428772278,2,5
"19532",5,24,"conf_358",500,56,48.2892889817,2,5
"19533",5,24,"conf_358",1500,56,30.4004843798,2,5
"19534",5,24,"conf_358",2500,56,14.5489889047,2,5
"19535",5,24,"conf_358",5000,56,14.5489889047,2,5
"19536",5,24,"conf_358",7500,56,14.5489889047,2,5
"19537",5,24,"conf_358",250,57,17.7378809295,2,5
"19538",5,24,"conf_358",500,57,17.7378809295,2,5
"19539",5,24,"conf_358",1500,57,17.7378809295,2,5
"19540",5,24,"conf_358",2500,57,17.7378809295,2,5
"19541",5,24,"conf_358",5000,57,16.8422007188,2,5
"19542",5,24,"conf_358",7500,57,10.8303376981,2,5
"19543",5,24,"conf_358",250,58,34.6773535362,2,5
"19544",5,24,"conf_358",500,58,30.7045909036,2,5
"19545",5,24,"conf_358",1500,58,23.9137733663,2,5
"19546",5,24,"conf_358",2500,58,22.228446634,2,5
"19547",5,24,"conf_358",5000,58,11.0866235092,2,5
"19548",5,24,"conf_358",7500,58,11.0866235092,2,5
"19549",5,24,"conf_358",250,59,56.1835136797,2,5
"19550",5,24,"conf_358",500,59,51.8070276638,2,5
"19551",5,24,"conf_358",1500,59,26.0992100913,2,5
"19552",5,24,"conf_358",2500,59,25.094768623,2,5
"19553",5,24,"conf_358",5000,59,22.7229612199,2,5
"19554",5,24,"conf_358",7500,59,20.1665158926,2,5
"19555",5,24,"conf_358",250,60,41.9105164487,2,5
"19556",5,24,"conf_358",500,60,37.1820418127,2,5
"19557",5,24,"conf_358",1500,60,23.4115127105,2,5
"19558",5,24,"conf_358",2500,60,22.5368591364,2,5
"19559",5,24,"conf_358",5000,60,17.314482334,2,5
"19560",5,24,"conf_358",7500,60,12.8533171756,2,5
"19561",5,24,"conf_358",250,61,57.0251955326,2,5
"19562",5,24,"conf_358",500,61,57.0251955326,2,5
"19563",5,24,"conf_358",1500,61,23.9648765225,2,5
"19564",5,24,"conf_358",2500,61,23.9648765225,2,5
"19565",5,24,"conf_358",5000,61,8.7996071631,2,5
"19566",5,24,"conf_358",7500,61,8.4512593763,2,5
"19567",5,24,"conf_358",250,62,31.360532503,2,5
"19568",5,24,"conf_358",500,62,31.360532503,2,5
"19569",5,24,"conf_358",1500,62,25.3446134154,2,5
"19570",5,24,"conf_358",2500,62,25.3446134154,2,5
"19571",5,24,"conf_358",5000,62,17.9704930316,2,5
"19572",5,24,"conf_358",7500,62,12.0832374194,2,5
"19573",5,24,"conf_358",250,63,28.4864626045,2,5
"19574",5,24,"conf_358",500,63,28.4864626045,2,5
"19575",5,24,"conf_358",1500,63,25.388980829,2,5
"19576",5,24,"conf_358",2500,63,22.1359917676,2,5
"19577",5,24,"conf_358",5000,63,14.9446461758,2,5
"19578",5,24,"conf_358",7500,63,13.9295140466,2,5
"19579",5,24,"conf_358",250,64,54.3700594254,2,5
"19580",5,24,"conf_358",500,64,53.5536621944,2,5
"19581",5,24,"conf_358",1500,64,27.6386565875,2,5
"19582",5,24,"conf_358",2500,64,27.4007981803,2,5
"19583",5,24,"conf_358",5000,64,19.6875537422,2,5
"19584",5,24,"conf_358",7500,64,14.8160725113,2,5
"19585",5,24,"conf_358",250,65,57.3940990587,2,5
"19586",5,24,"conf_358",500,65,34.4430104359,2,5
"19587",5,24,"conf_358",1500,65,23.2570923091,2,5
"19588",5,24,"conf_358",2500,65,23.2570923091,2,5
"19589",5,24,"conf_358",5000,65,20.0574695357,2,5
"19590",5,24,"conf_358",7500,65,13.4997033127,2,5
"19591",5,24,"conf_358",250,66,33.0510320187,2,5
"19592",5,24,"conf_358",500,66,33.0510320187,2,5
"19593",5,24,"conf_358",1500,66,26.5679187937,2,5
"19594",5,24,"conf_358",2500,66,23.1676639743,2,5
"19595",5,24,"conf_358",5000,66,17.6770221752,2,5
"19596",5,24,"conf_358",7500,66,17.6770221752,2,5
"19597",5,24,"conf_358",250,67,40.0398869016,2,5
"19598",5,24,"conf_358",500,67,40.0398869016,2,5
"19599",5,24,"conf_358",1500,67,29.3343368992,2,5
"19600",5,24,"conf_358",2500,67,20.6612002409,2,5
"19601",5,24,"conf_358",5000,67,18.3745102054,2,5
"19602",5,24,"conf_358",7500,67,16.3764915527,2,5
"19603",5,24,"conf_358",250,68,42.8885712373,2,5
"19604",5,24,"conf_358",500,68,42.8885712373,2,5
"19605",5,24,"conf_358",1500,68,19.2111265449,2,5
"19606",5,24,"conf_358",2500,68,19.2111265449,2,5
"19607",5,24,"conf_358",5000,68,15.2066067158,2,5
"19608",5,24,"conf_358",7500,68,13.2645406844,2,5
"19609",5,24,"conf_358",250,69,44.9701849655,2,5
"19610",5,24,"conf_358",500,69,44.9701849655,2,5
"19611",5,24,"conf_358",1500,69,21.9234264476,2,5
"19612",5,24,"conf_358",2500,69,15.3471020103,2,5
"19613",5,24,"conf_358",5000,69,15.3471020103,2,5
"19614",5,24,"conf_358",7500,69,15.3471020103,2,5
"19615",5,24,"conf_358",250,70,44.5311401895,2,5
"19616",5,24,"conf_358",500,70,44.5311401895,2,5
"19617",5,24,"conf_358",1500,70,28.6457174708,2,5
"19618",5,24,"conf_358",2500,70,25.8135418037,2,5
"19619",5,24,"conf_358",5000,70,19.8372673498,2,5
"19620",5,24,"conf_358",7500,70,16.7363488821,2,5
"19621",5,24,"conf_358",250,71,43.1282791845,2,5
"19622",5,24,"conf_358",500,71,43.1282791845,2,5
"19623",5,24,"conf_358",1500,71,25.9283354651,2,5
"19624",5,24,"conf_358",2500,71,25.9283354651,2,5
"19625",5,24,"conf_358",5000,71,17.2913460323,2,5
"19626",5,24,"conf_358",7500,71,14.670615163,2,5
"19627",5,24,"conf_358",250,72,44.0393188444,2,5
"19628",5,24,"conf_358",500,72,44.0393188444,2,5
"19629",5,24,"conf_358",1500,72,26.4141043144,2,5
"19630",5,24,"conf_358",2500,72,16.1185146768,2,5
"19631",5,24,"conf_358",5000,72,16.1185146768,2,5
"19632",5,24,"conf_358",7500,72,13.5990949338,2,5
"19633",5,24,"conf_358",250,73,56.9980385859,2,5
"19634",5,24,"conf_358",500,73,56.9980385859,2,5
"19635",5,24,"conf_358",1500,73,35.767157011,2,5
"19636",5,24,"conf_358",2500,73,32.9205938831,2,5
"19637",5,24,"conf_358",5000,73,19.91155897,2,5
"19638",5,24,"conf_358",7500,73,15.4241858419,2,5
"19639",5,24,"conf_358",250,74,35.7263383385,2,5
"19640",5,24,"conf_358",500,74,35.7263383385,2,5
"19641",5,24,"conf_358",1500,74,22.0426554783,2,5
"19642",5,24,"conf_358",2500,74,22.0426554783,2,5
"19643",5,24,"conf_358",5000,74,15.4998022883,2,5
"19644",5,24,"conf_358",7500,74,15.4998022883,2,5
"19645",5,24,"conf_358",250,75,37.1877880709,2,5
"19646",5,24,"conf_358",500,75,37.1877880709,2,5
"19647",5,24,"conf_358",1500,75,21.9667053638,2,5
"19648",5,24,"conf_358",2500,75,21.9667053638,2,5
"19649",5,24,"conf_358",5000,75,9.8171294427,2,5
"19650",5,24,"conf_358",7500,75,9.8171294427,2,5
"19651",5,24,"conf_358",250,76,39.647565136,2,5
"19652",5,24,"conf_358",500,76,21.299702553,2,5
"19653",5,24,"conf_358",1500,76,21.299702553,2,5
"19654",5,24,"conf_358",2500,76,12.4506710824,2,5
"19655",5,24,"conf_358",5000,76,12.4506710824,2,5
"19656",5,24,"conf_358",7500,76,12.4506710824,2,5
"19657",5,24,"conf_358",250,77,60.526476766,2,5
"19658",5,24,"conf_358",500,77,45.9196355779,2,5
"19659",5,24,"conf_358",1500,77,24.320457589,2,5
"19660",5,24,"conf_358",2500,77,24.320457589,2,5
"19661",5,24,"conf_358",5000,77,18.370039515,2,5
"19662",5,24,"conf_358",7500,77,14.7053009802,2,5
"19663",5,24,"conf_358",250,78,37.1007348405,2,5
"19664",5,24,"conf_358",500,78,37.1007348405,2,5
"19665",5,24,"conf_358",1500,78,14.415103296,2,5
"19666",5,24,"conf_358",2500,78,14.415103296,2,5
"19667",5,24,"conf_358",5000,78,14.415103296,2,5
"19668",5,24,"conf_358",7500,78,10.9590035762,2,5
"19669",5,24,"conf_358",250,79,44.9329272813,2,5
"19670",5,24,"conf_358",500,79,44.9329272813,2,5
"19671",5,24,"conf_358",1500,79,28.088560252,2,5
"19672",5,24,"conf_358",2500,79,20.9162078088,2,5
"19673",5,24,"conf_358",5000,79,13.6388061542,2,5
"19674",5,24,"conf_358",7500,79,12.4736775574,2,5
"19675",5,24,"conf_358",250,80,51.9032534718,2,5
"19676",5,24,"conf_358",500,80,36.1591111106,2,5
"19677",5,24,"conf_358",1500,80,30.8922932163,2,5
"19678",5,24,"conf_358",2500,80,15.2144803007,2,5
"19679",5,24,"conf_358",5000,80,15.2144803007,2,5
"19680",5,24,"conf_358",7500,80,15.2144803007,2,5
"19681",5,24,"conf_358",250,81,38.7962212528,2,5
"19682",5,24,"conf_358",500,81,38.7962212528,2,5
"19683",5,24,"conf_358",1500,81,21.6265284171,2,5
"19684",5,24,"conf_358",2500,81,21.6265284171,2,5
"19685",5,24,"conf_358",5000,81,12.3042239529,2,5
"19686",5,24,"conf_358",7500,81,12.3042239529,2,5
"19687",5,24,"conf_358",250,82,29.7738545874,2,5
"19688",5,24,"conf_358",500,82,29.7738545874,2,5
"19689",5,24,"conf_358",1500,82,19.8889973851,2,5
"19690",5,24,"conf_358",2500,82,19.8889973851,2,5
"19691",5,24,"conf_358",5000,82,13.6606186534,2,5
"19692",5,24,"conf_358",7500,82,11.8781268465,2,5
"19693",5,24,"conf_358",250,83,47.6000690752,2,5
"19694",5,24,"conf_358",500,83,35.1680910685,2,5
"19695",5,24,"conf_358",1500,83,30.8640552593,2,5
"19696",5,24,"conf_358",2500,83,19.6385553256,2,5
"19697",5,24,"conf_358",5000,83,14.6797947755,2,5
"19698",5,24,"conf_358",7500,83,12.5959179301,2,5
"19699",5,24,"conf_358",250,84,36.3009246612,2,5
"19700",5,24,"conf_358",500,84,34.4677741974,2,5
"19701",5,24,"conf_358",1500,84,32.8762738527,2,5
"19702",5,24,"conf_358",2500,84,32.8762738527,2,5
"19703",5,24,"conf_358",5000,84,20.7412431106,2,5
"19704",5,24,"conf_358",7500,84,19.1313644823,2,5
"19705",5,24,"conf_358",250,85,44.6223011065,2,5
"19706",5,24,"conf_358",500,85,44.6223011065,2,5
"19707",5,24,"conf_358",1500,85,28.2157454899,2,5
"19708",5,24,"conf_358",2500,85,21.9121995292,2,5
"19709",5,24,"conf_358",5000,85,17.9455978162,2,5
"19710",5,24,"conf_358",7500,85,14.7171427407,2,5
"19711",5,24,"conf_358",250,86,57.5451160016,2,5
"19712",5,24,"conf_358",500,86,57.5451160016,2,5
"19713",5,24,"conf_358",1500,86,21.2033191705,2,5
"19714",5,24,"conf_358",2500,86,21.2033191705,2,5
"19715",5,24,"conf_358",5000,86,15.7070462151,2,5
"19716",5,24,"conf_358",7500,86,15.7070462151,2,5
"19717",5,24,"conf_358",250,87,39.6165214124,2,5
"19718",5,24,"conf_358",500,87,31.412775349,2,5
"19719",5,24,"conf_358",1500,87,27.6350397046,2,5
"19720",5,24,"conf_358",2500,87,12.8098143077,2,5
"19721",5,24,"conf_358",5000,87,12.8098143077,2,5
"19722",5,24,"conf_358",7500,87,12.8098143077,2,5
"19723",5,24,"conf_358",250,88,49.2200031905,2,5
"19724",5,24,"conf_358",500,88,36.488413874,2,5
"19725",5,24,"conf_358",1500,88,19.9042146941,2,5
"19726",5,24,"conf_358",2500,88,19.9042146941,2,5
"19727",5,24,"conf_358",5000,88,15.4952478917,2,5
"19728",5,24,"conf_358",7500,88,15.4952478917,2,5
"19729",5,24,"conf_358",250,89,27.0419401127,2,5
"19730",5,24,"conf_358",500,89,27.0419401127,2,5
"19731",5,24,"conf_358",1500,89,26.9123193803,2,5
"19732",5,24,"conf_358",2500,89,26.9123193803,2,5
"19733",5,24,"conf_358",5000,89,17.1668094769,2,5
"19734",5,24,"conf_358",7500,89,17.1668094769,2,5
"19735",5,24,"conf_358",250,90,42.4670139335,2,5
"19736",5,24,"conf_358",500,90,31.7130269011,2,5
"19737",5,24,"conf_358",1500,90,22.3155200094,2,5
"19738",5,24,"conf_358",2500,90,22.3155200094,2,5
"19739",5,24,"conf_358",5000,90,12.3636221527,2,5
"19740",5,24,"conf_358",7500,90,12.3636221527,2,5
"19741",5,24,"conf_358",250,91,20.1193426508,2,5
"19742",5,24,"conf_358",500,91,20.1193426508,2,5
"19743",5,24,"conf_358",1500,91,20.1193426508,2,5
"19744",5,24,"conf_358",2500,91,14.0171218032,2,5
"19745",5,24,"conf_358",5000,91,13.3778971599,2,5
"19746",5,24,"conf_358",7500,91,13.3778971599,2,5
"19747",5,24,"conf_358",250,92,41.388320631,2,5
"19748",5,24,"conf_358",500,92,41.388320631,2,5
"19749",5,24,"conf_358",1500,92,28.9299989089,2,5
"19750",5,24,"conf_358",2500,92,23.0602070257,2,5
"19751",5,24,"conf_358",5000,92,22.2080591779,2,5
"19752",5,24,"conf_358",7500,92,16.6811369184,2,5
"19753",5,24,"conf_358",250,93,44.9265033711,2,5
"19754",5,24,"conf_358",500,93,38.6753538332,2,5
"19755",5,24,"conf_358",1500,93,38.6753538332,2,5
"19756",5,24,"conf_358",2500,93,22.9213807295,2,5
"19757",5,24,"conf_358",5000,93,22.9213807295,2,5
"19758",5,24,"conf_358",7500,93,22.7360113751,2,5
"19759",5,24,"conf_358",250,94,59.812724018,2,5
"19760",5,24,"conf_358",500,94,26.3421196295,2,5
"19761",5,24,"conf_358",1500,94,26.3421196295,2,5
"19762",5,24,"conf_358",2500,94,26.3421196295,2,5
"19763",5,24,"conf_358",5000,94,17.3220287486,2,5
"19764",5,24,"conf_358",7500,94,17.3220287486,2,5
"19765",5,24,"conf_358",250,95,45.1126402471,2,5
"19766",5,24,"conf_358",500,95,38.1128730552,2,5
"19767",5,24,"conf_358",1500,95,23.4725471754,2,5
"19768",5,24,"conf_358",2500,95,18.3944444789,2,5
"19769",5,24,"conf_358",5000,95,12.8172545922,2,5
"19770",5,24,"conf_358",7500,95,12.8082744005,2,5
"19771",5,24,"conf_358",250,96,41.0009901087,2,5
"19772",5,24,"conf_358",500,96,41.0009901087,2,5
"19773",5,24,"conf_358",1500,96,24.5391799663,2,5
"19774",5,24,"conf_358",2500,96,24.5391799663,2,5
"19775",5,24,"conf_358",5000,96,22.173990434,2,5
"19776",5,24,"conf_358",7500,96,18.4286793709,2,5
"19777",5,24,"conf_358",250,97,37.96692505,2,5
"19778",5,24,"conf_358",500,97,35.4157004,2,5
"19779",5,24,"conf_358",1500,97,15.3811678137,2,5
"19780",5,24,"conf_358",2500,97,15.3811678137,2,5
"19781",5,24,"conf_358",5000,97,15.3811678137,2,5
"19782",5,24,"conf_358",7500,97,15.3811678137,2,5
"19783",5,24,"conf_358",250,98,34.1100986031,2,5
"19784",5,24,"conf_358",500,98,34.1100986031,2,5
"19785",5,24,"conf_358",1500,98,27.5202407329,2,5
"19786",5,24,"conf_358",2500,98,26.1819628576,2,5
"19787",5,24,"conf_358",5000,98,17.1834697025,2,5
"19788",5,24,"conf_358",7500,98,17.1834697025,2,5
"19789",5,24,"conf_358",250,99,30.1769339113,2,5
"19790",5,24,"conf_358",500,99,30.1769339113,2,5
"19791",5,24,"conf_358",1500,99,30.1769339113,2,5
"19792",5,24,"conf_358",2500,99,26.8599152416,2,5
"19793",5,24,"conf_358",5000,99,17.753610202,2,5
"19794",5,24,"conf_358",7500,99,17.753610202,2,5
"19795",5,24,"conf_358",250,100,43.4478882403,2,5
"19796",5,24,"conf_358",500,100,37.780244646,2,5
"19797",5,24,"conf_358",1500,100,24.4978677208,2,5
"19798",5,24,"conf_358",2500,100,24.4978677208,2,5
"19799",5,24,"conf_358",5000,100,16.5962514688,2,5
"19800",5,24,"conf_358",7500,100,16.5962514688,2,5
"19801",5,24,"conf_358",250,101,40.1640967232,3,5
"19802",5,24,"conf_358",500,101,32.5031920724,3,5
"19803",5,24,"conf_358",1500,101,29.2268907975,3,5
"19804",5,24,"conf_358",2500,101,24.314772658,3,5
"19805",5,24,"conf_358",5000,101,21.8179230336,3,5
"19806",5,24,"conf_358",7500,101,19.3080586323,3,5
"19807",5,24,"conf_358",250,102,47.3947180156,3,5
"19808",5,24,"conf_358",500,102,47.3947180156,3,5
"19809",5,24,"conf_358",1500,102,16.5785137258,3,5
"19810",5,24,"conf_358",2500,102,16.5785137258,3,5
"19811",5,24,"conf_358",5000,102,16.5785137258,3,5
"19812",5,24,"conf_358",7500,102,16.5785137258,3,5
"19813",5,24,"conf_358",250,103,32.1690790686,3,5
"19814",5,24,"conf_358",500,103,32.1690790686,3,5
"19815",5,24,"conf_358",1500,103,32.1690790686,3,5
"19816",5,24,"conf_358",2500,103,30.6981177376,3,5
"19817",5,24,"conf_358",5000,103,19.6576080883,3,5
"19818",5,24,"conf_358",7500,103,18.7724226948,3,5
"19819",5,24,"conf_358",250,104,43.4830061202,3,5
"19820",5,24,"conf_358",500,104,28.9137855836,3,5
"19821",5,24,"conf_358",1500,104,25.0149753079,3,5
"19822",5,24,"conf_358",2500,104,16.6619066774,3,5
"19823",5,24,"conf_358",5000,104,14.9909312102,3,5
"19824",5,24,"conf_358",7500,104,13.0840040387,3,5
"19825",5,24,"conf_358",250,105,48.6431784912,3,5
"19826",5,24,"conf_358",500,105,41.4545990134,3,5
"19827",5,24,"conf_358",1500,105,24.0180314013,3,5
"19828",5,24,"conf_358",2500,105,22.8401923284,3,5
"19829",5,24,"conf_358",5000,105,13.3627235518,3,5
"19830",5,24,"conf_358",7500,105,11.6551656375,3,5
"19831",5,24,"conf_358",250,106,32.4357860723,3,5
"19832",5,24,"conf_358",500,106,32.4357860723,3,5
"19833",5,24,"conf_358",1500,106,21.0440165746,3,5
"19834",5,24,"conf_358",2500,106,21.0440165746,3,5
"19835",5,24,"conf_358",5000,106,19.1172465556,3,5
"19836",5,24,"conf_358",7500,106,18.2381762055,3,5
"19837",5,24,"conf_358",250,107,40.0015884797,3,5
"19838",5,24,"conf_358",500,107,40.0015884797,3,5
"19839",5,24,"conf_358",1500,107,24.464302951,3,5
"19840",5,24,"conf_358",2500,107,24.464302951,3,5
"19841",5,24,"conf_358",5000,107,12.6923248611,3,5
"19842",5,24,"conf_358",7500,107,12.6923248611,3,5
"19843",5,24,"conf_358",250,108,49.2271994729,3,5
"19844",5,24,"conf_358",500,108,43.2631697977,3,5
"19845",5,24,"conf_358",1500,108,22.5978538912,3,5
"19846",5,24,"conf_358",2500,108,22.5978538912,3,5
"19847",5,24,"conf_358",5000,108,19.3217159809,3,5
"19848",5,24,"conf_358",7500,108,19.3217159809,3,5
"19849",5,24,"conf_358",250,109,35.3073539491,3,5
"19850",5,24,"conf_358",500,109,35.3073539491,3,5
"19851",5,24,"conf_358",1500,109,33.0148468599,3,5
"19852",5,24,"conf_358",2500,109,20.8252389823,3,5
"19853",5,24,"conf_358",5000,109,19.6952087629,3,5
"19854",5,24,"conf_358",7500,109,17.1533045718,3,5
"19855",5,24,"conf_358",250,110,36.4939898026,3,5
"19856",5,24,"conf_358",500,110,34.8667951826,3,5
"19857",5,24,"conf_358",1500,110,21.9095591139,3,5
"19858",5,24,"conf_358",2500,110,21.9095591139,3,5
"19859",5,24,"conf_358",5000,110,18.5012268239,3,5
"19860",5,24,"conf_358",7500,110,13.4456065354,3,5
"19861",5,24,"conf_358",250,111,42.7996866959,3,5
"19862",5,24,"conf_358",500,111,42.7996866959,3,5
"19863",5,24,"conf_358",1500,111,19.9410594635,3,5
"19864",5,24,"conf_358",2500,111,19.9410594635,3,5
"19865",5,24,"conf_358",5000,111,15.9468190883,3,5
"19866",5,24,"conf_358",7500,111,15.9468190883,3,5
"19867",5,24,"conf_358",250,112,60.370927031,3,5
"19868",5,24,"conf_358",500,112,31.9805406398,3,5
"19869",5,24,"conf_358",1500,112,30.5801471338,3,5
"19870",5,24,"conf_358",2500,112,21.9926408341,3,5
"19871",5,24,"conf_358",5000,112,21.9926408341,3,5
"19872",5,24,"conf_358",7500,112,12.7152712832,3,5
"19873",5,24,"conf_358",250,113,47.3656151715,3,5
"19874",5,24,"conf_358",500,113,47.3656151715,3,5
"19875",5,24,"conf_358",1500,113,28.3246303739,3,5
"19876",5,24,"conf_358",2500,113,23.1699606604,3,5
"19877",5,24,"conf_358",5000,113,13.6928757093,3,5
"19878",5,24,"conf_358",7500,113,13.6928757093,3,5
"19879",5,24,"conf_358",250,114,46.5773797268,3,5
"19880",5,24,"conf_358",500,114,46.5773797268,3,5
"19881",5,24,"conf_358",1500,114,37.0305672565,3,5
"19882",5,24,"conf_358",2500,114,25.767851816,3,5
"19883",5,24,"conf_358",5000,114,13.8457114876,3,5
"19884",5,24,"conf_358",7500,114,13.8457114876,3,5
"19885",5,24,"conf_358",250,115,31.813559042,3,5
"19886",5,24,"conf_358",500,115,31.813559042,3,5
"19887",5,24,"conf_358",1500,115,31.0232109431,3,5
"19888",5,24,"conf_358",2500,115,28.4602771774,3,5
"19889",5,24,"conf_358",5000,115,20.4661649499,3,5
"19890",5,24,"conf_358",7500,115,20.4661649499,3,5
"19891",5,24,"conf_358",250,116,38.8085827597,3,5
"19892",5,24,"conf_358",500,116,38.8085827597,3,5
"19893",5,24,"conf_358",1500,116,21.8149718297,3,5
"19894",5,24,"conf_358",2500,116,21.8149718297,3,5
"19895",5,24,"conf_358",5000,116,16.6183008396,3,5
"19896",5,24,"conf_358",7500,116,13.4347531232,3,5
"19897",5,24,"conf_358",250,117,49.5775314269,3,5
"19898",5,24,"conf_358",500,117,41.2347296976,3,5
"19899",5,24,"conf_358",1500,117,16.1051051353,3,5
"19900",5,24,"conf_358",2500,117,16.1051051353,3,5
"19901",5,24,"conf_358",5000,117,14.2917596247,3,5
"19902",5,24,"conf_358",7500,117,12.7519673716,3,5
"19903",5,24,"conf_358",250,118,51.976159107,3,5
"19904",5,24,"conf_358",500,118,30.7120658486,3,5
"19905",5,24,"conf_358",1500,118,20.9332702976,3,5
"19906",5,24,"conf_358",2500,118,19.3107553492,3,5
"19907",5,24,"conf_358",5000,118,19.3107553492,3,5
"19908",5,24,"conf_358",7500,118,15.0745252129,3,5
"19909",5,24,"conf_358",250,119,55.3394811619,3,5
"19910",5,24,"conf_358",500,119,37.4955876705,3,5
"19911",5,24,"conf_358",1500,119,31.1362689329,3,5
"19912",5,24,"conf_358",2500,119,22.649539717,3,5
"19913",5,24,"conf_358",5000,119,18.7239239096,3,5
"19914",5,24,"conf_358",7500,119,15.3026730599,3,5
"19915",5,24,"conf_358",250,120,44.9984672979,3,5
"19916",5,24,"conf_358",500,120,44.9984672979,3,5
"19917",5,24,"conf_358",1500,120,26.4507531142,3,5
"19918",5,24,"conf_358",2500,120,19.5989587988,3,5
"19919",5,24,"conf_358",5000,120,19.5989587988,3,5
"19920",5,24,"conf_358",7500,120,18.4370928975,3,5
"19921",5,24,"conf_358",250,121,29.1258698327,3,5
"19922",5,24,"conf_358",500,121,29.1258698327,3,5
"19923",5,24,"conf_358",1500,121,18.1293853022,3,5
"19924",5,24,"conf_358",2500,121,15.2653139661,3,5
"19925",5,24,"conf_358",5000,121,15.2653139661,3,5
"19926",5,24,"conf_358",7500,121,15.2653139661,3,5
"19927",5,24,"conf_358",250,122,36.1677121415,3,5
"19928",5,24,"conf_358",500,122,36.1677121415,3,5
"19929",5,24,"conf_358",1500,122,16.7793754523,3,5
"19930",5,24,"conf_358",2500,122,16.7793754523,3,5
"19931",5,24,"conf_358",5000,122,11.766326294,3,5
"19932",5,24,"conf_358",7500,122,11.766326294,3,5
"19933",5,24,"conf_358",250,123,44.615181145,3,5
"19934",5,24,"conf_358",500,123,42.0196177802,3,5
"19935",5,24,"conf_358",1500,123,24.1030526548,3,5
"19936",5,24,"conf_358",2500,123,24.1030526548,3,5
"19937",5,24,"conf_358",5000,123,16.1679828843,3,5
"19938",5,24,"conf_358",7500,123,16.1679828843,3,5
"19939",5,24,"conf_358",250,124,49.2631914437,3,5
"19940",5,24,"conf_358",500,124,19.4603646091,3,5
"19941",5,24,"conf_358",1500,124,19.4603646091,3,5
"19942",5,24,"conf_358",2500,124,18.8103182421,3,5
"19943",5,24,"conf_358",5000,124,15.0893881487,3,5
"19944",5,24,"conf_358",7500,124,15.0893881487,3,5
"19945",5,24,"conf_358",250,125,36.9465607444,3,5
"19946",5,24,"conf_358",500,125,36.9465607444,3,5
"19947",5,24,"conf_358",1500,125,25.0237056244,3,5
"19948",5,24,"conf_358",2500,125,23.5139894718,3,5
"19949",5,24,"conf_358",5000,125,21.2316596417,3,5
"19950",5,24,"conf_358",7500,125,17.780071683,3,5
"19951",5,24,"conf_358",250,126,33.6194251123,3,5
"19952",5,24,"conf_358",500,126,33.6194251123,3,5
"19953",5,24,"conf_358",1500,126,24.5076738417,3,5
"19954",5,24,"conf_358",2500,126,19.164206538,3,5
"19955",5,24,"conf_358",5000,126,14.0773641589,3,5
"19956",5,24,"conf_358",7500,126,14.0773641589,3,5
"19957",5,24,"conf_358",250,127,22.8585224942,3,5
"19958",5,24,"conf_358",500,127,22.8585224942,3,5
"19959",5,24,"conf_358",1500,127,22.8585224942,3,5
"19960",5,24,"conf_358",2500,127,22.8585224942,3,5
"19961",5,24,"conf_358",5000,127,17.2356079811,3,5
"19962",5,24,"conf_358",7500,127,17.2356079811,3,5
"19963",5,24,"conf_358",250,128,40.4901490554,3,5
"19964",5,24,"conf_358",500,128,37.5731257937,3,5
"19965",5,24,"conf_358",1500,128,27.5257978678,3,5
"19966",5,24,"conf_358",2500,128,20.2157567527,3,5
"19967",5,24,"conf_358",5000,128,19.4549023493,3,5
"19968",5,24,"conf_358",7500,128,19.4549023493,3,5
"19969",5,24,"conf_358",250,129,54.9819922612,3,5
"19970",5,24,"conf_358",500,129,25.3282418873,3,5
"19971",5,24,"conf_358",1500,129,25.3282418873,3,5
"19972",5,24,"conf_358",2500,129,16.8761566026,3,5
"19973",5,24,"conf_358",5000,129,12.0704084212,3,5
"19974",5,24,"conf_358",7500,129,12.0704084212,3,5
"19975",5,24,"conf_358",250,130,45.2822436278,3,5
"19976",5,24,"conf_358",500,130,44.8619026335,3,5
"19977",5,24,"conf_358",1500,130,32.239374904,3,5
"19978",5,24,"conf_358",2500,130,26.3257058183,3,5
"19979",5,24,"conf_358",5000,130,21.2822117443,3,5
"19980",5,24,"conf_358",7500,130,14.2864187333,3,5
"19981",5,24,"conf_358",250,131,44.7805195103,3,5
"19982",5,24,"conf_358",500,131,34.415329634,3,5
"19983",5,24,"conf_358",1500,131,18.592170822,3,5
"19984",5,24,"conf_358",2500,131,16.5046037025,3,5
"19985",5,24,"conf_358",5000,131,16.5046037025,3,5
"19986",5,24,"conf_358",7500,131,16.5046037025,3,5
"19987",5,24,"conf_358",250,132,32.1004813054,3,5
"19988",5,24,"conf_358",500,132,32.1004813054,3,5
"19989",5,24,"conf_358",1500,132,30.0363524447,3,5
"19990",5,24,"conf_358",2500,132,20.1294509425,3,5
"19991",5,24,"conf_358",5000,132,20.1294509425,3,5
"19992",5,24,"conf_358",7500,132,20.1294509425,3,5
"19993",5,24,"conf_358",250,133,55.6444792764,3,5
"19994",5,24,"conf_358",500,133,42.1073702848,3,5
"19995",5,24,"conf_358",1500,133,23.5109387524,3,5
"19996",5,24,"conf_358",2500,133,19.0583017997,3,5
"19997",5,24,"conf_358",5000,133,12.8258815884,3,5
"19998",5,24,"conf_358",7500,133,12.8258815884,3,5
"19999",5,24,"conf_358",250,134,39.6693649763,3,5
"20000",5,24,"conf_358",500,134,35.9960052784,3,5
"20001",5,24,"conf_358",1500,134,22.5271639747,3,5
"20002",5,24,"conf_358",2500,134,22.5271639747,3,5
"20003",5,24,"conf_358",5000,134,17.4297118789,3,5
"20004",5,24,"conf_358",7500,134,17.1980908415,3,5
"20005",5,24,"conf_358",250,135,42.0448522317,3,5
"20006",5,24,"conf_358",500,135,30.1871766976,3,5
"20007",5,24,"conf_358",1500,135,19.2926657422,3,5
"20008",5,24,"conf_358",2500,135,17.1248912609,3,5
"20009",5,24,"conf_358",5000,135,17.1248912609,3,5
"20010",5,24,"conf_358",7500,135,17.1248912609,3,5
"20011",5,24,"conf_358",250,136,56.6458675295,3,5
"20012",5,24,"conf_358",500,136,47.0065028023,3,5
"20013",5,24,"conf_358",1500,136,17.8801197474,3,5
"20014",5,24,"conf_358",2500,136,17.8801197474,3,5
"20015",5,24,"conf_358",5000,136,17.8801197474,3,5
"20016",5,24,"conf_358",7500,136,17.8801197474,3,5
"20017",5,24,"conf_358",250,137,37.6222830839,3,5
"20018",5,24,"conf_358",500,137,37.6222830839,3,5
"20019",5,24,"conf_358",1500,137,23.8469022422,3,5
"20020",5,24,"conf_358",2500,137,22.0818593463,3,5
"20021",5,24,"conf_358",5000,137,20.5341178641,3,5
"20022",5,24,"conf_358",7500,137,13.7066215442,3,5
"20023",5,24,"conf_358",250,138,49.7030326434,3,5
"20024",5,24,"conf_358",500,138,45.3884192422,3,5
"20025",5,24,"conf_358",1500,138,31.0289975044,3,5
"20026",5,24,"conf_358",2500,138,17.6968071601,3,5
"20027",5,24,"conf_358",5000,138,14.5658480637,3,5
"20028",5,24,"conf_358",7500,138,13.2739959891,3,5
"20029",5,24,"conf_358",250,139,44.0405169897,3,5
"20030",5,24,"conf_358",500,139,44.0405169897,3,5
"20031",5,24,"conf_358",1500,139,22.366304791,3,5
"20032",5,24,"conf_358",2500,139,22.366304791,3,5
"20033",5,24,"conf_358",5000,139,19.4646387784,3,5
"20034",5,24,"conf_358",7500,139,16.6377472818,3,5
"20035",5,24,"conf_358",250,140,56.3887950008,3,5
"20036",5,24,"conf_358",500,140,46.3897397016,3,5
"20037",5,24,"conf_358",1500,140,29.7513264325,3,5
"20038",5,24,"conf_358",2500,140,18.7314217995,3,5
"20039",5,24,"conf_358",5000,140,17.2739932192,3,5
"20040",5,24,"conf_358",7500,140,17.2739932192,3,5
"20041",5,24,"conf_358",250,141,57.0804901686,3,5
"20042",5,24,"conf_358",500,141,41.8211567224,3,5
"20043",5,24,"conf_358",1500,141,29.1133738614,3,5
"20044",5,24,"conf_358",2500,141,21.8934514316,3,5
"20045",5,24,"conf_358",5000,141,17.0684712609,3,5
"20046",5,24,"conf_358",7500,141,14.391305223,3,5
"20047",5,24,"conf_358",250,142,46.0403808745,3,5
"20048",5,24,"conf_358",500,142,42.794583158,3,5
"20049",5,24,"conf_358",1500,142,33.4087525494,3,5
"20050",5,24,"conf_358",2500,142,17.4716101821,3,5
"20051",5,24,"conf_358",5000,142,17.4716101821,3,5
"20052",5,24,"conf_358",7500,142,17.4716101821,3,5
"20053",5,24,"conf_358",250,143,41.9821025868,3,5
"20054",5,24,"conf_358",500,143,41.9821025868,3,5
"20055",5,24,"conf_358",1500,143,27.1757750554,3,5
"20056",5,24,"conf_358",2500,143,15.7288203778,3,5
"20057",5,24,"conf_358",5000,143,14.4962653159,3,5
"20058",5,24,"conf_358",7500,143,11.6854865853,3,5
"20059",5,24,"conf_358",250,144,50.9307012317,3,5
"20060",5,24,"conf_358",500,144,40.0381197906,3,5
"20061",5,24,"conf_358",1500,144,27.3238263372,3,5
"20062",5,24,"conf_358",2500,144,23.0837225176,3,5
"20063",5,24,"conf_358",5000,144,15.4299605582,3,5
"20064",5,24,"conf_358",7500,144,12.6798342523,3,5
"20065",5,24,"conf_358",250,145,39.7356894496,3,5
"20066",5,24,"conf_358",500,145,39.7356894496,3,5
"20067",5,24,"conf_358",1500,145,22.7386457237,3,5
"20068",5,24,"conf_358",2500,145,19.8669468698,3,5
"20069",5,24,"conf_358",5000,145,7.9280098024,3,5
"20070",5,24,"conf_358",7500,145,7.9280098024,3,5
"20071",5,24,"conf_358",250,146,29.5363859777,3,5
"20072",5,24,"conf_358",500,146,29.5363859777,3,5
"20073",5,24,"conf_358",1500,146,20.5733637899,3,5
"20074",5,24,"conf_358",2500,146,20.5733637899,3,5
"20075",5,24,"conf_358",5000,146,16.531765375,3,5
"20076",5,24,"conf_358",7500,146,16.531765375,3,5
"20077",5,24,"conf_358",250,147,51.9766092733,3,5
"20078",5,24,"conf_358",500,147,51.1591698198,3,5
"20079",5,24,"conf_358",1500,147,34.1196295685,3,5
"20080",5,24,"conf_358",2500,147,26.0512529129,3,5
"20081",5,24,"conf_358",5000,147,22.5541764538,3,5
"20082",5,24,"conf_358",7500,147,16.6038436255,3,5
"20083",5,24,"conf_358",250,148,52.4759698477,3,5
"20084",5,24,"conf_358",500,148,31.6500614954,3,5
"20085",5,24,"conf_358",1500,148,27.8687254104,3,5
"20086",5,24,"conf_358",2500,148,24.5970942771,3,5
"20087",5,24,"conf_358",5000,148,22.0394254463,3,5
"20088",5,24,"conf_358",7500,148,18.4583280653,3,5
"20089",5,24,"conf_358",250,149,44.7011277829,3,5
"20090",5,24,"conf_358",500,149,32.1693843956,3,5
"20091",5,24,"conf_358",1500,149,27.5968227197,3,5
"20092",5,24,"conf_358",2500,149,27.5968227197,3,5
"20093",5,24,"conf_358",5000,149,23.1980908865,3,5
"20094",5,24,"conf_358",7500,149,13.2240809524,3,5
"20095",5,24,"conf_358",250,150,53.4432642426,3,5
"20096",5,24,"conf_358",500,150,47.9811045559,3,5
"20097",5,24,"conf_358",1500,150,20.4884843774,3,5
"20098",5,24,"conf_358",2500,150,20.4884843774,3,5
"20099",5,24,"conf_358",5000,150,20.4884843774,3,5
"20100",5,24,"conf_358",7500,150,15.4664017987,3,5
"20101",5,24,"conf_358",250,151,39.9710132825,4,5
"20102",5,24,"conf_358",500,151,39.9710132825,4,5
"20103",5,24,"conf_358",1500,151,31.2761077847,4,5
"20104",5,24,"conf_358",2500,151,13.579082829,4,5
"20105",5,24,"conf_358",5000,151,12.1110041955,4,5
"20106",5,24,"conf_358",7500,151,12.1110041955,4,5
"20107",5,24,"conf_358",250,152,60.3310015126,4,5
"20108",5,24,"conf_358",500,152,33.8658631081,4,5
"20109",5,24,"conf_358",1500,152,28.6525004528,4,5
"20110",5,24,"conf_358",2500,152,17.4894611095,4,5
"20111",5,24,"conf_358",5000,152,16.1473713289,4,5
"20112",5,24,"conf_358",7500,152,16.1473713289,4,5
"20113",5,24,"conf_358",250,153,23.9839857944,4,5
"20114",5,24,"conf_358",500,153,23.9839857944,4,5
"20115",5,24,"conf_358",1500,153,21.5988402065,4,5
"20116",5,24,"conf_358",2500,153,21.5988402065,4,5
"20117",5,24,"conf_358",5000,153,16.704459366,4,5
"20118",5,24,"conf_358",7500,153,16.704459366,4,5
"20119",5,24,"conf_358",250,154,42.1666989333,4,5
"20120",5,24,"conf_358",500,154,38.7162214162,4,5
"20121",5,24,"conf_358",1500,154,30.7909444269,4,5
"20122",5,24,"conf_358",2500,154,27.6972309155,4,5
"20123",5,24,"conf_358",5000,154,21.6816301771,4,5
"20124",5,24,"conf_358",7500,154,21.6816301771,4,5
"20125",5,24,"conf_358",250,155,32.110752307,4,5
"20126",5,24,"conf_358",500,155,32.110752307,4,5
"20127",5,24,"conf_358",1500,155,32.110752307,4,5
"20128",5,24,"conf_358",2500,155,16.3723050001,4,5
"20129",5,24,"conf_358",5000,155,16.3723050001,4,5
"20130",5,24,"conf_358",7500,155,10.7610981455,4,5
"20131",5,24,"conf_358",250,156,43.0924967136,4,5
"20132",5,24,"conf_358",500,156,40.4128713103,4,5
"20133",5,24,"conf_358",1500,156,31.0497235565,4,5
"20134",5,24,"conf_358",2500,156,21.8340931168,4,5
"20135",5,24,"conf_358",5000,156,15.5985977007,4,5
"20136",5,24,"conf_358",7500,156,13.3293798424,4,5
"20137",5,24,"conf_358",250,157,38.2176895087,4,5
"20138",5,24,"conf_358",500,157,38.2176895087,4,5
"20139",5,24,"conf_358",1500,157,32.6279669171,4,5
"20140",5,24,"conf_358",2500,157,21.0934895814,4,5
"20141",5,24,"conf_358",5000,157,17.2105637334,4,5
"20142",5,24,"conf_358",7500,157,17.2105637334,4,5
"20143",5,24,"conf_358",250,158,26.4913485439,4,5
"20144",5,24,"conf_358",500,158,26.4913485439,4,5
"20145",5,24,"conf_358",1500,158,22.7050482272,4,5
"20146",5,24,"conf_358",2500,158,22.7050482272,4,5
"20147",5,24,"conf_358",5000,158,15.7315509092,4,5
"20148",5,24,"conf_358",7500,158,15.7315509092,4,5
"20149",5,24,"conf_358",250,159,45.7571633814,4,5
"20150",5,24,"conf_358",500,159,36.1826010586,4,5
"20151",5,24,"conf_358",1500,159,33.7984454599,4,5
"20152",5,24,"conf_358",2500,159,22.947085042,4,5
"20153",5,24,"conf_358",5000,159,17.0547141696,4,5
"20154",5,24,"conf_358",7500,159,17.0547141696,4,5
"20155",5,24,"conf_358",250,160,42.6199382131,4,5
"20156",5,24,"conf_358",500,160,30.1469268151,4,5
"20157",5,24,"conf_358",1500,160,26.4145245346,4,5
"20158",5,24,"conf_358",2500,160,12.6647931139,4,5
"20159",5,24,"conf_358",5000,160,12.6647931139,4,5
"20160",5,24,"conf_358",7500,160,12.6647931139,4,5
"20161",5,24,"conf_358",250,161,45.6429772504,4,5
"20162",5,24,"conf_358",500,161,34.7949447233,4,5
"20163",5,24,"conf_358",1500,161,28.4447270208,4,5
"20164",5,24,"conf_358",2500,161,25.6869553689,4,5
"20165",5,24,"conf_358",5000,161,14.8024152231,4,5
"20166",5,24,"conf_358",7500,161,14.8024152231,4,5
"20167",5,24,"conf_358",250,162,45.3201332251,4,5
"20168",5,24,"conf_358",500,162,45.3201332251,4,5
"20169",5,24,"conf_358",1500,162,23.6309174323,4,5
"20170",5,24,"conf_358",2500,162,23.6309174323,4,5
"20171",5,24,"conf_358",5000,162,16.4470350792,4,5
"20172",5,24,"conf_358",7500,162,16.4470350792,4,5
"20173",5,24,"conf_358",250,163,21.8249215987,4,5
"20174",5,24,"conf_358",500,163,21.8249215987,4,5
"20175",5,24,"conf_358",1500,163,19.3016841505,4,5
"20176",5,24,"conf_358",2500,163,19.3016841505,4,5
"20177",5,24,"conf_358",5000,163,12.2211235233,4,5
"20178",5,24,"conf_358",7500,163,12.2211235233,4,5
"20179",5,24,"conf_358",250,164,45.156491382,4,5
"20180",5,24,"conf_358",500,164,45.156491382,4,5
"20181",5,24,"conf_358",1500,164,21.462187294,4,5
"20182",5,24,"conf_358",2500,164,21.462187294,4,5
"20183",5,24,"conf_358",5000,164,15.5638990418,4,5
"20184",5,24,"conf_358",7500,164,15.5638990418,4,5
"20185",5,24,"conf_358",250,165,44.3802267874,4,5
"20186",5,24,"conf_358",500,165,40.6187713344,4,5
"20187",5,24,"conf_358",1500,165,25.4300568743,4,5
"20188",5,24,"conf_358",2500,165,23.2805140143,4,5
"20189",5,24,"conf_358",5000,165,20.7694044896,4,5
"20190",5,24,"conf_358",7500,165,16.1993982435,4,5
"20191",5,24,"conf_358",250,166,24.5783494766,4,5
"20192",5,24,"conf_358",500,166,24.5783494766,4,5
"20193",5,24,"conf_358",1500,166,24.0806290161,4,5
"20194",5,24,"conf_358",2500,166,20.4349568828,4,5
"20195",5,24,"conf_358",5000,166,13.6295548958,4,5
"20196",5,24,"conf_358",7500,166,13.6295548958,4,5
"20197",5,24,"conf_358",250,167,54.3722107608,4,5
"20198",5,24,"conf_358",500,167,25.3909304402,4,5
"20199",5,24,"conf_358",1500,167,22.4187890793,4,5
"20200",5,24,"conf_358",2500,167,20.050145005,4,5
"20201",5,24,"conf_358",5000,167,20.050145005,4,5
"20202",5,24,"conf_358",7500,167,15.738883613,4,5
"20203",5,24,"conf_358",250,168,40.9118882988,4,5
"20204",5,24,"conf_358",500,168,40.9118882988,4,5
"20205",5,24,"conf_358",1500,168,20.7494601365,4,5
"20206",5,24,"conf_358",2500,168,15.6778438554,4,5
"20207",5,24,"conf_358",5000,168,15.6778438554,4,5
"20208",5,24,"conf_358",7500,168,15.6778438554,4,5
"20209",5,24,"conf_358",250,169,40.5701234752,4,5
"20210",5,24,"conf_358",500,169,38.5998194834,4,5
"20211",5,24,"conf_358",1500,169,35.6972959794,4,5
"20212",5,24,"conf_358",2500,169,28.1823659502,4,5
"20213",5,24,"conf_358",5000,169,11.983873507,4,5
"20214",5,24,"conf_358",7500,169,11.983873507,4,5
"20215",5,24,"conf_358",250,170,39.8691031726,4,5
"20216",5,24,"conf_358",500,170,37.2909963282,4,5
"20217",5,24,"conf_358",1500,170,30.1159016828,4,5
"20218",5,24,"conf_358",2500,170,19.3154302044,4,5
"20219",5,24,"conf_358",5000,170,13.2971151751,4,5
"20220",5,24,"conf_358",7500,170,11.9952988371,4,5
"20221",5,24,"conf_358",250,171,46.6323700325,4,5
"20222",5,24,"conf_358",500,171,34.2410768619,4,5
"20223",5,24,"conf_358",1500,171,33.5087556196,4,5
"20224",5,24,"conf_358",2500,171,23.7468903657,4,5
"20225",5,24,"conf_358",5000,171,19.2958894301,4,5
"20226",5,24,"conf_358",7500,171,12.5059123271,4,5
"20227",5,24,"conf_358",250,172,35.9517383675,4,5
"20228",5,24,"conf_358",500,172,35.9517383675,4,5
"20229",5,24,"conf_358",1500,172,27.2080696023,4,5
"20230",5,24,"conf_358",2500,172,18.2039174884,4,5
"20231",5,24,"conf_358",5000,172,18.2039174884,4,5
"20232",5,24,"conf_358",7500,172,11.9510913308,4,5
"20233",5,24,"conf_358",250,173,44.1301669312,4,5
"20234",5,24,"conf_358",500,173,43.3762707123,4,5
"20235",5,24,"conf_358",1500,173,26.6549975858,4,5
"20236",5,24,"conf_358",2500,173,17.7823747192,4,5
"20237",5,24,"conf_358",5000,173,17.7823747192,4,5
"20238",5,24,"conf_358",7500,173,15.8275374296,4,5
"20239",5,24,"conf_358",250,174,53.3421254133,4,5
"20240",5,24,"conf_358",500,174,53.3421254133,4,5
"20241",5,24,"conf_358",1500,174,23.7200516503,4,5
"20242",5,24,"conf_358",2500,174,16.2271847938,4,5
"20243",5,24,"conf_358",5000,174,16.2271847938,4,5
"20244",5,24,"conf_358",7500,174,16.2271847938,4,5
"20245",5,24,"conf_358",250,175,44.759184013,4,5
"20246",5,24,"conf_358",500,175,22.4516914552,4,5
"20247",5,24,"conf_358",1500,175,22.4516914552,4,5
"20248",5,24,"conf_358",2500,175,17.9768058076,4,5
"20249",5,24,"conf_358",5000,175,17.9768058076,4,5
"20250",5,24,"conf_358",7500,175,15.884292715,4,5
"20251",5,24,"conf_358",250,176,35.7780979915,4,5
"20252",5,24,"conf_358",500,176,35.7780979915,4,5
"20253",5,24,"conf_358",1500,176,27.8774315187,4,5
"20254",5,24,"conf_358",2500,176,27.8774315187,4,5
"20255",5,24,"conf_358",5000,176,19.0577548228,4,5
"20256",5,24,"conf_358",7500,176,15.3907843068,4,5
"20257",5,24,"conf_358",250,177,50.4342452431,4,5
"20258",5,24,"conf_358",500,177,40.2079612277,4,5
"20259",5,24,"conf_358",1500,177,25.2745020881,4,5
"20260",5,24,"conf_358",2500,177,22.0772584916,4,5
"20261",5,24,"conf_358",5000,177,20.5978274883,4,5
"20262",5,24,"conf_358",7500,177,17.6913012128,4,5
"20263",5,24,"conf_358",250,178,45.2677955636,4,5
"20264",5,24,"conf_358",500,178,42.9880816695,4,5
"20265",5,24,"conf_358",1500,178,30.8281242594,4,5
"20266",5,24,"conf_358",2500,178,24.3238727435,4,5
"20267",5,24,"conf_358",5000,178,18.9219578409,4,5
"20268",5,24,"conf_358",7500,178,10.7389672139,4,5
"20269",5,24,"conf_358",250,179,39.4058161692,4,5
"20270",5,24,"conf_358",500,179,34.249149664,4,5
"20271",5,24,"conf_358",1500,179,17.8153074255,4,5
"20272",5,24,"conf_358",2500,179,17.8153074255,4,5
"20273",5,24,"conf_358",5000,179,15.459725753,4,5
"20274",5,24,"conf_358",7500,179,15.459725753,4,5
"20275",5,24,"conf_358",250,180,51.0563787341,4,5
"20276",5,24,"conf_358",500,180,38.8118403618,4,5
"20277",5,24,"conf_358",1500,180,30.3643356618,4,5
"20278",5,24,"conf_358",2500,180,17.7598358413,4,5
"20279",5,24,"conf_358",5000,180,15.7957531331,4,5
"20280",5,24,"conf_358",7500,180,15.7957531331,4,5
"20281",5,24,"conf_358",250,181,41.6529417037,4,5
"20282",5,24,"conf_358",500,181,41.6529417037,4,5
"20283",5,24,"conf_358",1500,181,28.3912707549,4,5
"20284",5,24,"conf_358",2500,181,20.4613993926,4,5
"20285",5,24,"conf_358",5000,181,17.639895442,4,5
"20286",5,24,"conf_358",7500,181,14.0608709193,4,5
"20287",5,24,"conf_358",250,182,49.2199542183,4,5
"20288",5,24,"conf_358",500,182,24.0983223514,4,5
"20289",5,24,"conf_358",1500,182,24.0983223514,4,5
"20290",5,24,"conf_358",2500,182,24.0983223514,4,5
"20291",5,24,"conf_358",5000,182,15.4499785905,4,5
"20292",5,24,"conf_358",7500,182,11.4324451992,4,5
"20293",5,24,"conf_358",250,183,34.0383731738,4,5
"20294",5,24,"conf_358",500,183,34.0383731738,4,5
"20295",5,24,"conf_358",1500,183,33.4876773307,4,5
"20296",5,24,"conf_358",2500,183,24.9591986282,4,5
"20297",5,24,"conf_358",5000,183,10.3632783918,4,5
"20298",5,24,"conf_358",7500,183,10.3632783918,4,5
"20299",5,24,"conf_358",250,184,31.1682936885,4,5
"20300",5,24,"conf_358",500,184,31.1682936885,4,5
"20301",5,24,"conf_358",1500,184,25.3829181731,4,5
"20302",5,24,"conf_358",2500,184,20.3355038214,4,5
"20303",5,24,"conf_358",5000,184,20.3355038214,4,5
"20304",5,24,"conf_358",7500,184,17.5920608412,4,5
"20305",5,24,"conf_358",250,185,51.0956511799,4,5
"20306",5,24,"conf_358",500,185,51.0956511799,4,5
"20307",5,24,"conf_358",1500,185,25.8776149624,4,5
"20308",5,24,"conf_358",2500,185,25.8776149624,4,5
"20309",5,24,"conf_358",5000,185,18.7781231169,4,5
"20310",5,24,"conf_358",7500,185,17.0622664626,4,5
"20311",5,24,"conf_358",250,186,34.1973620311,4,5
"20312",5,24,"conf_358",500,186,34.1973620311,4,5
"20313",5,24,"conf_358",1500,186,28.9968580064,4,5
"20314",5,24,"conf_358",2500,186,23.2697864909,4,5
"20315",5,24,"conf_358",5000,186,15.6863593734,4,5
"20316",5,24,"conf_358",7500,186,15.6863593734,4,5
"20317",5,24,"conf_358",250,187,50.6711175092,4,5
"20318",5,24,"conf_358",500,187,25.3497742222,4,5
"20319",5,24,"conf_358",1500,187,25.3497742222,4,5
"20320",5,24,"conf_358",2500,187,23.832357907,4,5
"20321",5,24,"conf_358",5000,187,19.0228603691,4,5
"20322",5,24,"conf_358",7500,187,12.5836901481,4,5
"20323",5,24,"conf_358",250,188,52.3417343541,4,5
"20324",5,24,"conf_358",500,188,52.3417343541,4,5
"20325",5,24,"conf_358",1500,188,37.1509576494,4,5
"20326",5,24,"conf_358",2500,188,26.8022468925,4,5
"20327",5,24,"conf_358",5000,188,23.2632213001,4,5
"20328",5,24,"conf_358",7500,188,15.7710596769,4,5
"20329",5,24,"conf_358",250,189,33.5003766902,4,5
"20330",5,24,"conf_358",500,189,33.24544989,4,5
"20331",5,24,"conf_358",1500,189,33.24544989,4,5
"20332",5,24,"conf_358",2500,189,31.8373914144,4,5
"20333",5,24,"conf_358",5000,189,21.7531088083,4,5
"20334",5,24,"conf_358",7500,189,15.2025994399,4,5
"20335",5,24,"conf_358",250,190,39.55248149,4,5
"20336",5,24,"conf_358",500,190,39.55248149,4,5
"20337",5,24,"conf_358",1500,190,32.015797663,4,5
"20338",5,24,"conf_358",2500,190,15.6213588283,4,5
"20339",5,24,"conf_358",5000,190,15.4877998855,4,5
"20340",5,24,"conf_358",7500,190,14.3583581231,4,5
"20341",5,24,"conf_358",250,191,51.173496261,4,5
"20342",5,24,"conf_358",500,191,42.4524475642,4,5
"20343",5,24,"conf_358",1500,191,24.9566077752,4,5
"20344",5,24,"conf_358",2500,191,24.9566077752,4,5
"20345",5,24,"conf_358",5000,191,22.0069390253,4,5
"20346",5,24,"conf_358",7500,191,15.6994531475,4,5
"20347",5,24,"conf_358",250,192,43.0872104893,4,5
"20348",5,24,"conf_358",500,192,39.9291406128,4,5
"20349",5,24,"conf_358",1500,192,29.7886934776,4,5
"20350",5,24,"conf_358",2500,192,11.3390703084,4,5
"20351",5,24,"conf_358",5000,192,11.3390703084,4,5
"20352",5,24,"conf_358",7500,192,11.3390703084,4,5
"20353",5,24,"conf_358",250,193,39.7189899538,4,5
"20354",5,24,"conf_358",500,193,35.1356087843,4,5
"20355",5,24,"conf_358",1500,193,32.6177086157,4,5
"20356",5,24,"conf_358",2500,193,24.7005650926,4,5
"20357",5,24,"conf_358",5000,193,17.5197463309,4,5
"20358",5,24,"conf_358",7500,193,16.9308280647,4,5
"20359",5,24,"conf_358",250,194,46.2965319218,4,5
"20360",5,24,"conf_358",500,194,45.0585691739,4,5
"20361",5,24,"conf_358",1500,194,24.6426155128,4,5
"20362",5,24,"conf_358",2500,194,17.7090675614,4,5
"20363",5,24,"conf_358",5000,194,14.1883246975,4,5
"20364",5,24,"conf_358",7500,194,13.7734393922,4,5
"20365",5,24,"conf_358",250,195,50.5060416371,4,5
"20366",5,24,"conf_358",500,195,36.1744448279,4,5
"20367",5,24,"conf_358",1500,195,30.1259334939,4,5
"20368",5,24,"conf_358",2500,195,18.0401081239,4,5
"20369",5,24,"conf_358",5000,195,16.0247560954,4,5
"20370",5,24,"conf_358",7500,195,14.298464065,4,5
"20371",5,24,"conf_358",250,196,49.6828593618,4,5
"20372",5,24,"conf_358",500,196,35.1301624375,4,5
"20373",5,24,"conf_358",1500,196,18.4334975478,4,5
"20374",5,24,"conf_358",2500,196,18.4334975478,4,5
"20375",5,24,"conf_358",5000,196,15.2629272615,4,5
"20376",5,24,"conf_358",7500,196,15.0874285897,4,5
"20377",5,24,"conf_358",250,197,39.8532279732,4,5
"20378",5,24,"conf_358",500,197,31.5567779771,4,5
"20379",5,24,"conf_358",1500,197,19.3937898787,4,5
"20380",5,24,"conf_358",2500,197,19.3937898787,4,5
"20381",5,24,"conf_358",5000,197,19.3937898787,4,5
"20382",5,24,"conf_358",7500,197,14.1022791303,4,5
"20383",5,24,"conf_358",250,198,37.7459134359,4,5
"20384",5,24,"conf_358",500,198,37.7459134359,4,5
"20385",5,24,"conf_358",1500,198,22.7566454978,4,5
"20386",5,24,"conf_358",2500,198,22.7566454978,4,5
"20387",5,24,"conf_358",5000,198,17.8208637337,4,5
"20388",5,24,"conf_358",7500,198,17.8208637337,4,5
"20389",5,24,"conf_358",250,199,45.7741979824,4,5
"20390",5,24,"conf_358",500,199,45.7741979824,4,5
"20391",5,24,"conf_358",1500,199,25.8563844867,4,5
"20392",5,24,"conf_358",2500,199,25.8563844867,4,5
"20393",5,24,"conf_358",5000,199,25.8563844867,4,5
"20394",5,24,"conf_358",7500,199,17.4715525067,4,5
"20395",5,24,"conf_358",250,200,41.0080105453,4,5
"20396",5,24,"conf_358",500,200,41.0080105453,4,5
"20397",5,24,"conf_358",1500,200,26.7314262495,4,5
"20398",5,24,"conf_358",2500,200,26.4211712992,4,5
"20399",5,24,"conf_358",5000,200,18.5116233962,4,5
"20400",5,24,"conf_358",7500,200,13.2579485219,4,5
"20401",5,3,"conf_358",250,1,21.3038682147,1,5
"20402",5,3,"conf_358",500,1,21.3038682147,1,5
"20403",5,3,"conf_358",1500,1,20.498866584,1,5
"20404",5,3,"conf_358",2500,1,15.5045864015,1,5
"20405",5,3,"conf_358",5000,1,5.025437849,1,5
"20406",5,3,"conf_358",7500,1,2.3242216882,1,5
"20407",5,3,"conf_358",250,2,71.3092256665,1,5
"20408",5,3,"conf_358",500,2,43.9110273432,1,5
"20409",5,3,"conf_358",1500,2,21.7899079996,1,5
"20410",5,3,"conf_358",2500,2,9.7311074001,1,5
"20411",5,3,"conf_358",5000,2,2.380108819,1,5
"20412",5,3,"conf_358",7500,2,0.8034987181,1,5
"20413",5,3,"conf_358",250,3,40.7447207442,1,5
"20414",5,3,"conf_358",500,3,40.7447207442,1,5
"20415",5,3,"conf_358",1500,3,15.4838507167,1,5
"20416",5,3,"conf_358",2500,3,8.8133449161,1,5
"20417",5,3,"conf_358",5000,3,2.2742944406,1,5
"20418",5,3,"conf_358",7500,3,0.7627133847,1,5
"20419",5,3,"conf_358",250,4,57.5020436837,1,5
"20420",5,3,"conf_358",500,4,46.6025750591,1,5
"20421",5,3,"conf_358",1500,4,29.3160088762,1,5
"20422",5,3,"conf_358",2500,4,12.8758296649,1,5
"20423",5,3,"conf_358",5000,4,4.6110458774,1,5
"20424",5,3,"conf_358",7500,4,2.1287971081,1,5
"20425",5,3,"conf_358",250,5,53.678706965,1,5
"20426",5,3,"conf_358",500,5,21.7569707738,1,5
"20427",5,3,"conf_358",1500,5,17.1528873728,1,5
"20428",5,3,"conf_358",2500,5,14.6267047053,1,5
"20429",5,3,"conf_358",5000,5,4.0401016165,1,5
"20430",5,3,"conf_358",7500,5,1.5376506303,1,5
"20431",5,3,"conf_358",250,6,53.9322733296,1,5
"20432",5,3,"conf_358",500,6,45.795285123,1,5
"20433",5,3,"conf_358",1500,6,10.9071796616,1,5
"20434",5,3,"conf_358",2500,6,10.2230647887,1,5
"20435",5,3,"conf_358",5000,6,4.4998975219,1,5
"20436",5,3,"conf_358",7500,6,1.9368353028,1,5
"20437",5,3,"conf_358",250,7,66.4504252023,1,5
"20438",5,3,"conf_358",500,7,43.8954182506,1,5
"20439",5,3,"conf_358",1500,7,21.2365796312,1,5
"20440",5,3,"conf_358",2500,7,8.9945553336,1,5
"20441",5,3,"conf_358",5000,7,2.6397518016,1,5
"20442",5,3,"conf_358",7500,7,1.9140014996,1,5
"20443",5,3,"conf_358",250,8,55.0665973945,1,5
"20444",5,3,"conf_358",500,8,55.0665973945,1,5
"20445",5,3,"conf_358",1500,8,20.3788578882,1,5
"20446",5,3,"conf_358",2500,8,10.6844891454,1,5
"20447",5,3,"conf_358",5000,8,6.5600628014,1,5
"20448",5,3,"conf_358",7500,8,1.3218979853,1,5
"20449",5,3,"conf_358",250,9,63.8066877155,1,5
"20450",5,3,"conf_358",500,9,42.9812750642,1,5
"20451",5,3,"conf_358",1500,9,15.3197522364,1,5
"20452",5,3,"conf_358",2500,9,14.7004952632,1,5
"20453",5,3,"conf_358",5000,9,4.1621958638,1,5
"20454",5,3,"conf_358",7500,9,0.8483042161,1,5
"20455",5,3,"conf_358",250,10,56.7062296669,1,5
"20456",5,3,"conf_358",500,10,44.7645844711,1,5
"20457",5,3,"conf_358",1500,10,19.9539463427,1,5
"20458",5,3,"conf_358",2500,10,8.5284014371,1,5
"20459",5,3,"conf_358",5000,10,4.3271199174,1,5
"20460",5,3,"conf_358",7500,10,1.3170899634,1,5
"20461",5,3,"conf_358",250,11,44.1314845505,1,5
"20462",5,3,"conf_358",500,11,40.4739190025,1,5
"20463",5,3,"conf_358",1500,11,14.3580628275,1,5
"20464",5,3,"conf_358",2500,11,11.9323592375,1,5
"20465",5,3,"conf_358",5000,11,5.3703743708,1,5
"20466",5,3,"conf_358",7500,11,2.757325645,1,5
"20467",5,3,"conf_358",250,12,33.1999008232,1,5
"20468",5,3,"conf_358",500,12,31.9943270933,1,5
"20469",5,3,"conf_358",1500,12,26.0537641895,1,5
"20470",5,3,"conf_358",2500,12,6.3811401342,1,5
"20471",5,3,"conf_358",5000,12,5.0571440003,1,5
"20472",5,3,"conf_358",7500,12,1.3865629428,1,5
"20473",5,3,"conf_358",250,13,65.4477508448,1,5
"20474",5,3,"conf_358",500,13,47.8734552762,1,5
"20475",5,3,"conf_358",1500,13,21.7488676634,1,5
"20476",5,3,"conf_358",2500,13,15.9862267498,1,5
"20477",5,3,"conf_358",5000,13,6.9724040329,1,5
"20478",5,3,"conf_358",7500,13,2.1623164911,1,5
"20479",5,3,"conf_358",250,14,60.5413792853,1,5
"20480",5,3,"conf_358",500,14,55.3781647982,1,5
"20481",5,3,"conf_358",1500,14,20.5935400023,1,5
"20482",5,3,"conf_358",2500,14,11.3221798806,1,5
"20483",5,3,"conf_358",5000,14,6.0062927248,1,5
"20484",5,3,"conf_358",7500,14,1.6114263596,1,5
"20485",5,3,"conf_358",250,15,43.5756026961,1,5
"20486",5,3,"conf_358",500,15,37.7434093856,1,5
"20487",5,3,"conf_358",1500,15,22.3188716463,1,5
"20488",5,3,"conf_358",2500,15,12.7207027412,1,5
"20489",5,3,"conf_358",5000,15,1.5583433493,1,5
"20490",5,3,"conf_358",7500,15,0.5620977849,1,5
"20491",5,3,"conf_358",250,16,26.7014010083,1,5
"20492",5,3,"conf_358",500,16,26.7014010083,1,5
"20493",5,3,"conf_358",1500,16,19.8939669318,1,5
"20494",5,3,"conf_358",2500,16,17.1968123152,1,5
"20495",5,3,"conf_358",5000,16,4.8190516014,1,5
"20496",5,3,"conf_358",7500,16,2.3115939714,1,5
"20497",5,3,"conf_358",250,17,64.5117778106,1,5
"20498",5,3,"conf_358",500,17,36.3153220361,1,5
"20499",5,3,"conf_358",1500,17,22.5344389561,1,5
"20500",5,3,"conf_358",2500,17,6.9349012261,1,5
"20501",5,3,"conf_358",5000,17,4.8209864609,1,5
"20502",5,3,"conf_358",7500,17,1.2110801464,1,5
"20503",5,3,"conf_358",250,18,23.3426316823,1,5
"20504",5,3,"conf_358",500,18,23.3426316823,1,5
"20505",5,3,"conf_358",1500,18,23.3426316823,1,5
"20506",5,3,"conf_358",2500,18,16.27886415,1,5
"20507",5,3,"conf_358",5000,18,4.2911865368,1,5
"20508",5,3,"conf_358",7500,18,0.4234393962,1,5
"20509",5,3,"conf_358",250,19,51.7702260766,1,5
"20510",5,3,"conf_358",500,19,48.9170565079,1,5
"20511",5,3,"conf_358",1500,19,29.3044726056,1,5
"20512",5,3,"conf_358",2500,19,10.5646542934,1,5
"20513",5,3,"conf_358",5000,19,5.1928375363,1,5
"20514",5,3,"conf_358",7500,19,2.1393555286,1,5
"20515",5,3,"conf_358",250,20,51.5239608169,1,5
"20516",5,3,"conf_358",500,20,45.5435789542,1,5
"20517",5,3,"conf_358",1500,20,16.1261909124,1,5
"20518",5,3,"conf_358",2500,20,9.8755420125,1,5
"20519",5,3,"conf_358",5000,20,4.8878973026,1,5
"20520",5,3,"conf_358",7500,20,0.8251065435,1,5
"20521",5,3,"conf_358",250,21,77.9423736775,1,5
"20522",5,3,"conf_358",500,21,48.8690780237,1,5
"20523",5,3,"conf_358",1500,21,23.2869902054,1,5
"20524",5,3,"conf_358",2500,21,14.8377799991,1,5
"20525",5,3,"conf_358",5000,21,4.1102929598,1,5
"20526",5,3,"conf_358",7500,21,0.6186479348,1,5
"20527",5,3,"conf_358",250,22,53.8068463102,1,5
"20528",5,3,"conf_358",500,22,26.4930423273,1,5
"20529",5,3,"conf_358",1500,22,10.8909659633,1,5
"20530",5,3,"conf_358",2500,22,6.4301479201,1,5
"20531",5,3,"conf_358",5000,22,2.7815010036,1,5
"20532",5,3,"conf_358",7500,22,2.2606891932,1,5
"20533",5,3,"conf_358",250,23,64.2464974209,1,5
"20534",5,3,"conf_358",500,23,36.0526705724,1,5
"20535",5,3,"conf_358",1500,23,28.2832098004,1,5
"20536",5,3,"conf_358",2500,23,10.3620904584,1,5
"20537",5,3,"conf_358",5000,23,1.92829506,1,5
"20538",5,3,"conf_358",7500,23,1.2809054338,1,5
"20539",5,3,"conf_358",250,24,47.6752656691,1,5
"20540",5,3,"conf_358",500,24,42.0367871759,1,5
"20541",5,3,"conf_358",1500,24,12.2200248222,1,5
"20542",5,3,"conf_358",2500,24,5.2394561408,1,5
"20543",5,3,"conf_358",5000,24,3.6010429395,1,5
"20544",5,3,"conf_358",7500,24,2.4275135343,1,5
"20545",5,3,"conf_358",250,25,36.6500166933,1,5
"20546",5,3,"conf_358",500,25,36.6500166933,1,5
"20547",5,3,"conf_358",1500,25,25.2990831586,1,5
"20548",5,3,"conf_358",2500,25,8.7481734865,1,5
"20549",5,3,"conf_358",5000,25,1.2266636437,1,5
"20550",5,3,"conf_358",7500,25,0.9747942027,1,5
"20551",5,3,"conf_358",250,26,62.4853943782,1,5
"20552",5,3,"conf_358",500,26,40.6237806522,1,5
"20553",5,3,"conf_358",1500,26,19.1288237453,1,5
"20554",5,3,"conf_358",2500,26,10.4362401871,1,5
"20555",5,3,"conf_358",5000,26,4.2137071339,1,5
"20556",5,3,"conf_358",7500,26,1.6977162066,1,5
"20557",5,3,"conf_358",250,27,50.9964844955,1,5
"20558",5,3,"conf_358",500,27,49.5025922352,1,5
"20559",5,3,"conf_358",1500,27,12.4317525392,1,5
"20560",5,3,"conf_358",2500,27,9.7000225656,1,5
"20561",5,3,"conf_358",5000,27,4.5604160999,1,5
"20562",5,3,"conf_358",7500,27,2.4127155375,1,5
"20563",5,3,"conf_358",250,28,45.2102191718,1,5
"20564",5,3,"conf_358",500,28,35.0918359344,1,5
"20565",5,3,"conf_358",1500,28,20.7828485276,1,5
"20566",5,3,"conf_358",2500,28,7.6746567248,1,5
"20567",5,3,"conf_358",5000,28,5.0904416849,1,5
"20568",5,3,"conf_358",7500,28,2.6632947142,1,5
"20569",5,3,"conf_358",250,29,45.8693930129,1,5
"20570",5,3,"conf_358",500,29,45.8693930129,1,5
"20571",5,3,"conf_358",1500,29,20.8956467551,1,5
"20572",5,3,"conf_358",2500,29,17.5674945191,1,5
"20573",5,3,"conf_358",5000,29,4.0071415866,1,5
"20574",5,3,"conf_358",7500,29,1.8235136053,1,5
"20575",5,3,"conf_358",250,30,33.4816452739,1,5
"20576",5,3,"conf_358",500,30,33.4816452739,1,5
"20577",5,3,"conf_358",1500,30,22.7567988206,1,5
"20578",5,3,"conf_358",2500,30,10.0769486086,1,5
"20579",5,3,"conf_358",5000,30,5.2543289491,1,5
"20580",5,3,"conf_358",7500,30,1.9506922417,1,5
"20581",5,3,"conf_358",250,31,64.3752053389,1,5
"20582",5,3,"conf_358",500,31,50.2359410461,1,5
"20583",5,3,"conf_358",1500,31,15.5526137774,1,5
"20584",5,3,"conf_358",2500,31,14.0231743161,1,5
"20585",5,3,"conf_358",5000,31,2.7691153001,1,5
"20586",5,3,"conf_358",7500,31,1.2671251209,1,5
"20587",5,3,"conf_358",250,32,40.6470574098,1,5
"20588",5,3,"conf_358",500,32,26.2680474599,1,5
"20589",5,3,"conf_358",1500,32,9.2557008978,1,5
"20590",5,3,"conf_358",2500,32,9.2557008978,1,5
"20591",5,3,"conf_358",5000,32,3.3138282379,1,5
"20592",5,3,"conf_358",7500,32,2.3987228271,1,5
"20593",5,3,"conf_358",250,33,60.8769163132,1,5
"20594",5,3,"conf_358",500,33,52.9937298575,1,5
"20595",5,3,"conf_358",1500,33,15.2136670776,1,5
"20596",5,3,"conf_358",2500,33,11.0054726637,1,5
"20597",5,3,"conf_358",5000,33,2.9529757188,1,5
"20598",5,3,"conf_358",7500,33,0.7246142388,1,5
"20599",5,3,"conf_358",250,34,51.5869617263,1,5
"20600",5,3,"conf_358",500,34,51.5869617263,1,5
"20601",5,3,"conf_358",1500,34,18.9290977974,1,5
"20602",5,3,"conf_358",2500,34,12.0983280185,1,5
"20603",5,3,"conf_358",5000,34,4.1916490805,1,5
"20604",5,3,"conf_358",7500,34,1.5603798639,1,5
"20605",5,3,"conf_358",250,35,42.3185254531,1,5
"20606",5,3,"conf_358",500,35,33.3191097709,1,5
"20607",5,3,"conf_358",1500,35,10.8434379859,1,5
"20608",5,3,"conf_358",2500,35,10.8434379859,1,5
"20609",5,3,"conf_358",5000,35,1.8597017456,1,5
"20610",5,3,"conf_358",7500,35,0.6668025956,1,5
"20611",5,3,"conf_358",250,36,65.9834637941,1,5
"20612",5,3,"conf_358",500,36,54.199019613,1,5
"20613",5,3,"conf_358",1500,36,13.0242244741,1,5
"20614",5,3,"conf_358",2500,36,8.8665149183,1,5
"20615",5,3,"conf_358",5000,36,3.7752989408,1,5
"20616",5,3,"conf_358",7500,36,1.0710635664,1,5
"20617",5,3,"conf_358",250,37,48.0389328103,1,5
"20618",5,3,"conf_358",500,37,32.3479828977,1,5
"20619",5,3,"conf_358",1500,37,14.1761469081,1,5
"20620",5,3,"conf_358",2500,37,2.997554648,1,5
"20621",5,3,"conf_358",5000,37,2.258288885,1,5
"20622",5,3,"conf_358",7500,37,1.1939257339,1,5
"20623",5,3,"conf_358",250,38,75.9132592837,1,5
"20624",5,3,"conf_358",500,38,59.9222290696,1,5
"20625",5,3,"conf_358",1500,38,18.2102350465,1,5
"20626",5,3,"conf_358",2500,38,6.5123873848,1,5
"20627",5,3,"conf_358",5000,38,1.4363101537,1,5
"20628",5,3,"conf_358",7500,38,1.3024549075,1,5
"20629",5,3,"conf_358",250,39,58.6487093193,1,5
"20630",5,3,"conf_358",500,39,45.3893477349,1,5
"20631",5,3,"conf_358",1500,39,21.2126894451,1,5
"20632",5,3,"conf_358",2500,39,15.5197143209,1,5
"20633",5,3,"conf_358",5000,39,3.9166141327,1,5
"20634",5,3,"conf_358",7500,39,1.7256630589,1,5
"20635",5,3,"conf_358",250,40,53.4865206295,1,5
"20636",5,3,"conf_358",500,40,53.4865206295,1,5
"20637",5,3,"conf_358",1500,40,27.6356957468,1,5
"20638",5,3,"conf_358",2500,40,13.9202977115,1,5
"20639",5,3,"conf_358",5000,40,3.7484713727,1,5
"20640",5,3,"conf_358",7500,40,0.8707728599,1,5
"20641",5,3,"conf_358",250,41,32.6742572639,1,5
"20642",5,3,"conf_358",500,41,32.6742572639,1,5
"20643",5,3,"conf_358",1500,41,13.1247125062,1,5
"20644",5,3,"conf_358",2500,41,12.1460121384,1,5
"20645",5,3,"conf_358",5000,41,5.6386928614,1,5
"20646",5,3,"conf_358",7500,41,1.3213742777,1,5
"20647",5,3,"conf_358",250,42,54.9420941321,1,5
"20648",5,3,"conf_358",500,42,54.9420941321,1,5
"20649",5,3,"conf_358",1500,42,28.5342476829,1,5
"20650",5,3,"conf_358",2500,42,16.503495571,1,5
"20651",5,3,"conf_358",5000,42,3.5990281283,1,5
"20652",5,3,"conf_358",7500,42,0.8099953037,1,5
"20653",5,3,"conf_358",250,43,63.4144120315,1,5
"20654",5,3,"conf_358",500,43,62.0857510065,1,5
"20655",5,3,"conf_358",1500,43,10.9010006719,1,5
"20656",5,3,"conf_358",2500,43,10.9010006719,1,5
"20657",5,3,"conf_358",5000,43,5.4937895446,1,5
"20658",5,3,"conf_358",7500,43,1.3424915919,1,5
"20659",5,3,"conf_358",250,44,51.737181796,1,5
"20660",5,3,"conf_358",500,44,34.1356838686,1,5
"20661",5,3,"conf_358",1500,44,16.9561049911,1,5
"20662",5,3,"conf_358",2500,44,9.0118934217,1,5
"20663",5,3,"conf_358",5000,44,3.7808072789,1,5
"20664",5,3,"conf_358",7500,44,1.6470636898,1,5
"20665",5,3,"conf_358",250,45,69.6542745604,1,5
"20666",5,3,"conf_358",500,45,59.8801825112,1,5
"20667",5,3,"conf_358",1500,45,25.0170464426,1,5
"20668",5,3,"conf_358",2500,45,6.7370931823,1,5
"20669",5,3,"conf_358",5000,45,5.6487121321,1,5
"20670",5,3,"conf_358",7500,45,2.0685497499,1,5
"20671",5,3,"conf_358",250,46,69.267503369,1,5
"20672",5,3,"conf_358",500,46,64.3646729797,1,5
"20673",5,3,"conf_358",1500,46,21.1431833658,1,5
"20674",5,3,"conf_358",2500,46,3.6817749839,1,5
"20675",5,3,"conf_358",5000,46,2.6095334461,1,5
"20676",5,3,"conf_358",7500,46,0.7447287473,1,5
"20677",5,3,"conf_358",250,47,72.242130941,1,5
"20678",5,3,"conf_358",500,47,68.8310537132,1,5
"20679",5,3,"conf_358",1500,47,21.0658358372,1,5
"20680",5,3,"conf_358",2500,47,12.2724102739,1,5
"20681",5,3,"conf_358",5000,47,6.1372364483,1,5
"20682",5,3,"conf_358",7500,47,0.6093080359,1,5
"20683",5,3,"conf_358",250,48,57.2945446301,1,5
"20684",5,3,"conf_358",500,48,57.2945446301,1,5
"20685",5,3,"conf_358",1500,48,20.2258350958,1,5
"20686",5,3,"conf_358",2500,48,17.2799576927,1,5
"20687",5,3,"conf_358",5000,48,2.9324120967,1,5
"20688",5,3,"conf_358",7500,48,1.5266170033,1,5
"20689",5,3,"conf_358",250,49,79.3129025159,1,5
"20690",5,3,"conf_358",500,49,27.0947975767,1,5
"20691",5,3,"conf_358",1500,49,27.0947975767,1,5
"20692",5,3,"conf_358",2500,49,14.0522544028,1,5
"20693",5,3,"conf_358",5000,49,2.9217330736,1,5
"20694",5,3,"conf_358",7500,49,0.4708732398,1,5
"20695",5,3,"conf_358",250,50,52.6184460368,1,5
"20696",5,3,"conf_358",500,50,33.6049342088,1,5
"20697",5,3,"conf_358",1500,50,15.391273551,1,5
"20698",5,3,"conf_358",2500,50,7.0257030702,1,5
"20699",5,3,"conf_358",5000,50,2.8717148051,1,5
"20700",5,3,"conf_358",7500,50,0.3486319711,1,5
"20701",5,3,"conf_358",250,51,59.9373302475,4,5
"20702",5,3,"conf_358",500,51,39.3055829172,4,5
"20703",5,3,"conf_358",1500,51,24.0953668038,4,5
"20704",5,3,"conf_358",2500,51,9.8098858463,4,5
"20705",5,3,"conf_358",5000,51,3.643114174,4,5
"20706",5,3,"conf_358",7500,51,0.5163089422,4,5
"20707",5,3,"conf_358",250,52,44.299874141,4,5
"20708",5,3,"conf_358",500,52,33.6341677093,4,5
"20709",5,3,"conf_358",1500,52,20.0349878009,4,5
"20710",5,3,"conf_358",2500,52,12.0253591229,4,5
"20711",5,3,"conf_358",5000,52,3.6189703651,4,5
"20712",5,3,"conf_358",7500,52,1.6037293668,4,5
"20713",5,3,"conf_358",250,53,62.8290463674,4,5
"20714",5,3,"conf_358",500,53,49.7698426486,4,5
"20715",5,3,"conf_358",1500,53,16.107565422,4,5
"20716",5,3,"conf_358",2500,53,7.8244705879,4,5
"20717",5,3,"conf_358",5000,53,4.1451721379,4,5
"20718",5,3,"conf_358",7500,53,1.4205939534,4,5
"20719",5,3,"conf_358",250,54,47.2358414974,4,5
"20720",5,3,"conf_358",500,54,47.2358414974,4,5
"20721",5,3,"conf_358",1500,54,10.2689874188,4,5
"20722",5,3,"conf_358",2500,54,10.2689874188,4,5
"20723",5,3,"conf_358",5000,54,4.4185826154,4,5
"20724",5,3,"conf_358",7500,54,1.2298269684,4,5
"20725",5,3,"conf_358",250,55,74.2579917496,4,5
"20726",5,3,"conf_358",500,55,53.5607058973,4,5
"20727",5,3,"conf_358",1500,55,24.8263283803,4,5
"20728",5,3,"conf_358",2500,55,10.9370978255,4,5
"20729",5,3,"conf_358",5000,55,2.2120226671,4,5
"20730",5,3,"conf_358",7500,55,1.3403771566,4,5
"20731",5,3,"conf_358",250,56,46.359438103,4,5
"20732",5,3,"conf_358",500,56,34.5164098436,4,5
"20733",5,3,"conf_358",1500,56,11.3840224903,4,5
"20734",5,3,"conf_358",2500,56,5.0876232534,4,5
"20735",5,3,"conf_358",5000,56,2.5562824686,4,5
"20736",5,3,"conf_358",7500,56,1.1885362711,4,5
"20737",5,3,"conf_358",250,57,59.0515860461,4,5
"20738",5,3,"conf_358",500,57,20.6831659843,4,5
"20739",5,3,"conf_358",1500,57,15.8808706203,4,5
"20740",5,3,"conf_358",2500,57,10.5652765225,4,5
"20741",5,3,"conf_358",5000,57,4.8055757039,4,5
"20742",5,3,"conf_358",7500,57,2.4379123817,4,5
"20743",5,3,"conf_358",250,58,44.7005943183,4,5
"20744",5,3,"conf_358",500,58,44.7005943183,4,5
"20745",5,3,"conf_358",1500,58,17.5467862605,4,5
"20746",5,3,"conf_358",2500,58,11.2578655866,4,5
"20747",5,3,"conf_358",5000,58,2.4899884594,4,5
"20748",5,3,"conf_358",7500,58,0.4067588157,4,5
"20749",5,3,"conf_358",250,59,62.8719341268,4,5
"20750",5,3,"conf_358",500,59,39.4237948506,4,5
"20751",5,3,"conf_358",1500,59,23.5309694063,4,5
"20752",5,3,"conf_358",2500,59,18.9905049344,4,5
"20753",5,3,"conf_358",5000,59,2.9261839097,4,5
"20754",5,3,"conf_358",7500,59,1.6625743214,4,5
"20755",5,3,"conf_358",250,60,56.013674243,4,5
"20756",5,3,"conf_358",500,60,35.4891375248,4,5
"20757",5,3,"conf_358",1500,60,20.6673182391,4,5
"20758",5,3,"conf_358",2500,60,7.3467594411,4,5
"20759",5,3,"conf_358",5000,60,2.3015123513,4,5
"20760",5,3,"conf_358",7500,60,0.8114173144,4,5
"20761",5,3,"conf_358",250,61,55.3030780774,4,5
"20762",5,3,"conf_358",500,61,42.5034593182,4,5
"20763",5,3,"conf_358",1500,61,21.5153374456,4,5
"20764",5,3,"conf_358",2500,61,12.0070275441,4,5
"20765",5,3,"conf_358",5000,61,3.2640779122,4,5
"20766",5,3,"conf_358",7500,61,1.6687012986,4,5
"20767",5,3,"conf_358",250,62,39.5759064096,4,5
"20768",5,3,"conf_358",500,62,31.7574820822,4,5
"20769",5,3,"conf_358",1500,62,17.068849635,4,5
"20770",5,3,"conf_358",2500,62,14.9379350769,4,5
"20771",5,3,"conf_358",5000,62,2.3722593266,4,5
"20772",5,3,"conf_358",7500,62,1.3839948249,4,5
"20773",5,3,"conf_358",250,63,74.5362783271,4,5
"20774",5,3,"conf_358",500,63,26.5960662284,4,5
"20775",5,3,"conf_358",1500,63,15.0458554251,4,5
"20776",5,3,"conf_358",2500,63,4.3077741947,4,5
"20777",5,3,"conf_358",5000,63,2.9474758367,4,5
"20778",5,3,"conf_358",7500,63,1.9681411711,4,5
"20779",5,3,"conf_358",250,64,56.3831569683,4,5
"20780",5,3,"conf_358",500,64,20.0517008271,4,5
"20781",5,3,"conf_358",1500,64,10.9776915886,4,5
"20782",5,3,"conf_358",2500,64,7.5116309103,4,5
"20783",5,3,"conf_358",5000,64,2.353882127,4,5
"20784",5,3,"conf_358",7500,64,0.6672687487,4,5
"20785",5,3,"conf_358",250,65,62.6203159968,4,5
"20786",5,3,"conf_358",500,65,47.131950629,4,5
"20787",5,3,"conf_358",1500,65,11.5767401835,4,5
"20788",5,3,"conf_358",2500,65,11.5767401835,4,5
"20789",5,3,"conf_358",5000,65,2.5986106151,4,5
"20790",5,3,"conf_358",7500,65,2.2680151272,4,5
"20791",5,3,"conf_358",250,66,46.6405595169,4,5
"20792",5,3,"conf_358",500,66,44.8807929314,4,5
"20793",5,3,"conf_358",1500,66,21.9615933852,4,5
"20794",5,3,"conf_358",2500,66,6.4426068928,4,5
"20795",5,3,"conf_358",5000,66,2.9626351393,4,5
"20796",5,3,"conf_358",7500,66,1.0183070023,4,5
"20797",5,3,"conf_358",250,67,53.6020303244,4,5
"20798",5,3,"conf_358",500,67,50.3999296585,4,5
"20799",5,3,"conf_358",1500,67,17.901260454,4,5
"20800",5,3,"conf_358",2500,67,10.971431307,4,5
"20801",5,3,"conf_358",5000,67,3.5754322632,4,5
"20802",5,3,"conf_358",7500,67,0.9447102381,4,5
"20803",5,3,"conf_358",250,68,40.0928655076,4,5
"20804",5,3,"conf_358",500,68,33.8396461165,4,5
"20805",5,3,"conf_358",1500,68,17.2558344678,4,5
"20806",5,3,"conf_358",2500,68,8.130298077,4,5
"20807",5,3,"conf_358",5000,68,2.8439222114,4,5
"20808",5,3,"conf_358",7500,68,1.2233453782,4,5
"20809",5,3,"conf_358",250,69,63.6901646936,4,5
"20810",5,3,"conf_358",500,69,45.514640113,4,5
"20811",5,3,"conf_358",1500,69,17.9538532289,4,5
"20812",5,3,"conf_358",2500,69,7.8605375004,4,5
"20813",5,3,"conf_358",5000,69,3.3062260115,4,5
"20814",5,3,"conf_358",7500,69,1.4279508631,4,5
"20815",5,3,"conf_358",250,70,50.9452350861,4,5
"20816",5,3,"conf_358",500,70,28.8017878794,4,5
"20817",5,3,"conf_358",1500,70,15.4832380822,4,5
"20818",5,3,"conf_358",2500,70,5.8774209909,4,5
"20819",5,3,"conf_358",5000,70,2.3565973753,4,5
"20820",5,3,"conf_358",7500,70,1.368947927,4,5
"20821",5,3,"conf_358",250,71,43.6236519553,4,5
"20822",5,3,"conf_358",500,71,39.2144842364,4,5
"20823",5,3,"conf_358",1500,71,11.6956941396,4,5
"20824",5,3,"conf_358",2500,71,5.9029929319,4,5
"20825",5,3,"conf_358",5000,71,2.9487018602,4,5
"20826",5,3,"conf_358",7500,71,0.4538641204,4,5
"20827",5,3,"conf_358",250,72,28.4698889488,4,5
"20828",5,3,"conf_358",500,72,28.4698889488,4,5
"20829",5,3,"conf_358",1500,72,14.5033829746,4,5
"20830",5,3,"conf_358",2500,72,12.8678136744,4,5
"20831",5,3,"conf_358",5000,72,4.8488191609,4,5
"20832",5,3,"conf_358",7500,72,1.8903216552,4,5
"20833",5,3,"conf_358",250,73,69.3755552269,4,5
"20834",5,3,"conf_358",500,73,34.7362576218,4,5
"20835",5,3,"conf_358",1500,73,16.3969833065,4,5
"20836",5,3,"conf_358",2500,73,9.3568239939,4,5
"20837",5,3,"conf_358",5000,73,3.0530845292,4,5
"20838",5,3,"conf_358",7500,73,1.2468139382,4,5
"20839",5,3,"conf_358",250,74,41.6124110999,4,5
"20840",5,3,"conf_358",500,74,28.6568687334,4,5
"20841",5,3,"conf_358",1500,74,17.38146657,4,5
"20842",5,3,"conf_358",2500,74,14.4379420723,4,5
"20843",5,3,"conf_358",5000,74,5.6238005665,4,5
"20844",5,3,"conf_358",7500,74,1.5865146275,4,5
"20845",5,3,"conf_358",250,75,35.4555985603,4,5
"20846",5,3,"conf_358",500,75,35.4555985603,4,5
"20847",5,3,"conf_358",1500,75,11.4171672765,4,5
"20848",5,3,"conf_358",2500,75,4.4582677077,4,5
"20849",5,3,"conf_358",5000,75,2.2455518023,4,5
"20850",5,3,"conf_358",7500,75,0.5122295322,4,5
"20851",5,3,"conf_358",250,76,53.2960694016,4,5
"20852",5,3,"conf_358",500,76,43.4886225473,4,5
"20853",5,3,"conf_358",1500,76,21.3500013546,4,5
"20854",5,3,"conf_358",2500,76,11.9789838178,4,5
"20855",5,3,"conf_358",5000,76,4.1018399926,4,5
"20856",5,3,"conf_358",7500,76,1.2052868056,4,5
"20857",5,3,"conf_358",250,77,55.6034889355,4,5
"20858",5,3,"conf_358",500,77,42.4622670055,4,5
"20859",5,3,"conf_358",1500,77,18.2074534079,4,5
"20860",5,3,"conf_358",2500,77,10.9072190293,4,5
"20861",5,3,"conf_358",5000,77,4.201781357,4,5
"20862",5,3,"conf_358",7500,77,1.3425293634,4,5
"20863",5,3,"conf_358",250,78,68.8381690978,4,5
"20864",5,3,"conf_358",500,78,41.8849450363,4,5
"20865",5,3,"conf_358",1500,78,15.5152627539,4,5
"20866",5,3,"conf_358",2500,78,11.185710096,4,5
"20867",5,3,"conf_358",5000,78,2.4711513909,4,5
"20868",5,3,"conf_358",7500,78,1.9548347898,4,5
"20869",5,3,"conf_358",250,79,63.351629,4,5
"20870",5,3,"conf_358",500,79,38.6444420445,4,5
"20871",5,3,"conf_358",1500,79,25.7639389764,4,5
"20872",5,3,"conf_358",2500,79,12.4082016617,4,5
"20873",5,3,"conf_358",5000,79,3.4018849419,4,5
"20874",5,3,"conf_358",7500,79,1.4016497491,4,5
"20875",5,3,"conf_358",250,80,59.6810244155,4,5
"20876",5,3,"conf_358",500,80,41.4506569085,4,5
"20877",5,3,"conf_358",1500,80,11.0539769568,4,5
"20878",5,3,"conf_358",2500,80,10.5152957043,4,5
"20879",5,3,"conf_358",5000,80,4.9176998625,4,5
"20880",5,3,"conf_358",7500,80,0.6926474286,4,5
"20881",5,3,"conf_358",250,81,47.394703995,4,5
"20882",5,3,"conf_358",500,81,31.7222733224,4,5
"20883",5,3,"conf_358",1500,81,17.2017775766,4,5
"20884",5,3,"conf_358",2500,81,7.2955567035,4,5
"20885",5,3,"conf_358",5000,81,2.5413952844,4,5
"20886",5,3,"conf_358",7500,81,1.2702846047,4,5
"20887",5,3,"conf_358",250,82,60.9950862474,4,5
"20888",5,3,"conf_358",500,82,32.8985543198,4,5
"20889",5,3,"conf_358",1500,82,16.5976698805,4,5
"20890",5,3,"conf_358",2500,82,13.0144252048,4,5
"20891",5,3,"conf_358",5000,82,2.5560353822,4,5
"20892",5,3,"conf_358",7500,82,2.4919412854,4,5
"20893",5,3,"conf_358",250,83,52.9269842196,4,5
"20894",5,3,"conf_358",500,83,30.8756858105,4,5
"20895",5,3,"conf_358",1500,83,18.008550571,4,5
"20896",5,3,"conf_358",2500,83,8.6036350966,4,5
"20897",5,3,"conf_358",5000,83,4.4184460094,4,5
"20898",5,3,"conf_358",7500,83,1.3399555384,4,5
"20899",5,3,"conf_358",250,84,55.9712910351,4,5
"20900",5,3,"conf_358",500,84,44.7359701522,4,5
"20901",5,3,"conf_358",1500,84,23.5504102124,4,5
"20902",5,3,"conf_358",2500,84,9.2478400533,4,5
"20903",5,3,"conf_358",5000,84,3.150635003,4,5
"20904",5,3,"conf_358",7500,84,1.5330640048,4,5
"20905",5,3,"conf_358",250,85,63.9710695459,4,5
"20906",5,3,"conf_358",500,85,36.9742251936,4,5
"20907",5,3,"conf_358",1500,85,18.4560556497,4,5
"20908",5,3,"conf_358",2500,85,8.8473439564,4,5
"20909",5,3,"conf_358",5000,85,3.6965868338,4,5
"20910",5,3,"conf_358",7500,85,1.4774584657,4,5
"20911",5,3,"conf_358",250,86,76.7525361035,4,5
"20912",5,3,"conf_358",500,86,48.4058167152,4,5
"20913",5,3,"conf_358",1500,86,17.8306930584,4,5
"20914",5,3,"conf_358",2500,86,6.4535197716,4,5
"20915",5,3,"conf_358",5000,86,4.5773473318,4,5
"20916",5,3,"conf_358",7500,86,2.2859728734,4,5
"20917",5,3,"conf_358",250,87,38.1269493132,4,5
"20918",5,3,"conf_358",500,87,38.1269493132,4,5
"20919",5,3,"conf_358",1500,87,27.5509523041,4,5
"20920",5,3,"conf_358",2500,87,9.0205545056,4,5
"20921",5,3,"conf_358",5000,87,3.3513976541,4,5
"20922",5,3,"conf_358",7500,87,0.4515127558,4,5
"20923",5,3,"conf_358",250,88,61.7493034571,4,5
"20924",5,3,"conf_358",500,88,46.1596399626,4,5
"20925",5,3,"conf_358",1500,88,20.0387011949,4,5
"20926",5,3,"conf_358",2500,88,11.4843990836,4,5
"20927",5,3,"conf_358",5000,88,6.9005199289,4,5
"20928",5,3,"conf_358",7500,88,1.6295046264,4,5
"20929",5,3,"conf_358",250,89,65.5182429935,4,5
"20930",5,3,"conf_358",500,89,33.8295373577,4,5
"20931",5,3,"conf_358",1500,89,17.5387528406,4,5
"20932",5,3,"conf_358",2500,89,8.5748269439,4,5
"20933",5,3,"conf_358",5000,89,3.0500096012,4,5
"20934",5,3,"conf_358",7500,89,0.1020866891,4,5
"20935",5,3,"conf_358",250,90,77.1247910413,4,5
"20936",5,3,"conf_358",500,90,43.1811028516,4,5
"20937",5,3,"conf_358",1500,90,12.8228703713,4,5
"20938",5,3,"conf_358",2500,90,8.6637416354,4,5
"20939",5,3,"conf_358",5000,90,3.9700705768,4,5
"20940",5,3,"conf_358",7500,90,1.00119444,4,5
"20941",5,3,"conf_358",250,91,63.3230363864,4,5
"20942",5,3,"conf_358",500,91,35.6468171821,4,5
"20943",5,3,"conf_358",1500,91,16.1139874213,4,5
"20944",5,3,"conf_358",2500,91,8.9174651515,4,5
"20945",5,3,"conf_358",5000,91,4.1214607871,4,5
"20946",5,3,"conf_358",7500,91,1.2498965209,4,5
"20947",5,3,"conf_358",250,92,61.1988425354,4,5
"20948",5,3,"conf_358",500,92,52.0749137819,4,5
"20949",5,3,"conf_358",1500,92,23.5136163544,4,5
"20950",5,3,"conf_358",2500,92,12.7160776487,4,5
"20951",5,3,"conf_358",5000,92,2.7833587741,4,5
"20952",5,3,"conf_358",7500,92,1.1428932884,4,5
"20953",5,3,"conf_358",250,93,32.5266371737,4,5
"20954",5,3,"conf_358",500,93,27.1789120167,4,5
"20955",5,3,"conf_358",1500,93,10.2288619494,4,5
"20956",5,3,"conf_358",2500,93,7.0418649852,4,5
"20957",5,3,"conf_358",5000,93,3.3864913115,4,5
"20958",5,3,"conf_358",7500,93,1.1499468104,4,5
"20959",5,3,"conf_358",250,94,49.4594477865,4,5
"20960",5,3,"conf_358",500,94,37.9061899673,4,5
"20961",5,3,"conf_358",1500,94,12.4712641756,4,5
"20962",5,3,"conf_358",2500,94,5.4002436095,4,5
"20963",5,3,"conf_358",5000,94,3.0069721715,4,5
"20964",5,3,"conf_358",7500,94,2.2069108923,4,5
"20965",5,3,"conf_358",250,95,75.9140735958,4,5
"20966",5,3,"conf_358",500,95,52.7261601994,4,5
"20967",5,3,"conf_358",1500,95,20.9975843271,4,5
"20968",5,3,"conf_358",2500,95,11.5040161589,4,5
"20969",5,3,"conf_358",5000,95,3.3138801532,4,5
"20970",5,3,"conf_358",7500,95,0.5148445182,4,5
"20971",5,3,"conf_358",250,96,41.3995956442,4,5
"20972",5,3,"conf_358",500,96,41.3995956442,4,5
"20973",5,3,"conf_358",1500,96,16.6525812517,4,5
"20974",5,3,"conf_358",2500,96,5.0222730285,4,5
"20975",5,3,"conf_358",5000,96,2.7086345868,4,5
"20976",5,3,"conf_358",7500,96,1.3023639656,4,5
"20977",5,3,"conf_358",250,97,48.745124077,4,5
"20978",5,3,"conf_358",500,97,38.7854176685,4,5
"20979",5,3,"conf_358",1500,97,14.9728788124,4,5
"20980",5,3,"conf_358",2500,97,9.0079338944,4,5
"20981",5,3,"conf_358",5000,97,4.0803581238,4,5
"20982",5,3,"conf_358",7500,97,1.4753205282,4,5
"20983",5,3,"conf_358",250,98,60.9873292221,4,5
"20984",5,3,"conf_358",500,98,40.8758883115,4,5
"20985",5,3,"conf_358",1500,98,11.4037552734,4,5
"20986",5,3,"conf_358",2500,98,10.8186252075,4,5
"20987",5,3,"conf_358",5000,98,3.0415497178,4,5
"20988",5,3,"conf_358",7500,98,0.8670372512,4,5
"20989",5,3,"conf_358",250,99,38.3226269892,4,5
"20990",5,3,"conf_358",500,99,38.3226269892,4,5
"20991",5,3,"conf_358",1500,99,17.2999645679,4,5
"20992",5,3,"conf_358",2500,99,9.2600259661,4,5
"20993",5,3,"conf_358",5000,99,6.0606400553,4,5
"20994",5,3,"conf_358",7500,99,2.5526744204,4,5
"20995",5,3,"conf_358",250,100,62.8131360288,4,5
"20996",5,3,"conf_358",500,100,37.0898370549,4,5
"20997",5,3,"conf_358",1500,100,19.0870379742,4,5
"20998",5,3,"conf_358",2500,100,11.4542153315,4,5
"20999",5,3,"conf_358",5000,100,3.0071764705,4,5
"21000",5,3,"conf_358",7500,100,1.3915206614,4,5
"21001",5,3,"conf_358",250,101,64.0695562969,2,5
"21002",5,3,"conf_358",500,101,38.3445235178,2,5
"21003",5,3,"conf_358",1500,101,27.1952422455,2,5
"21004",5,3,"conf_358",2500,101,12.609830366,2,5
"21005",5,3,"conf_358",5000,101,5.4438784069,2,5
"21006",5,3,"conf_358",7500,101,0.5270180636,2,5
"21007",5,3,"conf_358",250,102,62.1054338978,2,5
"21008",5,3,"conf_358",500,102,42.2116020596,2,5
"21009",5,3,"conf_358",1500,102,14.7005955495,2,5
"21010",5,3,"conf_358",2500,102,8.1293595578,2,5
"21011",5,3,"conf_358",5000,102,3.9471635784,2,5
"21012",5,3,"conf_358",7500,102,1.9787616405,2,5
"21013",5,3,"conf_358",250,103,53.0819192742,2,5
"21014",5,3,"conf_358",500,103,36.8009144618,2,5
"21015",5,3,"conf_358",1500,103,19.4484869741,2,5
"21016",5,3,"conf_358",2500,103,14.4287359598,2,5
"21017",5,3,"conf_358",5000,103,1.4891763528,2,5
"21018",5,3,"conf_358",7500,103,0.9506564976,2,5
"21019",5,3,"conf_358",250,104,57.5617182437,2,5
"21020",5,3,"conf_358",500,104,41.1884563285,2,5
"21021",5,3,"conf_358",1500,104,15.4340152939,2,5
"21022",5,3,"conf_358",2500,104,12.3776699046,2,5
"21023",5,3,"conf_358",5000,104,2.780060574,2,5
"21024",5,3,"conf_358",7500,104,1.5935523642,2,5
"21025",5,3,"conf_358",250,105,39.0285884953,2,5
"21026",5,3,"conf_358",500,105,24.3640957272,2,5
"21027",5,3,"conf_358",1500,105,18.981131398,2,5
"21028",5,3,"conf_358",2500,105,13.4186408593,2,5
"21029",5,3,"conf_358",5000,105,1.7466067132,2,5
"21030",5,3,"conf_358",7500,105,0.5491865439,2,5
"21031",5,3,"conf_358",250,106,37.9523669097,2,5
"21032",5,3,"conf_358",500,106,37.9523669097,2,5
"21033",5,3,"conf_358",1500,106,21.7092764254,2,5
"21034",5,3,"conf_358",2500,106,8.0219518343,2,5
"21035",5,3,"conf_358",5000,106,3.2512565529,2,5
"21036",5,3,"conf_358",7500,106,1.6371181039,2,5
"21037",5,3,"conf_358",250,107,42.2897092138,2,5
"21038",5,3,"conf_358",500,107,42.2897092138,2,5
"21039",5,3,"conf_358",1500,107,18.3443206404,2,5
"21040",5,3,"conf_358",2500,107,18.3443206404,2,5
"21041",5,3,"conf_358",5000,107,4.7596980605,2,5
"21042",5,3,"conf_358",7500,107,2.1279437712,2,5
"21043",5,3,"conf_358",250,108,24.7076713774,2,5
"21044",5,3,"conf_358",500,108,24.7076713774,2,5
"21045",5,3,"conf_358",1500,108,15.454321458,2,5
"21046",5,3,"conf_358",2500,108,11.7866796618,2,5
"21047",5,3,"conf_358",5000,108,5.4259081757,2,5
"21048",5,3,"conf_358",7500,108,2.0659447778,2,5
"21049",5,3,"conf_358",250,109,51.4278467492,2,5
"21050",5,3,"conf_358",500,109,51.4278467492,2,5
"21051",5,3,"conf_358",1500,109,22.1856373369,2,5
"21052",5,3,"conf_358",2500,109,14.7037621804,2,5
"21053",5,3,"conf_358",5000,109,2.6267741412,2,5
"21054",5,3,"conf_358",7500,109,1.6100463583,2,5
"21055",5,3,"conf_358",250,110,49.6089266686,2,5
"21056",5,3,"conf_358",500,110,46.0775982353,2,5
"21057",5,3,"conf_358",1500,110,25.5255088464,2,5
"21058",5,3,"conf_358",2500,110,5.4481967945,2,5
"21059",5,3,"conf_358",5000,110,5.4481967945,2,5
"21060",5,3,"conf_358",7500,110,0.695142701,2,5
"21061",5,3,"conf_358",250,111,70.9054678804,2,5
"21062",5,3,"conf_358",500,111,44.4238555223,2,5
"21063",5,3,"conf_358",1500,111,26.3931849656,2,5
"21064",5,3,"conf_358",2500,111,13.0292546875,2,5
"21065",5,3,"conf_358",5000,111,4.3897377691,2,5
"21066",5,3,"conf_358",7500,111,1.8689710516,2,5
"21067",5,3,"conf_358",250,112,35.0620766826,2,5
"21068",5,3,"conf_358",500,112,30.9547426373,2,5
"21069",5,3,"conf_358",1500,112,27.6942276111,2,5
"21070",5,3,"conf_358",2500,112,11.5924480148,2,5
"21071",5,3,"conf_358",5000,112,2.2327803346,2,5
"21072",5,3,"conf_358",7500,112,1.4123915638,2,5
"21073",5,3,"conf_358",250,113,45.6172114271,2,5
"21074",5,3,"conf_358",500,113,45.082749214,2,5
"21075",5,3,"conf_358",1500,113,11.975448327,2,5
"21076",5,3,"conf_358",2500,113,8.6293266769,2,5
"21077",5,3,"conf_358",5000,113,2.2366811478,2,5
"21078",5,3,"conf_358",7500,113,1.5136206126,2,5
"21079",5,3,"conf_358",250,114,65.0991578892,2,5
"21080",5,3,"conf_358",500,114,45.555021159,2,5
"21081",5,3,"conf_358",1500,114,24.9120607578,2,5
"21082",5,3,"conf_358",2500,114,10.5893592111,2,5
"21083",5,3,"conf_358",5000,114,5.6996457273,2,5
"21084",5,3,"conf_358",7500,114,0.8883366726,2,5
"21085",5,3,"conf_358",250,115,67.7474813297,2,5
"21086",5,3,"conf_358",500,115,53.5501717925,2,5
"21087",5,3,"conf_358",1500,115,25.5186320644,2,5
"21088",5,3,"conf_358",2500,115,13.2829079928,2,5
"21089",5,3,"conf_358",5000,115,5.724393964,2,5
"21090",5,3,"conf_358",7500,115,2.402799405,2,5
"21091",5,3,"conf_358",250,116,58.6915243201,2,5
"21092",5,3,"conf_358",500,116,34.8456949341,2,5
"21093",5,3,"conf_358",1500,116,25.6785881178,2,5
"21094",5,3,"conf_358",2500,116,20.190128024,2,5
"21095",5,3,"conf_358",5000,116,3.4433051515,2,5
"21096",5,3,"conf_358",7500,116,2.2558762469,2,5
"21097",5,3,"conf_358",250,117,46.589802297,2,5
"21098",5,3,"conf_358",500,117,46.589802297,2,5
"21099",5,3,"conf_358",1500,117,18.636995143,2,5
"21100",5,3,"conf_358",2500,117,8.4327927231,2,5
"21101",5,3,"conf_358",5000,117,3.422816565,2,5
"21102",5,3,"conf_358",7500,117,1.999311386,2,5
"21103",5,3,"conf_358",250,118,43.0906093973,2,5
"21104",5,3,"conf_358",500,118,43.0906093973,2,5
"21105",5,3,"conf_358",1500,118,15.5234298677,2,5
"21106",5,3,"conf_358",2500,118,5.5965178041,2,5
"21107",5,3,"conf_358",5000,118,5.5725747798,2,5
"21108",5,3,"conf_358",7500,118,2.7344757779,2,5
"21109",5,3,"conf_358",250,119,61.959839833,2,5
"21110",5,3,"conf_358",500,119,41.8402031845,2,5
"21111",5,3,"conf_358",1500,119,22.3125498907,2,5
"21112",5,3,"conf_358",2500,119,12.0290960815,2,5
"21113",5,3,"conf_358",5000,119,3.8508120511,2,5
"21114",5,3,"conf_358",7500,119,0.7330747991,2,5
"21115",5,3,"conf_358",250,120,62.114207225,2,5
"21116",5,3,"conf_358",500,120,54.1997479002,2,5
"21117",5,3,"conf_358",1500,120,24.837143669,2,5
"21118",5,3,"conf_358",2500,120,8.8587420706,2,5
"21119",5,3,"conf_358",5000,120,4.0674212638,2,5
"21120",5,3,"conf_358",7500,120,1.1492801583,2,5
"21121",5,3,"conf_358",250,121,81.9904318691,2,5
"21122",5,3,"conf_358",500,121,63.0791186162,2,5
"21123",5,3,"conf_358",1500,121,22.0798889573,2,5
"21124",5,3,"conf_358",2500,121,10.2845388245,2,5
"21125",5,3,"conf_358",5000,121,2.4570492408,2,5
"21126",5,3,"conf_358",7500,121,1.5599031641,2,5
"21127",5,3,"conf_358",250,122,36.459391409,2,5
"21128",5,3,"conf_358",500,122,36.459391409,2,5
"21129",5,3,"conf_358",1500,122,17.8613820077,2,5
"21130",5,3,"conf_358",2500,122,15.2029858103,2,5
"21131",5,3,"conf_358",5000,122,6.2965696087,2,5
"21132",5,3,"conf_358",7500,122,1.8835988984,2,5
"21133",5,3,"conf_358",250,123,65.4308690249,2,5
"21134",5,3,"conf_358",500,123,39.3631425479,2,5
"21135",5,3,"conf_358",1500,123,18.8513083395,2,5
"21136",5,3,"conf_358",2500,123,12.9074898842,2,5
"21137",5,3,"conf_358",5000,123,5.0344798059,2,5
"21138",5,3,"conf_358",7500,123,2.4458452653,2,5
"21139",5,3,"conf_358",250,124,65.4912998427,2,5
"21140",5,3,"conf_358",500,124,38.8595765427,2,5
"21141",5,3,"conf_358",1500,124,17.7471943715,2,5
"21142",5,3,"conf_358",2500,124,9.6650716134,2,5
"21143",5,3,"conf_358",5000,124,4.5726876153,2,5
"21144",5,3,"conf_358",7500,124,2.9557513606,2,5
"21145",5,3,"conf_358",250,125,51.9949381238,2,5
"21146",5,3,"conf_358",500,125,51.5084122424,2,5
"21147",5,3,"conf_358",1500,125,17.3593524322,2,5
"21148",5,3,"conf_358",2500,125,15.1086859387,2,5
"21149",5,3,"conf_358",5000,125,6.0773545499,2,5
"21150",5,3,"conf_358",7500,125,1.1189027932,2,5
"21151",5,3,"conf_358",250,126,45.3880294971,2,5
"21152",5,3,"conf_358",500,126,29.0051997331,2,5
"21153",5,3,"conf_358",1500,126,23.8360571491,2,5
"21154",5,3,"conf_358",2500,126,6.5444446123,2,5
"21155",5,3,"conf_358",5000,126,3.8229847442,2,5
"21156",5,3,"conf_358",7500,126,2.4223360536,2,5
"21157",5,3,"conf_358",250,127,35.1367508294,2,5
"21158",5,3,"conf_358",500,127,35.1367508294,2,5
"21159",5,3,"conf_358",1500,127,16.874372841,2,5
"21160",5,3,"conf_358",2500,127,10.0535106908,2,5
"21161",5,3,"conf_358",5000,127,5.2785179007,2,5
"21162",5,3,"conf_358",7500,127,2.574496776,2,5
"21163",5,3,"conf_358",250,128,36.8511565959,2,5
"21164",5,3,"conf_358",500,128,36.8511565959,2,5
"21165",5,3,"conf_358",1500,128,19.7179308553,2,5
"21166",5,3,"conf_358",2500,128,16.9643030267,2,5
"21167",5,3,"conf_358",5000,128,3.5848378619,2,5
"21168",5,3,"conf_358",7500,128,1.6035956092,2,5
"21169",5,3,"conf_358",250,129,54.4974112656,2,5
"21170",5,3,"conf_358",500,129,38.1726546792,2,5
"21171",5,3,"conf_358",1500,129,16.3052202172,2,5
"21172",5,3,"conf_358",2500,129,12.7931288104,2,5
"21173",5,3,"conf_358",5000,129,4.3509044515,2,5
"21174",5,3,"conf_358",7500,129,2.4815101118,2,5
"21175",5,3,"conf_358",250,130,68.5174981998,2,5
"21176",5,3,"conf_358",500,130,43.4587531033,2,5
"21177",5,3,"conf_358",1500,130,19.8082516738,2,5
"21178",5,3,"conf_358",2500,130,5.1980872898,2,5
"21179",5,3,"conf_358",5000,130,3.5824586543,2,5
"21180",5,3,"conf_358",7500,130,2.3840638381,2,5
"21181",5,3,"conf_358",250,131,49.0031994024,2,5
"21182",5,3,"conf_358",500,131,42.7543004832,2,5
"21183",5,3,"conf_358",1500,131,20.0085925726,2,5
"21184",5,3,"conf_358",2500,131,15.8202403197,2,5
"21185",5,3,"conf_358",5000,131,4.6427612083,2,5
"21186",5,3,"conf_358",7500,131,2.2379908426,2,5
"21187",5,3,"conf_358",250,132,51.2918110028,2,5
"21188",5,3,"conf_358",500,132,32.1206374109,2,5
"21189",5,3,"conf_358",1500,132,17.8978574375,2,5
"21190",5,3,"conf_358",2500,132,11.8921644159,2,5
"21191",5,3,"conf_358",5000,132,3.3503345664,2,5
"21192",5,3,"conf_358",7500,132,2.328628599,2,5
"21193",5,3,"conf_358",250,133,34.9820902616,2,5
"21194",5,3,"conf_358",500,133,34.9820902616,2,5
"21195",5,3,"conf_358",1500,133,15.4837644728,2,5
"21196",5,3,"conf_358",2500,133,6.4107220443,2,5
"21197",5,3,"conf_358",5000,133,2.8970241128,2,5
"21198",5,3,"conf_358",7500,133,1.9769090509,2,5
"21199",5,3,"conf_358",250,134,46.8674402713,2,5
"21200",5,3,"conf_358",500,134,46.8674402713,2,5
"21201",5,3,"conf_358",1500,134,19.4263374259,2,5
"21202",5,3,"conf_358",2500,134,7.231634457,2,5
"21203",5,3,"conf_358",5000,134,4.2951088139,2,5
"21204",5,3,"conf_358",7500,134,1.4945002438,2,5
"21205",5,3,"conf_358",250,135,59.0572268017,2,5
"21206",5,3,"conf_358",500,135,50.074661669,2,5
"21207",5,3,"conf_358",1500,135,17.1467736624,2,5
"21208",5,3,"conf_358",2500,135,11.6796934813,2,5
"21209",5,3,"conf_358",5000,135,4.8953905058,2,5
"21210",5,3,"conf_358",7500,135,0.7903109,2,5
"21211",5,3,"conf_358",250,136,69.8127752087,2,5
"21212",5,3,"conf_358",500,136,48.0865987049,2,5
"21213",5,3,"conf_358",1500,136,21.2036149936,2,5
"21214",5,3,"conf_358",2500,136,12.5428482531,2,5
"21215",5,3,"conf_358",5000,136,4.8004081935,2,5
"21216",5,3,"conf_358",7500,136,1.777951229,2,5
"21217",5,3,"conf_358",250,137,53.3104139893,2,5
"21218",5,3,"conf_358",500,137,53.3104139893,2,5
"21219",5,3,"conf_358",1500,137,22.8325261797,2,5
"21220",5,3,"conf_358",2500,137,7.7086879349,2,5
"21221",5,3,"conf_358",5000,137,2.6679829392,2,5
"21222",5,3,"conf_358",7500,137,1.4363861694,2,5
"21223",5,3,"conf_358",250,138,71.8736240895,2,5
"21224",5,3,"conf_358",500,138,52.2315175431,2,5
"21225",5,3,"conf_358",1500,138,15.37363244,2,5
"21226",5,3,"conf_358",2500,138,12.103024703,2,5
"21227",5,3,"conf_358",5000,138,4.2563979709,2,5
"21228",5,3,"conf_358",7500,138,2.010015834,2,5
"21229",5,3,"conf_358",250,139,53.1996848374,2,5
"21230",5,3,"conf_358",500,139,37.9947637351,2,5
"21231",5,3,"conf_358",1500,139,21.7699381306,2,5
"21232",5,3,"conf_358",2500,139,10.3415483325,2,5
"21233",5,3,"conf_358",5000,139,3.8914325837,2,5
"21234",5,3,"conf_358",7500,139,2.4015554894,2,5
"21235",5,3,"conf_358",250,140,47.2421858402,2,5
"21236",5,3,"conf_358",500,140,38.6269696905,2,5
"21237",5,3,"conf_358",1500,140,20.2126279895,2,5
"21238",5,3,"conf_358",2500,140,9.9328533157,2,5
"21239",5,3,"conf_358",5000,140,4.8377635154,2,5
"21240",5,3,"conf_358",7500,140,1.9528719002,2,5
"21241",5,3,"conf_358",250,141,49.6871643368,2,5
"21242",5,3,"conf_358",500,141,38.5979021317,2,5
"21243",5,3,"conf_358",1500,141,21.784990212,2,5
"21244",5,3,"conf_358",2500,141,10.9976330159,2,5
"21245",5,3,"conf_358",5000,141,4.5014679621,2,5
"21246",5,3,"conf_358",7500,141,2.3583506751,2,5
"21247",5,3,"conf_358",250,142,48.1110261277,2,5
"21248",5,3,"conf_358",500,142,48.1110261277,2,5
"21249",5,3,"conf_358",1500,142,24.4566304989,2,5
"21250",5,3,"conf_358",2500,142,8.7984136982,2,5
"21251",5,3,"conf_358",5000,142,2.6297809192,2,5
"21252",5,3,"conf_358",7500,142,2.228171928,2,5
"21253",5,3,"conf_358",250,143,56.0933564413,2,5
"21254",5,3,"conf_358",500,143,43.2522625598,2,5
"21255",5,3,"conf_358",1500,143,19.5769666349,2,5
"21256",5,3,"conf_358",2500,143,6.6468176018,2,5
"21257",5,3,"conf_358",5000,143,4.501321529,2,5
"21258",5,3,"conf_358",7500,143,2.0389925521,2,5
"21259",5,3,"conf_358",250,144,67.0956344721,2,5
"21260",5,3,"conf_358",500,144,60.6285577941,2,5
"21261",5,3,"conf_358",1500,144,23.4602078182,2,5
"21262",5,3,"conf_358",2500,144,7.372874599,2,5
"21263",5,3,"conf_358",5000,144,1.8522243834,2,5
"21264",5,3,"conf_358",7500,144,0.3596427682,2,5
"21265",5,3,"conf_358",250,145,49.6194677913,2,5
"21266",5,3,"conf_358",500,145,49.6194677913,2,5
"21267",5,3,"conf_358",1500,145,23.9896715659,2,5
"21268",5,3,"conf_358",2500,145,16.4658795098,2,5
"21269",5,3,"conf_358",5000,145,4.1521499453,2,5
"21270",5,3,"conf_358",7500,145,1.1570580534,2,5
"21271",5,3,"conf_358",250,146,72.9357315995,2,5
"21272",5,3,"conf_358",500,146,39.6781906964,2,5
"21273",5,3,"conf_358",1500,146,21.1833982528,2,5
"21274",5,3,"conf_358",2500,146,11.3539214957,2,5
"21275",5,3,"conf_358",5000,146,4.8966036255,2,5
"21276",5,3,"conf_358",7500,146,1.5627032661,2,5
"21277",5,3,"conf_358",250,147,46.4125359688,2,5
"21278",5,3,"conf_358",500,147,29.8254870497,2,5
"21279",5,3,"conf_358",1500,147,26.8254605947,2,5
"21280",5,3,"conf_358",2500,147,6.8319837518,2,5
"21281",5,3,"conf_358",5000,147,3.3849065495,2,5
"21282",5,3,"conf_358",7500,147,2.154600867,2,5
"21283",5,3,"conf_358",250,148,54.9529322258,2,5
"21284",5,3,"conf_358",500,148,50.7314147046,2,5
"21285",5,3,"conf_358",1500,148,17.683314148,2,5
"21286",5,3,"conf_358",2500,148,10.8409494253,2,5
"21287",5,3,"conf_358",5000,148,3.3455543621,2,5
"21288",5,3,"conf_358",7500,148,2.1131886559,2,5
"21289",5,3,"conf_358",250,149,65.6306006308,2,5
"21290",5,3,"conf_358",500,149,35.5654140496,2,5
"21291",5,3,"conf_358",1500,149,24.5290285275,2,5
"21292",5,3,"conf_358",2500,149,13.1466088315,2,5
"21293",5,3,"conf_358",5000,149,3.4244719728,2,5
"21294",5,3,"conf_358",7500,149,1.3547026296,2,5
"21295",5,3,"conf_358",250,150,58.9881820463,2,5
"21296",5,3,"conf_358",500,150,49.0011212513,2,5
"21297",5,3,"conf_358",1500,150,17.0705078706,2,5
"21298",5,3,"conf_358",2500,150,10.422597401,2,5
"21299",5,3,"conf_358",5000,150,4.0248698542,2,5
"21300",5,3,"conf_358",7500,150,1.0453787172,2,5
"21301",5,3,"conf_358",250,151,65.8371786109,3,5
"21302",5,3,"conf_358",500,151,48.0712299284,3,5
"21303",5,3,"conf_358",1500,151,19.3901966465,3,5
"21304",5,3,"conf_358",2500,151,5.3054594011,3,5
"21305",5,3,"conf_358",5000,151,3.5664038026,3,5
"21306",5,3,"conf_358",7500,151,1.6720740264,3,5
"21307",5,3,"conf_358",250,152,49.0417725623,3,5
"21308",5,3,"conf_358",500,152,47.8279586033,3,5
"21309",5,3,"conf_358",1500,152,20.2176179496,3,5
"21310",5,3,"conf_358",2500,152,16.4710444704,3,5
"21311",5,3,"conf_358",5000,152,3.497871617,3,5
"21312",5,3,"conf_358",7500,152,1.5549442447,3,5
"21313",5,3,"conf_358",250,153,25.1340472598,3,5
"21314",5,3,"conf_358",500,153,17.4092060896,3,5
"21315",5,3,"conf_358",1500,153,12.0540757315,3,5
"21316",5,3,"conf_358",2500,153,9.3492292542,3,5
"21317",5,3,"conf_358",5000,153,4.4269194445,3,5
"21318",5,3,"conf_358",7500,153,0.6164195725,3,5
"21319",5,3,"conf_358",250,154,70.2238857094,3,5
"21320",5,3,"conf_358",500,154,45.8663167054,3,5
"21321",5,3,"conf_358",1500,154,11.9758327786,3,5
"21322",5,3,"conf_358",2500,154,7.1974527324,3,5
"21323",5,3,"conf_358",5000,154,4.315354609,3,5
"21324",5,3,"conf_358",7500,154,0.4219749557,3,5
"21325",5,3,"conf_358",250,155,54.460162899,3,5
"21326",5,3,"conf_358",500,155,50.3591594934,3,5
"21327",5,3,"conf_358",1500,155,17.5259218737,3,5
"21328",5,3,"conf_358",2500,155,14.5640669608,3,5
"21329",5,3,"conf_358",5000,155,3.2092273456,3,5
"21330",5,3,"conf_358",7500,155,2.2010122076,3,5
"21331",5,3,"conf_358",250,156,33.4739787404,3,5
"21332",5,3,"conf_358",500,156,33.4739787404,3,5
"21333",5,3,"conf_358",1500,156,23.3733181867,3,5
"21334",5,3,"conf_358",2500,156,12.5495973191,3,5
"21335",5,3,"conf_358",5000,156,3.2767781923,3,5
"21336",5,3,"conf_358",7500,156,2.0531149618,3,5
"21337",5,3,"conf_358",250,157,57.9277877357,3,5
"21338",5,3,"conf_358",500,157,39.8272141658,3,5
"21339",5,3,"conf_358",1500,157,12.9372636056,3,5
"21340",5,3,"conf_358",2500,157,10.5044469018,3,5
"21341",5,3,"conf_358",5000,157,5.6002889417,3,5
"21342",5,3,"conf_358",7500,157,1.0068643994,3,5
"21343",5,3,"conf_358",250,158,45.2916787025,3,5
"21344",5,3,"conf_358",500,158,42.8875323802,3,5
"21345",5,3,"conf_358",1500,158,19.1066306911,3,5
"21346",5,3,"conf_358",2500,158,4.8980012538,3,5
"21347",5,3,"conf_358",5000,158,4.0220202664,3,5
"21348",5,3,"conf_358",7500,158,1.6253074422,3,5
"21349",5,3,"conf_358",250,159,53.7176713105,3,5
"21350",5,3,"conf_358",500,159,53.7176713105,3,5
"21351",5,3,"conf_358",1500,159,22.8536239515,3,5
"21352",5,3,"conf_358",2500,159,10.6703710678,3,5
"21353",5,3,"conf_358",5000,159,1.6256626881,3,5
"21354",5,3,"conf_358",7500,159,1.4939507036,3,5
"21355",5,3,"conf_358",250,160,51.9947405079,3,5
"21356",5,3,"conf_358",500,160,51.9947405079,3,5
"21357",5,3,"conf_358",1500,160,22.2279760184,3,5
"21358",5,3,"conf_358",2500,160,10.0581211542,3,5
"21359",5,3,"conf_358",5000,160,6.349514521,3,5
"21360",5,3,"conf_358",7500,160,2.1054426546,3,5
"21361",5,3,"conf_358",250,161,40.5792210193,3,5
"21362",5,3,"conf_358",500,161,40.5792210193,3,5
"21363",5,3,"conf_358",1500,161,21.1110191778,3,5
"21364",5,3,"conf_358",2500,161,12.762724767,3,5
"21365",5,3,"conf_358",5000,161,5.8873219802,3,5
"21366",5,3,"conf_358",7500,161,0.4645248791,3,5
"21367",5,3,"conf_358",250,162,65.1941982015,3,5
"21368",5,3,"conf_358",500,162,39.4574701576,3,5
"21369",5,3,"conf_358",1500,162,10.7422007488,3,5
"21370",5,3,"conf_358",2500,162,8.9582292325,3,5
"21371",5,3,"conf_358",5000,162,2.6791216422,3,5
"21372",5,3,"conf_358",7500,162,1.012740412,3,5
"21373",5,3,"conf_358",250,163,58.3179290596,3,5
"21374",5,3,"conf_358",500,163,51.7318464666,3,5
"21375",5,3,"conf_358",1500,163,15.6842738264,3,5
"21376",5,3,"conf_358",2500,163,11.4757610588,3,5
"21377",5,3,"conf_358",5000,163,5.6278246031,3,5
"21378",5,3,"conf_358",7500,163,1.4274434758,3,5
"21379",5,3,"conf_358",250,164,62.2626468484,3,5
"21380",5,3,"conf_358",500,164,17.7828809253,3,5
"21381",5,3,"conf_358",1500,164,9.2456340309,3,5
"21382",5,3,"conf_358",2500,164,5.778253433,3,5
"21383",5,3,"conf_358",5000,164,4.7652920781,3,5
"21384",5,3,"conf_358",7500,164,1.7067757783,3,5
"21385",5,3,"conf_358",250,165,35.4203162887,3,5
"21386",5,3,"conf_358",500,165,35.4203162887,3,5
"21387",5,3,"conf_358",1500,165,17.4812333451,3,5
"21388",5,3,"conf_358",2500,165,12.3939612805,3,5
"21389",5,3,"conf_358",5000,165,4.439126821,3,5
"21390",5,3,"conf_358",7500,165,2.047701127,3,5
"21391",5,3,"conf_358",250,166,89.6894481306,3,5
"21392",5,3,"conf_358",500,166,43.374808183,3,5
"21393",5,3,"conf_358",1500,166,22.8614189336,3,5
"21394",5,3,"conf_358",2500,166,4.9470144553,3,5
"21395",5,3,"conf_358",5000,166,4.7880020474,3,5
"21396",5,3,"conf_358",7500,166,1.3180988982,3,5
"21397",5,3,"conf_358",250,167,48.9681700981,3,5
"21398",5,3,"conf_358",500,167,48.9681700981,3,5
"21399",5,3,"conf_358",1500,167,7.9840053031,3,5
"21400",5,3,"conf_358",2500,167,7.9840053031,3,5
"21401",5,3,"conf_358",5000,167,2.8817943815,3,5
"21402",5,3,"conf_358",7500,167,1.3512651131,3,5
"21403",5,3,"conf_358",250,168,49.3510314808,3,5
"21404",5,3,"conf_358",500,168,49.3510314808,3,5
"21405",5,3,"conf_358",1500,168,25.8187612712,3,5
"21406",5,3,"conf_358",2500,168,8.8020737686,3,5
"21407",5,3,"conf_358",5000,168,3.4795363596,3,5
"21408",5,3,"conf_358",7500,168,1.2746526387,3,5
"21409",5,3,"conf_358",250,169,46.0763809728,3,5
"21410",5,3,"conf_358",500,169,31.7273426182,3,5
"21411",5,3,"conf_358",1500,169,20.3174267999,3,5
"21412",5,3,"conf_358",2500,169,8.0450479237,3,5
"21413",5,3,"conf_358",5000,169,3.4984430664,3,5
"21414",5,3,"conf_358",7500,169,1.2651286774,3,5
"21415",5,3,"conf_358",250,170,65.8767326632,3,5
"21416",5,3,"conf_358",500,170,56.9088324026,3,5
"21417",5,3,"conf_358",1500,170,14.6402116727,3,5
"21418",5,3,"conf_358",2500,170,6.6761039774,3,5
"21419",5,3,"conf_358",5000,170,2.646369503,3,5
"21420",5,3,"conf_358",7500,170,1.4409309711,3,5
"21421",5,3,"conf_358",250,171,51.9071007077,3,5
"21422",5,3,"conf_358",500,171,42.7335220884,3,5
"21423",5,3,"conf_358",1500,171,29.8708104898,3,5
"21424",5,3,"conf_358",2500,171,3.9815141409,3,5
"21425",5,3,"conf_358",5000,171,1.5044387516,3,5
"21426",5,3,"conf_358",7500,171,1.1557399339,3,5
"21427",5,3,"conf_358",250,172,51.3058050823,3,5
"21428",5,3,"conf_358",500,172,48.1522456604,3,5
"21429",5,3,"conf_358",1500,172,16.5983965549,3,5
"21430",5,3,"conf_358",2500,172,7.751735455,3,5
"21431",5,3,"conf_358",5000,172,3.004470582,3,5
"21432",5,3,"conf_358",7500,172,1.514964821,3,5
"21433",5,3,"conf_358",250,173,33.8431833229,3,5
"21434",5,3,"conf_358",500,173,33.8431833229,3,5
"21435",5,3,"conf_358",1500,173,18.1916858586,3,5
"21436",5,3,"conf_358",2500,173,10.9155158351,3,5
"21437",5,3,"conf_358",5000,173,2.4676800266,3,5
"21438",5,3,"conf_358",7500,173,1.424528653,3,5
"21439",5,3,"conf_358",250,174,54.9131576031,3,5
"21440",5,3,"conf_358",500,174,49.4960656468,3,5
"21441",5,3,"conf_358",1500,174,18.9070781053,3,5
"21442",5,3,"conf_358",2500,174,13.757355603,3,5
"21443",5,3,"conf_358",5000,174,1.4319787645,3,5
"21444",5,3,"conf_358",7500,174,0.8928328576,3,5
"21445",5,3,"conf_358",250,175,60.9635267686,3,5
"21446",5,3,"conf_358",500,175,32.8374313122,3,5
"21447",5,3,"conf_358",1500,175,21.9976990486,3,5
"21448",5,3,"conf_358",2500,175,11.5319239913,3,5
"21449",5,3,"conf_358",5000,175,5.0569348035,3,5
"21450",5,3,"conf_358",7500,175,1.5351729833,3,5
"21451",5,3,"conf_358",250,176,39.9580112137,3,5
"21452",5,3,"conf_358",500,176,39.9580112137,3,5
"21453",5,3,"conf_358",1500,176,20.2429762295,3,5
"21454",5,3,"conf_358",2500,176,8.2343508428,3,5
"21455",5,3,"conf_358",5000,176,5.3789408409,3,5
"21456",5,3,"conf_358",7500,176,2.0639873344,3,5
"21457",5,3,"conf_358",250,177,60.2793570966,3,5
"21458",5,3,"conf_358",500,177,46.6663893602,3,5
"21459",5,3,"conf_358",1500,177,15.2905016021,3,5
"21460",5,3,"conf_358",2500,177,11.4410651913,3,5
"21461",5,3,"conf_358",5000,177,4.7845301777,3,5
"21462",5,3,"conf_358",7500,177,1.0525439602,3,5
"21463",5,3,"conf_358",250,178,67.2180239884,3,5
"21464",5,3,"conf_358",500,178,27.295026025,3,5
"21465",5,3,"conf_358",1500,178,13.9822195117,3,5
"21466",5,3,"conf_358",2500,178,9.4304955099,3,5
"21467",5,3,"conf_358",5000,178,2.6667621992,3,5
"21468",5,3,"conf_358",7500,178,0.8481298198,3,5
"21469",5,3,"conf_358",250,179,63.1419801892,3,5
"21470",5,3,"conf_358",500,179,37.1435976486,3,5
"21471",5,3,"conf_358",1500,179,20.8886114706,3,5
"21472",5,3,"conf_358",2500,179,15.0388389095,3,5
"21473",5,3,"conf_358",5000,179,5.3933978004,3,5
"21474",5,3,"conf_358",7500,179,1.5107505277,3,5
"21475",5,3,"conf_358",250,180,61.3084659405,3,5
"21476",5,3,"conf_358",500,180,29.9943522457,3,5
"21477",5,3,"conf_358",1500,180,17.3688075013,3,5
"21478",5,3,"conf_358",2500,180,12.0823045041,3,5
"21479",5,3,"conf_358",5000,180,2.8097367748,3,5
"21480",5,3,"conf_358",7500,180,1.4732952751,3,5
"21481",5,3,"conf_358",250,181,62.3989905939,3,5
"21482",5,3,"conf_358",500,181,28.0287546811,3,5
"21483",5,3,"conf_358",1500,181,20.4287522282,3,5
"21484",5,3,"conf_358",2500,181,8.337320189,3,5
"21485",5,3,"conf_358",5000,181,4.2843551012,3,5
"21486",5,3,"conf_358",7500,181,1.9112453207,3,5
"21487",5,3,"conf_358",250,182,50.014120118,3,5
"21488",5,3,"conf_358",500,182,50.014120118,3,5
"21489",5,3,"conf_358",1500,182,25.3880864567,3,5
"21490",5,3,"conf_358",2500,182,11.5691004383,3,5
"21491",5,3,"conf_358",5000,182,6.610104841,3,5
"21492",5,3,"conf_358",7500,182,2.0593207363,3,5
"21493",5,3,"conf_358",250,183,60.5982943436,3,5
"21494",5,3,"conf_358",500,183,51.4161489922,3,5
"21495",5,3,"conf_358",1500,183,26.8461314127,3,5
"21496",5,3,"conf_358",2500,183,11.8873583615,3,5
"21497",5,3,"conf_358",5000,183,4.9617755721,3,5
"21498",5,3,"conf_358",7500,183,2.7011312934,3,5
"21499",5,3,"conf_358",250,184,66.7259263227,3,5
"21500",5,3,"conf_358",500,184,39.7642381571,3,5
"21501",5,3,"conf_358",1500,184,11.5555834832,3,5
"21502",5,3,"conf_358",2500,184,10.1595194813,3,5
"21503",5,3,"conf_358",5000,184,4.0250814131,3,5
"21504",5,3,"conf_358",7500,184,2.8641930242,3,5
"21505",5,3,"conf_358",250,185,67.4367982283,3,5
"21506",5,3,"conf_358",500,185,41.7318186504,3,5
"21507",5,3,"conf_358",1500,185,27.5974541128,3,5
"21508",5,3,"conf_358",2500,185,15.3165675734,3,5
"21509",5,3,"conf_358",5000,185,4.0980455873,3,5
"21510",5,3,"conf_358",7500,185,2.7596040433,3,5
"21511",5,3,"conf_358",250,186,51.9327123126,3,5
"21512",5,3,"conf_358",500,186,45.4223361641,3,5
"21513",5,3,"conf_358",1500,186,13.6647126362,3,5
"21514",5,3,"conf_358",2500,186,12.4167278578,3,5
"21515",5,3,"conf_358",5000,186,2.3508686586,3,5
"21516",5,3,"conf_358",7500,186,1.3017401093,3,5
"21517",5,3,"conf_358",250,187,45.498997681,3,5
"21518",5,3,"conf_358",500,187,32.7662115751,3,5
"21519",5,3,"conf_358",1500,187,23.1745221881,3,5
"21520",5,3,"conf_358",2500,187,7.2097629572,3,5
"21521",5,3,"conf_358",5000,187,3.929657118,3,5
"21522",5,3,"conf_358",7500,187,1.8377895001,3,5
"21523",5,3,"conf_358",250,188,35.818255769,3,5
"21524",5,3,"conf_358",500,188,35.818255769,3,5
"21525",5,3,"conf_358",1500,188,12.8581007194,3,5
"21526",5,3,"conf_358",2500,188,8.3969654759,3,5
"21527",5,3,"conf_358",5000,188,3.4420941802,3,5
"21528",5,3,"conf_358",7500,188,1.5036599561,3,5
"21529",5,3,"conf_358",250,189,57.9859018512,3,5
"21530",5,3,"conf_358",500,189,52.5017678659,3,5
"21531",5,3,"conf_358",1500,189,7.4914872653,3,5
"21532",5,3,"conf_358",2500,189,6.6227147916,3,5
"21533",5,3,"conf_358",5000,189,4.044970962,3,5
"21534",5,3,"conf_358",7500,189,1.5796124393,3,5
"21535",5,3,"conf_358",250,190,59.7834922475,3,5
"21536",5,3,"conf_358",500,190,31.8992794058,3,5
"21537",5,3,"conf_358",1500,190,14.1462825229,3,5
"21538",5,3,"conf_358",2500,190,12.2642016446,3,5
"21539",5,3,"conf_358",5000,190,4.1653911015,3,5
"21540",5,3,"conf_358",7500,190,2.0814018696,3,5
"21541",5,3,"conf_358",250,191,43.8521419853,3,5
"21542",5,3,"conf_358",500,191,43.8521419853,3,5
"21543",5,3,"conf_358",1500,191,17.8464198617,3,5
"21544",5,3,"conf_358",2500,191,11.6048755122,3,5
"21545",5,3,"conf_358",5000,191,4.2214440315,3,5
"21546",5,3,"conf_358",7500,191,1.5592744563,3,5
"21547",5,3,"conf_358",250,192,52.993441245,3,5
"21548",5,3,"conf_358",500,192,41.7328670791,3,5
"21549",5,3,"conf_358",1500,192,19.4812503604,3,5
"21550",5,3,"conf_358",2500,192,6.9206068878,3,5
"21551",5,3,"conf_358",5000,192,4.6782983625,3,5
"21552",5,3,"conf_358",7500,192,1.4956612782,3,5
"21553",5,3,"conf_358",250,193,65.6685144779,3,5
"21554",5,3,"conf_358",500,193,58.2277106273,3,5
"21555",5,3,"conf_358",1500,193,17.1001500246,3,5
"21556",5,3,"conf_358",2500,193,9.3614260115,3,5
"21557",5,3,"conf_358",5000,193,1.5270825778,3,5
"21558",5,3,"conf_358",7500,193,1.2907995898,3,5
"21559",5,3,"conf_358",250,194,38.0953568076,3,5
"21560",5,3,"conf_358",500,194,38.0953568076,3,5
"21561",5,3,"conf_358",1500,194,19.2702580148,3,5
"21562",5,3,"conf_358",2500,194,13.0281630602,3,5
"21563",5,3,"conf_358",5000,194,3.8088589792,3,5
"21564",5,3,"conf_358",7500,194,2.8849594022,3,5
"21565",5,3,"conf_358",250,195,62.2333197869,3,5
"21566",5,3,"conf_358",500,195,30.2611516615,3,5
"21567",5,3,"conf_358",1500,195,19.284035505,3,5
"21568",5,3,"conf_358",2500,195,6.9371202701,3,5
"21569",5,3,"conf_358",5000,195,4.0115993672,3,5
"21570",5,3,"conf_358",7500,195,1.4493179778,3,5
"21571",5,3,"conf_358",250,196,47.1051742666,3,5
"21572",5,3,"conf_358",500,196,47.1051742666,3,5
"21573",5,3,"conf_358",1500,196,23.6862008935,3,5
"21574",5,3,"conf_358",2500,196,17.7813365458,3,5
"21575",5,3,"conf_358",5000,196,5.8220219614,3,5
"21576",5,3,"conf_358",7500,196,2.2337973044,3,5
"21577",5,3,"conf_358",250,197,64.6470560833,3,5
"21578",5,3,"conf_358",500,197,53.2975767061,3,5
"21579",5,3,"conf_358",1500,197,23.603740925,3,5
"21580",5,3,"conf_358",2500,197,8.0978143817,3,5
"21581",5,3,"conf_358",5000,197,4.5775942839,3,5
"21582",5,3,"conf_358",7500,197,2.238499083,3,5
"21583",5,3,"conf_358",250,198,55.4496230348,3,5
"21584",5,3,"conf_358",500,198,55.4496230348,3,5
"21585",5,3,"conf_358",1500,198,20.9876147243,3,5
"21586",5,3,"conf_358",2500,198,12.0060955287,3,5
"21587",5,3,"conf_358",5000,198,4.3850676748,3,5
"21588",5,3,"conf_358",7500,198,1.4528689171,3,5
"21589",5,3,"conf_358",250,199,57.2289905591,3,5
"21590",5,3,"conf_358",500,199,37.3555327731,3,5
"21591",5,3,"conf_358",1500,199,17.7932715177,3,5
"21592",5,3,"conf_358",2500,199,10.6548646096,3,5
"21593",5,3,"conf_358",5000,199,4.3154166212,3,5
"21594",5,3,"conf_358",7500,199,1.7979059899,3,5
"21595",5,3,"conf_358",250,200,48.002683303,3,5
"21596",5,3,"conf_358",500,200,48.002683303,3,5
"21597",5,3,"conf_358",1500,200,17.8993707628,3,5
"21598",5,3,"conf_358",2500,200,11.7266901657,3,5
"21599",5,3,"conf_358",5000,200,3.6884334124,3,5
"21600",5,3,"conf_358",7500,200,0.3772262324,3,5
"21601",5,4,"conf_358",250,1,86.0037646976,1,5
"21602",5,4,"conf_358",500,1,54.4410281096,1,5
"21603",5,4,"conf_358",1500,1,34.5868911604,1,5
"21604",5,4,"conf_358",2500,1,21.1724688728,1,5
"21605",5,4,"conf_358",5000,1,3.9423924227,1,5
"21606",5,4,"conf_358",7500,1,2.2067863891,1,5
"21607",5,4,"conf_358",250,2,66.8462197146,1,5
"21608",5,4,"conf_358",500,2,60.2809160537,1,5
"21609",5,4,"conf_358",1500,2,38.5022656758,1,5
"21610",5,4,"conf_358",2500,2,17.7163698959,1,5
"21611",5,4,"conf_358",5000,2,5.0251118712,1,5
"21612",5,4,"conf_358",7500,2,3.741679498,1,5
"21613",5,4,"conf_358",250,3,42.2801394126,1,5
"21614",5,4,"conf_358",500,3,33.6741600458,1,5
"21615",5,4,"conf_358",1500,3,23.1039367192,1,5
"21616",5,4,"conf_358",2500,3,20.534782337,1,5
"21617",5,4,"conf_358",5000,3,8.3974001471,1,5
"21618",5,4,"conf_358",7500,3,2.05204918,1,5
"21619",5,4,"conf_358",250,4,77.7550231733,1,5
"21620",5,4,"conf_358",500,4,55.7059401184,1,5
"21621",5,4,"conf_358",1500,4,20.7056288068,1,5
"21622",5,4,"conf_358",2500,4,14.8592843201,1,5
"21623",5,4,"conf_358",5000,4,7.6583356668,1,5
"21624",5,4,"conf_358",7500,4,2.3510092577,1,5
"21625",5,4,"conf_358",250,5,76.8669357585,1,5
"21626",5,4,"conf_358",500,5,60.8174329711,1,5
"21627",5,4,"conf_358",1500,5,46.5395710241,1,5
"21628",5,4,"conf_358",2500,5,24.3735402881,1,5
"21629",5,4,"conf_358",5000,5,7.9993178379,1,5
"21630",5,4,"conf_358",7500,5,5.4388911856,1,5
"21631",5,4,"conf_358",250,6,73.3112027521,1,5
"21632",5,4,"conf_358",500,6,62.0921997626,1,5
"21633",5,4,"conf_358",1500,6,28.677790166,1,5
"21634",5,4,"conf_358",2500,6,16.5162747073,1,5
"21635",5,4,"conf_358",5000,6,9.9338945468,1,5
"21636",5,4,"conf_358",7500,6,3.6352047747,1,5
"21637",5,4,"conf_358",250,7,22.6681665845,1,5
"21638",5,4,"conf_358",500,7,22.6681665845,1,5
"21639",5,4,"conf_358",1500,7,22.6681665845,1,5
"21640",5,4,"conf_358",2500,7,22.6681665845,1,5
"21641",5,4,"conf_358",5000,7,4.6470948691,1,5
"21642",5,4,"conf_358",7500,7,3.9140674926,1,5
"21643",5,4,"conf_358",250,8,95.5573582122,1,5
"21644",5,4,"conf_358",500,8,59.9468995575,1,5
"21645",5,4,"conf_358",1500,8,24.922369319,1,5
"21646",5,4,"conf_358",2500,8,17.1573770772,1,5
"21647",5,4,"conf_358",5000,8,6.9653813682,1,5
"21648",5,4,"conf_358",7500,8,3.2045815434,1,5
"21649",5,4,"conf_358",250,9,59.8971634575,1,5
"21650",5,4,"conf_358",500,9,54.3817499097,1,5
"21651",5,4,"conf_358",1500,9,19.450261904,1,5
"21652",5,4,"conf_358",2500,9,15.3109993751,1,5
"21653",5,4,"conf_358",5000,9,4.8275096813,1,5
"21654",5,4,"conf_358",7500,9,3.2710095056,1,5
"21655",5,4,"conf_358",250,10,62.9561867491,1,5
"21656",5,4,"conf_358",500,10,53.8287953364,1,5
"21657",5,4,"conf_358",1500,10,35.8144505569,1,5
"21658",5,4,"conf_358",2500,10,17.7027839881,1,5
"21659",5,4,"conf_358",5000,10,6.3826393396,1,5
"21660",5,4,"conf_358",7500,10,3.017699309,1,5
"21661",5,4,"conf_358",250,11,94.6156706807,1,5
"21662",5,4,"conf_358",500,11,79.6598718912,1,5
"21663",5,4,"conf_358",1500,11,33.4099268669,1,5
"21664",5,4,"conf_358",2500,11,14.9915635673,1,5
"21665",5,4,"conf_358",5000,11,7.3895309625,1,5
"21666",5,4,"conf_358",7500,11,2.6336612821,1,5
"21667",5,4,"conf_358",250,12,50.3567761344,1,5
"21668",5,4,"conf_358",500,12,50.3567761344,1,5
"21669",5,4,"conf_358",1500,12,30.6851773393,1,5
"21670",5,4,"conf_358",2500,12,14.8516850676,1,5
"21671",5,4,"conf_358",5000,12,8.9934302898,1,5
"21672",5,4,"conf_358",7500,12,2.9780699358,1,5
"21673",5,4,"conf_358",250,13,75.2805659226,1,5
"21674",5,4,"conf_358",500,13,69.1169305659,1,5
"21675",5,4,"conf_358",1500,13,28.1187855119,1,5
"21676",5,4,"conf_358",2500,13,15.8200890611,1,5
"21677",5,4,"conf_358",5000,13,8.1991930153,1,5
"21678",5,4,"conf_358",7500,13,2.3036444319,1,5
"21679",5,4,"conf_358",250,14,84.2190642979,1,5
"21680",5,4,"conf_358",500,14,83.6877754701,1,5
"21681",5,4,"conf_358",1500,14,33.6971936277,1,5
"21682",5,4,"conf_358",2500,14,23.4990621703,1,5
"21683",5,4,"conf_358",5000,14,9.7559529537,1,5
"21684",5,4,"conf_358",7500,14,2.3015989918,1,5
"21685",5,4,"conf_358",250,15,69.1736944537,1,5
"21686",5,4,"conf_358",500,15,69.1736944537,1,5
"21687",5,4,"conf_358",1500,15,36.6085233337,1,5
"21688",5,4,"conf_358",2500,15,18.5305281513,1,5
"21689",5,4,"conf_358",5000,15,3.9659126791,1,5
"21690",5,4,"conf_358",7500,15,3.0550676243,1,5
"21691",5,4,"conf_358",250,16,78.2399453716,1,5
"21692",5,4,"conf_358",500,16,69.3146717118,1,5
"21693",5,4,"conf_358",1500,16,37.9551921854,1,5
"21694",5,4,"conf_358",2500,16,10.6847774969,1,5
"21695",5,4,"conf_358",5000,16,7.9991279767,1,5
"21696",5,4,"conf_358",7500,16,4.1130043111,1,5
"21697",5,4,"conf_358",250,17,59.8220039168,1,5
"21698",5,4,"conf_358",500,17,59.8220039168,1,5
"21699",5,4,"conf_358",1500,17,12.8422188471,1,5
"21700",5,4,"conf_358",2500,17,12.8422188471,1,5
"21701",5,4,"conf_358",5000,17,7.9318754314,1,5
"21702",5,4,"conf_358",7500,17,4.0215238146,1,5
"21703",5,4,"conf_358",250,18,80.5045392982,1,5
"21704",5,4,"conf_358",500,18,66.6506652948,1,5
"21705",5,4,"conf_358",1500,18,22.1793082645,1,5
"21706",5,4,"conf_358",2500,18,16.0336921877,1,5
"21707",5,4,"conf_358",5000,18,9.3829649462,1,5
"21708",5,4,"conf_358",7500,18,4.4788798081,1,5
"21709",5,4,"conf_358",250,19,81.3850453161,1,5
"21710",5,4,"conf_358",500,19,70.3066373367,1,5
"21711",5,4,"conf_358",1500,19,23.2935480949,1,5
"21712",5,4,"conf_358",2500,19,21.2115703487,1,5
"21713",5,4,"conf_358",5000,19,6.901549297,1,5
"21714",5,4,"conf_358",7500,19,3.5496665094,1,5
"21715",5,4,"conf_358",250,20,82.0696713802,1,5
"21716",5,4,"conf_358",500,20,49.7468451864,1,5
"21717",5,4,"conf_358",1500,20,24.0615364137,1,5
"21718",5,4,"conf_358",2500,20,16.3315078606,1,5
"21719",5,4,"conf_358",5000,20,8.6365537603,1,5
"21720",5,4,"conf_358",7500,20,2.975568054,1,5
"21721",5,4,"conf_358",250,21,40.5233473698,1,5
"21722",5,4,"conf_358",500,21,35.9739836549,1,5
"21723",5,4,"conf_358",1500,21,35.3323022191,1,5
"21724",5,4,"conf_358",2500,21,21.4051951394,1,5
"21725",5,4,"conf_358",5000,21,7.0049086541,1,5
"21726",5,4,"conf_358",7500,21,3.010227954,1,5
"21727",5,4,"conf_358",250,22,44.9492726947,1,5
"21728",5,4,"conf_358",500,22,44.9492726947,1,5
"21729",5,4,"conf_358",1500,22,33.0101753092,1,5
"21730",5,4,"conf_358",2500,22,15.8237576564,1,5
"21731",5,4,"conf_358",5000,22,4.2291372063,1,5
"21732",5,4,"conf_358",7500,22,1.885924904,1,5
"21733",5,4,"conf_358",250,23,86.8913339599,1,5
"21734",5,4,"conf_358",500,23,77.146446138,1,5
"21735",5,4,"conf_358",1500,23,34.5050232252,1,5
"21736",5,4,"conf_358",2500,23,15.4886123287,1,5
"21737",5,4,"conf_358",5000,23,5.8043325797,1,5
"21738",5,4,"conf_358",7500,23,2.4059124842,1,5
"21739",5,4,"conf_358",250,24,88.274779661,1,5
"21740",5,4,"conf_358",500,24,69.7343735693,1,5
"21741",5,4,"conf_358",1500,24,35.2095894018,1,5
"21742",5,4,"conf_358",2500,24,20.7140969341,1,5
"21743",5,4,"conf_358",5000,24,4.1367648442,1,5
"21744",5,4,"conf_358",7500,24,3.7197883999,1,5
"21745",5,4,"conf_358",250,25,71.0904571583,1,5
"21746",5,4,"conf_358",500,25,71.0904571583,1,5
"21747",5,4,"conf_358",1500,25,36.0813039309,1,5
"21748",5,4,"conf_358",2500,25,9.4841589653,1,5
"21749",5,4,"conf_358",5000,25,6.0075854462,1,5
"21750",5,4,"conf_358",7500,25,3.2762713382,1,5
"21751",5,4,"conf_358",250,26,72.6310752463,1,5
"21752",5,4,"conf_358",500,26,52.209197541,1,5
"21753",5,4,"conf_358",1500,26,26.8149409659,1,5
"21754",5,4,"conf_358",2500,26,19.4355607711,1,5
"21755",5,4,"conf_358",5000,26,9.7458398337,1,5
"21756",5,4,"conf_358",7500,26,3.9059920546,1,5
"21757",5,4,"conf_358",250,27,76.6583456604,1,5
"21758",5,4,"conf_358",500,27,52.3317678974,1,5
"21759",5,4,"conf_358",1500,27,31.1849990225,1,5
"21760",5,4,"conf_358",2500,27,23.0417624888,1,5
"21761",5,4,"conf_358",5000,27,5.4102121963,1,5
"21762",5,4,"conf_358",7500,27,2.3248660998,1,5
"21763",5,4,"conf_358",250,28,60.6855126313,1,5
"21764",5,4,"conf_358",500,28,57.001216147,1,5
"21765",5,4,"conf_358",1500,28,27.9371566512,1,5
"21766",5,4,"conf_358",2500,28,25.6775885798,1,5
"21767",5,4,"conf_358",5000,28,6.8820618261,1,5
"21768",5,4,"conf_358",7500,28,3.2986984906,1,5
"21769",5,4,"conf_358",250,29,34.9543479932,1,5
"21770",5,4,"conf_358",500,29,34.9543479932,1,5
"21771",5,4,"conf_358",1500,29,33.3883545438,1,5
"21772",5,4,"conf_358",2500,29,22.0999884922,1,5
"21773",5,4,"conf_358",5000,29,4.9691273424,1,5
"21774",5,4,"conf_358",7500,29,3.5975515183,1,5
"21775",5,4,"conf_358",250,30,95.3230712279,1,5
"21776",5,4,"conf_358",500,30,39.3304128645,1,5
"21777",5,4,"conf_358",1500,30,11.4354795506,1,5
"21778",5,4,"conf_358",2500,30,10.4303524776,1,5
"21779",5,4,"conf_358",5000,30,5.3925663636,1,5
"21780",5,4,"conf_358",7500,30,2.6372650918,1,5
"21781",5,4,"conf_358",250,31,58.3098701637,1,5
"21782",5,4,"conf_358",500,31,58.3098701637,1,5
"21783",5,4,"conf_358",1500,31,31.8442888145,1,5
"21784",5,4,"conf_358",2500,31,20.5637745371,1,5
"21785",5,4,"conf_358",5000,31,10.6505409915,1,5
"21786",5,4,"conf_358",7500,31,4.7853575233,1,5
"21787",5,4,"conf_358",250,32,52.7321443995,1,5
"21788",5,4,"conf_358",500,32,25.4090411059,1,5
"21789",5,4,"conf_358",1500,32,21.3166143073,1,5
"21790",5,4,"conf_358",2500,32,12.0413116015,1,5
"21791",5,4,"conf_358",5000,32,7.6081445239,1,5
"21792",5,4,"conf_358",7500,32,4.7036479849,1,5
"21793",5,4,"conf_358",250,33,78.6365986655,1,5
"21794",5,4,"conf_358",500,33,36.0051514165,1,5
"21795",5,4,"conf_358",1500,33,27.2163857386,1,5
"21796",5,4,"conf_358",2500,33,27.2163857386,1,5
"21797",5,4,"conf_358",5000,33,4.0045844888,1,5
"21798",5,4,"conf_358",7500,33,2.9444471592,1,5
"21799",5,4,"conf_358",250,34,76.6445104472,1,5
"21800",5,4,"conf_358",500,34,48.8227682782,1,5
"21801",5,4,"conf_358",1500,34,29.5431942628,1,5
"21802",5,4,"conf_358",2500,34,13.1090542696,1,5
"21803",5,4,"conf_358",5000,34,9.9845288281,1,5
"21804",5,4,"conf_358",7500,34,2.7883357878,1,5
"21805",5,4,"conf_358",250,35,125.8165326353,1,5
"21806",5,4,"conf_358",500,35,76.5370741317,1,5
"21807",5,4,"conf_358",1500,35,32.0039430987,1,5
"21808",5,4,"conf_358",2500,35,23.2504621277,1,5
"21809",5,4,"conf_358",5000,35,4.8119767477,1,5
"21810",5,4,"conf_358",7500,35,3.2690304566,1,5
"21811",5,4,"conf_358",250,36,85.0165186292,1,5
"21812",5,4,"conf_358",500,36,60.8636436097,1,5
"21813",5,4,"conf_358",1500,36,33.9892106643,1,5
"21814",5,4,"conf_358",2500,36,22.3971513539,1,5
"21815",5,4,"conf_358",5000,36,6.6373570456,1,5
"21816",5,4,"conf_358",7500,36,3.4823324737,1,5
"21817",5,4,"conf_358",250,37,65.1010880234,1,5
"21818",5,4,"conf_358",500,37,65.1010880234,1,5
"21819",5,4,"conf_358",1500,37,39.4250057707,1,5
"21820",5,4,"conf_358",2500,37,34.2836415587,1,5
"21821",5,4,"conf_358",5000,37,6.6756606886,1,5
"21822",5,4,"conf_358",7500,37,3.1463146408,1,5
"21823",5,4,"conf_358",250,38,87.4178053698,1,5
"21824",5,4,"conf_358",500,38,41.5622153387,1,5
"21825",5,4,"conf_358",1500,38,27.3956387183,1,5
"21826",5,4,"conf_358",2500,38,19.9595095359,1,5
"21827",5,4,"conf_358",5000,38,6.0310559846,1,5
"21828",5,4,"conf_358",7500,38,3.2879267767,1,5
"21829",5,4,"conf_358",250,39,43.201674899,1,5
"21830",5,4,"conf_358",500,39,43.201674899,1,5
"21831",5,4,"conf_358",1500,39,37.4946597224,1,5
"21832",5,4,"conf_358",2500,39,8.1794360578,1,5
"21833",5,4,"conf_358",5000,39,7.3634081478,1,5
"21834",5,4,"conf_358",7500,39,4.0482653564,1,5
"21835",5,4,"conf_358",250,40,79.713932214,1,5
"21836",5,4,"conf_358",500,40,70.4229538233,1,5
"21837",5,4,"conf_358",1500,40,38.0649070694,1,5
"21838",5,4,"conf_358",2500,40,19.7844468883,1,5
"21839",5,4,"conf_358",5000,40,6.9599351711,1,5
"21840",5,4,"conf_358",7500,40,1.7503105273,1,5
"21841",5,4,"conf_358",250,41,63.7577103245,1,5
"21842",5,4,"conf_358",500,41,54.2489408303,1,5
"21843",5,4,"conf_358",1500,41,22.3372449431,1,5
"21844",5,4,"conf_358",2500,41,20.3952484273,1,5
"21845",5,4,"conf_358",5000,41,3.3492530972,1,5
"21846",5,4,"conf_358",7500,41,2.0160561937,1,5
"21847",5,4,"conf_358",250,42,100.79406414,1,5
"21848",5,4,"conf_358",500,42,74.9372510908,1,5
"21849",5,4,"conf_358",1500,42,32.238368687,1,5
"21850",5,4,"conf_358",2500,42,16.6151791885,1,5
"21851",5,4,"conf_358",5000,42,6.1162542065,1,5
"21852",5,4,"conf_358",7500,42,2.855462265,1,5
"21853",5,4,"conf_358",250,43,97.8099080401,1,5
"21854",5,4,"conf_358",500,43,90.6616333813,1,5
"21855",5,4,"conf_358",1500,43,35.1852626899,1,5
"21856",5,4,"conf_358",2500,43,17.0367297411,1,5
"21857",5,4,"conf_358",5000,43,6.8662213178,1,5
"21858",5,4,"conf_358",7500,43,2.4100045921,1,5
"21859",5,4,"conf_358",250,44,47.3009074346,1,5
"21860",5,4,"conf_358",500,44,34.6738065648,1,5
"21861",5,4,"conf_358",1500,44,31.0002846802,1,5
"21862",5,4,"conf_358",2500,44,18.811611629,1,5
"21863",5,4,"conf_358",5000,44,6.4051803957,1,5
"21864",5,4,"conf_358",7500,44,1.3821884132,1,5
"21865",5,4,"conf_358",250,45,59.7162847084,1,5
"21866",5,4,"conf_358",500,45,59.7162847084,1,5
"21867",5,4,"conf_358",1500,45,31.0874263939,1,5
"21868",5,4,"conf_358",2500,45,27.8390703683,1,5
"21869",5,4,"conf_358",5000,45,7.8573009107,1,5
"21870",5,4,"conf_358",7500,45,3.5794234499,1,5
"21871",5,4,"conf_358",250,46,63.1589967373,1,5
"21872",5,4,"conf_358",500,46,63.1589967373,1,5
"21873",5,4,"conf_358",1500,46,35.8475913937,1,5
"21874",5,4,"conf_358",2500,46,16.9284523365,1,5
"21875",5,4,"conf_358",5000,46,2.2052758277,1,5
"21876",5,4,"conf_358",7500,46,1.9993798946,1,5
"21877",5,4,"conf_358",250,47,73.5311030588,1,5
"21878",5,4,"conf_358",500,47,73.5311030588,1,5
"21879",5,4,"conf_358",1500,47,36.7852753289,1,5
"21880",5,4,"conf_358",2500,47,27.258411633,1,5
"21881",5,4,"conf_358",5000,47,8.2781072793,1,5
"21882",5,4,"conf_358",7500,47,4.3212533221,1,5
"21883",5,4,"conf_358",250,48,84.5860187721,1,5
"21884",5,4,"conf_358",500,48,58.8064239921,1,5
"21885",5,4,"conf_358",1500,48,41.4744388357,1,5
"21886",5,4,"conf_358",2500,48,16.9535276013,1,5
"21887",5,4,"conf_358",5000,48,9.584914427,1,5
"21888",5,4,"conf_358",7500,48,4.1600146249,1,5
"21889",5,4,"conf_358",250,49,93.3247903661,1,5
"21890",5,4,"conf_358",500,49,57.5301152528,1,5
"21891",5,4,"conf_358",1500,49,42.7122545426,1,5
"21892",5,4,"conf_358",2500,49,21.4720289081,1,5
"21893",5,4,"conf_358",5000,49,6.5487626629,1,5
"21894",5,4,"conf_358",7500,49,2.8889281109,1,5
"21895",5,4,"conf_358",250,50,63.680002475,1,5
"21896",5,4,"conf_358",500,50,35.0352053823,1,5
"21897",5,4,"conf_358",1500,50,33.3817377211,1,5
"21898",5,4,"conf_358",2500,50,14.0282895982,1,5
"21899",5,4,"conf_358",5000,50,11.3385339311,1,5
"21900",5,4,"conf_358",7500,50,5.646955124,1,5
"21901",5,4,"conf_358",250,51,94.4452024357,2,5
"21902",5,4,"conf_358",500,51,80.5156847122,2,5
"21903",5,4,"conf_358",1500,51,26.2017326406,2,5
"21904",5,4,"conf_358",2500,51,18.7400257487,2,5
"21905",5,4,"conf_358",5000,51,5.1702921444,2,5
"21906",5,4,"conf_358",7500,51,4.5253585928,2,5
"21907",5,4,"conf_358",250,52,50.9568182874,2,5
"21908",5,4,"conf_358",500,52,50.9568182874,2,5
"21909",5,4,"conf_358",1500,52,31.2100575562,2,5
"21910",5,4,"conf_358",2500,52,18.0723830077,2,5
"21911",5,4,"conf_358",5000,52,6.9523105524,2,5
"21912",5,4,"conf_358",7500,52,3.0526249257,2,5
"21913",5,4,"conf_358",250,53,100.8477775567,2,5
"21914",5,4,"conf_358",500,53,76.05705762,2,5
"21915",5,4,"conf_358",1500,53,32.6133348477,2,5
"21916",5,4,"conf_358",2500,53,17.8336451718,2,5
"21917",5,4,"conf_358",5000,53,7.9077260876,2,5
"21918",5,4,"conf_358",7500,53,2.8559777842,2,5
"21919",5,4,"conf_358",250,54,44.4352445353,2,5
"21920",5,4,"conf_358",500,54,44.4352445353,2,5
"21921",5,4,"conf_358",1500,54,36.4397268639,2,5
"21922",5,4,"conf_358",2500,54,18.4813761683,2,5
"21923",5,4,"conf_358",5000,54,6.8833241313,2,5
"21924",5,4,"conf_358",7500,54,3.265181554,2,5
"21925",5,4,"conf_358",250,55,60.0627810447,2,5
"21926",5,4,"conf_358",500,55,60.0627810447,2,5
"21927",5,4,"conf_358",1500,55,27.1321628365,2,5
"21928",5,4,"conf_358",2500,55,16.6156750743,2,5
"21929",5,4,"conf_358",5000,55,4.7745608773,2,5
"21930",5,4,"conf_358",7500,55,2.6058723178,2,5
"21931",5,4,"conf_358",250,56,81.5938100729,2,5
"21932",5,4,"conf_358",500,56,66.2681757828,2,5
"21933",5,4,"conf_358",1500,56,13.973722383,2,5
"21934",5,4,"conf_358",2500,56,13.973722383,2,5
"21935",5,4,"conf_358",5000,56,10.0781137309,2,5
"21936",5,4,"conf_358",7500,56,3.2370508761,2,5
"21937",5,4,"conf_358",250,57,69.5983091372,2,5
"21938",5,4,"conf_358",500,57,64.3957070637,2,5
"21939",5,4,"conf_358",1500,57,32.2996961686,2,5
"21940",5,4,"conf_358",2500,57,9.2852978326,2,5
"21941",5,4,"conf_358",5000,57,7.4782761224,2,5
"21942",5,4,"conf_358",7500,57,4.4317803354,2,5
"21943",5,4,"conf_358",250,58,86.7916770113,2,5
"21944",5,4,"conf_358",500,58,68.2252591956,2,5
"21945",5,4,"conf_358",1500,58,36.1410291841,2,5
"21946",5,4,"conf_358",2500,58,14.4378456109,2,5
"21947",5,4,"conf_358",5000,58,3.6331420882,2,5
"21948",5,4,"conf_358",7500,58,2.7142515352,2,5
"21949",5,4,"conf_358",250,59,73.5149918621,2,5
"21950",5,4,"conf_358",500,59,59.521116098,2,5
"21951",5,4,"conf_358",1500,59,31.2748534972,2,5
"21952",5,4,"conf_358",2500,59,17.9113984329,2,5
"21953",5,4,"conf_358",5000,59,6.06976425,2,5
"21954",5,4,"conf_358",7500,59,2.3266561205,2,5
"21955",5,4,"conf_358",250,60,83.7990659815,2,5
"21956",5,4,"conf_358",500,60,51.3385617159,2,5
"21957",5,4,"conf_358",1500,60,19.6068285579,2,5
"21958",5,4,"conf_358",2500,60,18.0382647751,2,5
"21959",5,4,"conf_358",5000,60,5.2281298362,2,5
"21960",5,4,"conf_358",7500,60,4.9096958573,2,5
"21961",5,4,"conf_358",250,61,56.5230681216,2,5
"21962",5,4,"conf_358",500,61,56.5230681216,2,5
"21963",5,4,"conf_358",1500,61,24.9599482794,2,5
"21964",5,4,"conf_358",2500,61,20.8670996303,2,5
"21965",5,4,"conf_358",5000,61,6.431746544,2,5
"21966",5,4,"conf_358",7500,61,2.4039948069,2,5
"21967",5,4,"conf_358",250,62,51.4819684049,2,5
"21968",5,4,"conf_358",500,62,51.4819684049,2,5
"21969",5,4,"conf_358",1500,62,31.5386262808,2,5
"21970",5,4,"conf_358",2500,62,11.0849096208,2,5
"21971",5,4,"conf_358",5000,62,6.9509318741,2,5
"21972",5,4,"conf_358",7500,62,3.6722776907,2,5
"21973",5,4,"conf_358",250,63,66.5206859586,2,5
"21974",5,4,"conf_358",500,63,63.8115753523,2,5
"21975",5,4,"conf_358",1500,63,17.8346207982,2,5
"21976",5,4,"conf_358",2500,63,8.0419188135,2,5
"21977",5,4,"conf_358",5000,63,4.2624243795,2,5
"21978",5,4,"conf_358",7500,63,3.1328379033,2,5
"21979",5,4,"conf_358",250,64,96.0250505381,2,5
"21980",5,4,"conf_358",500,64,64.9592854224,2,5
"21981",5,4,"conf_358",1500,64,29.9548853195,2,5
"21982",5,4,"conf_358",2500,64,6.9245440735,2,5
"21983",5,4,"conf_358",5000,64,4.9543894473,2,5
"21984",5,4,"conf_358",7500,64,1.9669645715,2,5
"21985",5,4,"conf_358",250,65,79.6864919605,2,5
"21986",5,4,"conf_358",500,65,68.433628781,2,5
"21987",5,4,"conf_358",1500,65,34.4839578793,2,5
"21988",5,4,"conf_358",2500,65,17.9900197097,2,5
"21989",5,4,"conf_358",5000,65,5.6366967502,2,5
"21990",5,4,"conf_358",7500,65,3.5354294493,2,5
"21991",5,4,"conf_358",250,66,62.3786286862,2,5
"21992",5,4,"conf_358",500,66,62.3786286862,2,5
"21993",5,4,"conf_358",1500,66,23.0945479611,2,5
"21994",5,4,"conf_358",2500,66,18.1780015463,2,5
"21995",5,4,"conf_358",5000,66,6.2428900629,2,5
"21996",5,4,"conf_358",7500,66,3.6516123217,2,5
"21997",5,4,"conf_358",250,67,62.7260790964,2,5
"21998",5,4,"conf_358",500,67,31.2458215011,2,5
"21999",5,4,"conf_358",1500,67,18.7988005307,2,5
"22000",5,4,"conf_358",2500,67,18.7988005307,2,5
"22001",5,4,"conf_358",5000,67,5.96447329,2,5
"22002",5,4,"conf_358",7500,67,2.6900033362,2,5
"22003",5,4,"conf_358",250,68,76.5052214594,2,5
"22004",5,4,"conf_358",500,68,52.279621253,2,5
"22005",5,4,"conf_358",1500,68,17.6917501818,2,5
"22006",5,4,"conf_358",2500,68,17.6917501818,2,5
"22007",5,4,"conf_358",5000,68,5.6107872402,2,5
"22008",5,4,"conf_358",7500,68,2.7116528787,2,5
"22009",5,4,"conf_358",250,69,49.2409540895,2,5
"22010",5,4,"conf_358",500,69,49.2409540895,2,5
"22011",5,4,"conf_358",1500,69,20.4243888882,2,5
"22012",5,4,"conf_358",2500,69,13.9715708307,2,5
"22013",5,4,"conf_358",5000,69,5.8503417966,2,5
"22014",5,4,"conf_358",7500,69,3.637034123,2,5
"22015",5,4,"conf_358",250,70,54.4706384534,2,5
"22016",5,4,"conf_358",500,70,51.8812795775,2,5
"22017",5,4,"conf_358",1500,70,25.0837552232,2,5
"22018",5,4,"conf_358",2500,70,21.6797588878,2,5
"22019",5,4,"conf_358",5000,70,7.8506190841,2,5
"22020",5,4,"conf_358",7500,70,4.5128869934,2,5
"22021",5,4,"conf_358",250,71,86.5437327598,2,5
"22022",5,4,"conf_358",500,71,49.3522972226,2,5
"22023",5,4,"conf_358",1500,71,25.0938862763,2,5
"22024",5,4,"conf_358",2500,71,15.6459755778,2,5
"22025",5,4,"conf_358",5000,71,8.1316890962,2,5
"22026",5,4,"conf_358",7500,71,4.929483469,2,5
"22027",5,4,"conf_358",250,72,69.0844232089,2,5
"22028",5,4,"conf_358",500,72,52.4657573907,2,5
"22029",5,4,"conf_358",1500,72,19.9853242965,2,5
"22030",5,4,"conf_358",2500,72,19.9853242965,2,5
"22031",5,4,"conf_358",5000,72,8.9875453315,2,5
"22032",5,4,"conf_358",7500,72,2.5443526663,2,5
"22033",5,4,"conf_358",250,73,76.7902581098,2,5
"22034",5,4,"conf_358",500,73,59.7407106762,2,5
"22035",5,4,"conf_358",1500,73,28.7454659758,2,5
"22036",5,4,"conf_358",2500,73,14.0302868769,2,5
"22037",5,4,"conf_358",5000,73,3.4124361654,2,5
"22038",5,4,"conf_358",7500,73,3.2157559284,2,5
"22039",5,4,"conf_358",250,74,85.7574088688,2,5
"22040",5,4,"conf_358",500,74,56.4117047691,2,5
"22041",5,4,"conf_358",1500,74,27.8107038849,2,5
"22042",5,4,"conf_358",2500,74,13.9826682117,2,5
"22043",5,4,"conf_358",5000,74,10.3739625493,2,5
"22044",5,4,"conf_358",7500,74,3.0189949573,2,5
"22045",5,4,"conf_358",250,75,86.7582620342,2,5
"22046",5,4,"conf_358",500,75,75.721525156,2,5
"22047",5,4,"conf_358",1500,75,19.7345670316,2,5
"22048",5,4,"conf_358",2500,75,19.7345670316,2,5
"22049",5,4,"conf_358",5000,75,7.2332973782,2,5
"22050",5,4,"conf_358",7500,75,3.9666246461,2,5
"22051",5,4,"conf_358",250,76,85.4416986579,2,5
"22052",5,4,"conf_358",500,76,79.4085099194,2,5
"22053",5,4,"conf_358",1500,76,37.1564775939,2,5
"22054",5,4,"conf_358",2500,76,24.9474186496,2,5
"22055",5,4,"conf_358",5000,76,5.1388869597,2,5
"22056",5,4,"conf_358",7500,76,2.9859902598,2,5
"22057",5,4,"conf_358",250,77,54.2807356828,2,5
"22058",5,4,"conf_358",500,77,54.2807356828,2,5
"22059",5,4,"conf_358",1500,77,26.8789275121,2,5
"22060",5,4,"conf_358",2500,77,12.6495494691,2,5
"22061",5,4,"conf_358",5000,77,8.1954396781,2,5
"22062",5,4,"conf_358",7500,77,4.9975959226,2,5
"22063",5,4,"conf_358",250,78,51.7521396412,2,5
"22064",5,4,"conf_358",500,78,39.4292880668,2,5
"22065",5,4,"conf_358",1500,78,20.8284435951,2,5
"22066",5,4,"conf_358",2500,78,16.69944201,2,5
"22067",5,4,"conf_358",5000,78,6.1159647018,2,5
"22068",5,4,"conf_358",7500,78,3.2652370169,2,5
"22069",5,4,"conf_358",250,79,69.2648247027,2,5
"22070",5,4,"conf_358",500,79,62.6660974532,2,5
"22071",5,4,"conf_358",1500,79,24.9597479887,2,5
"22072",5,4,"conf_358",2500,79,18.9763976769,2,5
"22073",5,4,"conf_358",5000,79,7.2922882169,2,5
"22074",5,4,"conf_358",7500,79,4.7660876683,2,5
"22075",5,4,"conf_358",250,80,110.839111296,2,5
"22076",5,4,"conf_358",500,80,42.1958808352,2,5
"22077",5,4,"conf_358",1500,80,38.6747197828,2,5
"22078",5,4,"conf_358",2500,80,22.2802556405,2,5
"22079",5,4,"conf_358",5000,80,4.3398573907,2,5
"22080",5,4,"conf_358",7500,80,2.739978878,2,5
"22081",5,4,"conf_358",250,81,49.1972721776,2,5
"22082",5,4,"conf_358",500,81,49.1972721776,2,5
"22083",5,4,"conf_358",1500,81,27.7116839553,2,5
"22084",5,4,"conf_358",2500,81,18.4378145603,2,5
"22085",5,4,"conf_358",5000,81,8.5253764437,2,5
"22086",5,4,"conf_358",7500,81,3.3958744935,2,5
"22087",5,4,"conf_358",250,82,58.079107836,2,5
"22088",5,4,"conf_358",500,82,58.079107836,2,5
"22089",5,4,"conf_358",1500,82,20.7071921376,2,5
"22090",5,4,"conf_358",2500,82,16.33067925,2,5
"22091",5,4,"conf_358",5000,82,5.8942475252,2,5
"22092",5,4,"conf_358",7500,82,3.7301561316,2,5
"22093",5,4,"conf_358",250,83,92.7958435057,2,5
"22094",5,4,"conf_358",500,83,68.1563070671,2,5
"22095",5,4,"conf_358",1500,83,30.7372105382,2,5
"22096",5,4,"conf_358",2500,83,14.2321854904,2,5
"22097",5,4,"conf_358",5000,83,7.945932449,2,5
"22098",5,4,"conf_358",7500,83,2.9455943918,2,5
"22099",5,4,"conf_358",250,84,76.9107548296,2,5
"22100",5,4,"conf_358",500,84,66.1191520037,2,5
"22101",5,4,"conf_358",1500,84,23.1050605935,2,5
"22102",5,4,"conf_358",2500,84,13.6590187483,2,5
"22103",5,4,"conf_358",5000,84,8.4524351124,2,5
"22104",5,4,"conf_358",7500,84,4.5320217754,2,5
"22105",5,4,"conf_358",250,85,110.3541206694,2,5
"22106",5,4,"conf_358",500,85,34.5377302916,2,5
"22107",5,4,"conf_358",1500,85,23.2733463174,2,5
"22108",5,4,"conf_358",2500,85,12.7404700695,2,5
"22109",5,4,"conf_358",5000,85,5.4642346936,2,5
"22110",5,4,"conf_358",7500,85,3.4235374188,2,5
"22111",5,4,"conf_358",250,86,39.0759844975,2,5
"22112",5,4,"conf_358",500,86,34.8719753053,2,5
"22113",5,4,"conf_358",1500,86,19.1370181548,2,5
"22114",5,4,"conf_358",2500,86,12.9261086709,2,5
"22115",5,4,"conf_358",5000,86,5.7934613433,2,5
"22116",5,4,"conf_358",7500,86,3.4313488265,2,5
"22117",5,4,"conf_358",250,87,84.2396281786,2,5
"22118",5,4,"conf_358",500,87,70.6627233201,2,5
"22119",5,4,"conf_358",1500,87,31.0297025553,2,5
"22120",5,4,"conf_358",2500,87,17.2883580538,2,5
"22121",5,4,"conf_358",5000,87,2.4111440426,2,5
"22122",5,4,"conf_358",7500,87,2.4111440426,2,5
"22123",5,4,"conf_358",250,88,76.5228899571,2,5
"22124",5,4,"conf_358",500,88,44.5676257334,2,5
"22125",5,4,"conf_358",1500,88,22.5361099422,2,5
"22126",5,4,"conf_358",2500,88,22.3623841647,2,5
"22127",5,4,"conf_358",5000,88,4.5242403664,2,5
"22128",5,4,"conf_358",7500,88,3.2593836552,2,5
"22129",5,4,"conf_358",250,89,48.2881242627,2,5
"22130",5,4,"conf_358",500,89,48.2881242627,2,5
"22131",5,4,"conf_358",1500,89,30.0452629479,2,5
"22132",5,4,"conf_358",2500,89,9.5422504674,2,5
"22133",5,4,"conf_358",5000,89,6.5974300004,2,5
"22134",5,4,"conf_358",7500,89,1.7938921933,2,5
"22135",5,4,"conf_358",250,90,55.3082008547,2,5
"22136",5,4,"conf_358",500,90,54.1475232803,2,5
"22137",5,4,"conf_358",1500,90,22.4142896312,2,5
"22138",5,4,"conf_358",2500,90,19.9050327449,2,5
"22139",5,4,"conf_358",5000,90,4.1044692581,2,5
"22140",5,4,"conf_358",7500,90,3.8385489466,2,5
"22141",5,4,"conf_358",250,91,81.6370032112,2,5
"22142",5,4,"conf_358",500,91,61.1002838049,2,5
"22143",5,4,"conf_358",1500,91,25.9474461473,2,5
"22144",5,4,"conf_358",2500,91,25.9474461473,2,5
"22145",5,4,"conf_358",5000,91,6.4859152182,2,5
"22146",5,4,"conf_358",7500,91,4.5512097059,2,5
"22147",5,4,"conf_358",250,92,58.2465238823,2,5
"22148",5,4,"conf_358",500,92,58.2465238823,2,5
"22149",5,4,"conf_358",1500,92,27.5091036328,2,5
"22150",5,4,"conf_358",2500,92,11.526245412,2,5
"22151",5,4,"conf_358",5000,92,5.2951958901,2,5
"22152",5,4,"conf_358",7500,92,4.2286037422,2,5
"22153",5,4,"conf_358",250,93,57.6348007423,2,5
"22154",5,4,"conf_358",500,93,53.8013194442,2,5
"22155",5,4,"conf_358",1500,93,19.2059348819,2,5
"22156",5,4,"conf_358",2500,93,16.8678519179,2,5
"22157",5,4,"conf_358",5000,93,6.9258579313,2,5
"22158",5,4,"conf_358",7500,93,3.3193001409,2,5
"22159",5,4,"conf_358",250,94,47.1594209398,2,5
"22160",5,4,"conf_358",500,94,47.1594209398,2,5
"22161",5,4,"conf_358",1500,94,24.1700149272,2,5
"22162",5,4,"conf_358",2500,94,13.8904385638,2,5
"22163",5,4,"conf_358",5000,94,6.1568863068,2,5
"22164",5,4,"conf_358",7500,94,4.8737897888,2,5
"22165",5,4,"conf_358",250,95,51.506836701,2,5
"22166",5,4,"conf_358",500,95,36.7006398467,2,5
"22167",5,4,"conf_358",1500,95,26.4262540975,2,5
"22168",5,4,"conf_358",2500,95,16.068211785,2,5
"22169",5,4,"conf_358",5000,95,8.5988929715,2,5
"22170",5,4,"conf_358",7500,95,4.9392779567,2,5
"22171",5,4,"conf_358",250,96,142.4804261596,2,5
"22172",5,4,"conf_358",500,96,76.984894852,2,5
"22173",5,4,"conf_358",1500,96,35.2557474917,2,5
"22174",5,4,"conf_358",2500,96,17.6955095974,2,5
"22175",5,4,"conf_358",5000,96,5.5742277098,2,5
"22176",5,4,"conf_358",7500,96,3.7118318615,2,5
"22177",5,4,"conf_358",250,97,41.1706692862,2,5
"22178",5,4,"conf_358",500,97,41.1706692862,2,5
"22179",5,4,"conf_358",1500,97,36.9144951852,2,5
"22180",5,4,"conf_358",2500,97,23.4616395796,2,5
"22181",5,4,"conf_358",5000,97,9.7090405407,2,5
"22182",5,4,"conf_358",7500,97,4.0547013803,2,5
"22183",5,4,"conf_358",250,98,57.349269251,2,5
"22184",5,4,"conf_358",500,98,54.7893909335,2,5
"22185",5,4,"conf_358",1500,98,29.4934810062,2,5
"22186",5,4,"conf_358",2500,98,16.3557882996,2,5
"22187",5,4,"conf_358",5000,98,6.8943154467,2,5
"22188",5,4,"conf_358",7500,98,2.7345383214,2,5
"22189",5,4,"conf_358",250,99,75.0675408396,2,5
"22190",5,4,"conf_358",500,99,61.3181810011,2,5
"22191",5,4,"conf_358",1500,99,23.6852624277,2,5
"22192",5,4,"conf_358",2500,99,20.8525376014,2,5
"22193",5,4,"conf_358",5000,99,5.7136180915,2,5
"22194",5,4,"conf_358",7500,99,4.7487107808,2,5
"22195",5,4,"conf_358",250,100,57.5298862444,2,5
"22196",5,4,"conf_358",500,100,42.833893985,2,5
"22197",5,4,"conf_358",1500,100,18.8168284607,2,5
"22198",5,4,"conf_358",2500,100,16.1120323279,2,5
"22199",5,4,"conf_358",5000,100,3.874809386,2,5
"22200",5,4,"conf_358",7500,100,3.1203998235,2,5
"22201",5,4,"conf_358",250,101,37.2215045436,3,5
"22202",5,4,"conf_358",500,101,33.9735121007,3,5
"22203",5,4,"conf_358",1500,101,18.2057662125,3,5
"22204",5,4,"conf_358",2500,101,13.6191092638,3,5
"22205",5,4,"conf_358",5000,101,6.3658169983,3,5
"22206",5,4,"conf_358",7500,101,3.7797679796,3,5
"22207",5,4,"conf_358",250,102,80.9510101269,3,5
"22208",5,4,"conf_358",500,102,64.1123951397,3,5
"22209",5,4,"conf_358",1500,102,32.4801305018,3,5
"22210",5,4,"conf_358",2500,102,17.9000595885,3,5
"22211",5,4,"conf_358",5000,102,4.3836617876,3,5
"22212",5,4,"conf_358",7500,102,3.018150373,3,5
"22213",5,4,"conf_358",250,103,94.2585078356,3,5
"22214",5,4,"conf_358",500,103,54.5088588264,3,5
"22215",5,4,"conf_358",1500,103,22.6547632883,3,5
"22216",5,4,"conf_358",2500,103,21.9635634111,3,5
"22217",5,4,"conf_358",5000,103,6.2920213016,3,5
"22218",5,4,"conf_358",7500,103,3.0416698909,3,5
"22219",5,4,"conf_358",250,104,94.2598605957,3,5
"22220",5,4,"conf_358",500,104,72.2016233178,3,5
"22221",5,4,"conf_358",1500,104,31.8717305262,3,5
"22222",5,4,"conf_358",2500,104,17.74164185,3,5
"22223",5,4,"conf_358",5000,104,5.7309718452,3,5
"22224",5,4,"conf_358",7500,104,3.2436408733,3,5
"22225",5,4,"conf_358",250,105,66.2034490212,3,5
"22226",5,4,"conf_358",500,105,59.4754541271,3,5
"22227",5,4,"conf_358",1500,105,27.3380369448,3,5
"22228",5,4,"conf_358",2500,105,12.3985224404,3,5
"22229",5,4,"conf_358",5000,105,5.8887630747,3,5
"22230",5,4,"conf_358",7500,105,5.49420818,3,5
"22231",5,4,"conf_358",250,106,56.2510705239,3,5
"22232",5,4,"conf_358",500,106,56.2510705239,3,5
"22233",5,4,"conf_358",1500,106,30.4694075726,3,5
"22234",5,4,"conf_358",2500,106,25.8579891914,3,5
"22235",5,4,"conf_358",5000,106,6.6864493752,3,5
"22236",5,4,"conf_358",7500,106,2.4238415228,3,5
"22237",5,4,"conf_358",250,107,50.9840586936,3,5
"22238",5,4,"conf_358",500,107,50.9840586936,3,5
"22239",5,4,"conf_358",1500,107,21.5593728359,3,5
"22240",5,4,"conf_358",2500,107,17.2327684353,3,5
"22241",5,4,"conf_358",5000,107,6.5967836071,3,5
"22242",5,4,"conf_358",7500,107,1.2373927337,3,5
"22243",5,4,"conf_358",250,108,71.5390288727,3,5
"22244",5,4,"conf_358",500,108,64.5185209383,3,5
"22245",5,4,"conf_358",1500,108,21.3430720662,3,5
"22246",5,4,"conf_358",2500,108,19.4903940838,3,5
"22247",5,4,"conf_358",5000,108,5.9175817213,3,5
"22248",5,4,"conf_358",7500,108,4.0175915376,3,5
"22249",5,4,"conf_358",250,109,111.2708139627,3,5
"22250",5,4,"conf_358",500,109,100.8575541356,3,5
"22251",5,4,"conf_358",1500,109,14.5770430361,3,5
"22252",5,4,"conf_358",2500,109,14.5770430361,3,5
"22253",5,4,"conf_358",5000,109,3.7017624025,3,5
"22254",5,4,"conf_358",7500,109,2.0910006914,3,5
"22255",5,4,"conf_358",250,110,84.2167541828,3,5
"22256",5,4,"conf_358",500,110,67.1622989014,3,5
"22257",5,4,"conf_358",1500,110,21.0984759543,3,5
"22258",5,4,"conf_358",2500,110,14.8503516479,3,5
"22259",5,4,"conf_358",5000,110,11.0465511079,3,5
"22260",5,4,"conf_358",7500,110,3.7995972168,3,5
"22261",5,4,"conf_358",250,111,94.0731166216,3,5
"22262",5,4,"conf_358",500,111,75.080514174,3,5
"22263",5,4,"conf_358",1500,111,30.1488976919,3,5
"22264",5,4,"conf_358",2500,111,13.7502004452,3,5
"22265",5,4,"conf_358",5000,111,10.5006681231,3,5
"22266",5,4,"conf_358",7500,111,5.1316782908,3,5
"22267",5,4,"conf_358",250,112,59.0554482559,3,5
"22268",5,4,"conf_358",500,112,39.3966788863,3,5
"22269",5,4,"conf_358",1500,112,28.1050717332,3,5
"22270",5,4,"conf_358",2500,112,23.8240173274,3,5
"22271",5,4,"conf_358",5000,112,6.3590129592,3,5
"22272",5,4,"conf_358",7500,112,2.5124843145,3,5
"22273",5,4,"conf_358",250,113,70.2536290374,3,5
"22274",5,4,"conf_358",500,113,52.7698320597,3,5
"22275",5,4,"conf_358",1500,113,30.1885890846,3,5
"22276",5,4,"conf_358",2500,113,23.3422868552,3,5
"22277",5,4,"conf_358",5000,113,7.8269353664,3,5
"22278",5,4,"conf_358",7500,113,3.7918471017,3,5
"22279",5,4,"conf_358",250,114,84.235532117,3,5
"22280",5,4,"conf_358",500,114,52.9339299636,3,5
"22281",5,4,"conf_358",1500,114,35.7329516079,3,5
"22282",5,4,"conf_358",2500,114,15.7311871973,3,5
"22283",5,4,"conf_358",5000,114,5.0256852933,3,5
"22284",5,4,"conf_358",7500,114,3.8676660542,3,5
"22285",5,4,"conf_358",250,115,91.3895901177,3,5
"22286",5,4,"conf_358",500,115,76.4919876035,3,5
"22287",5,4,"conf_358",1500,115,43.0679403399,3,5
"22288",5,4,"conf_358",2500,115,9.1795427684,3,5
"22289",5,4,"conf_358",5000,115,7.8467275707,3,5
"22290",5,4,"conf_358",7500,115,2.8548829513,3,5
"22291",5,4,"conf_358",250,116,63.3087218675,3,5
"22292",5,4,"conf_358",500,116,63.3087218675,3,5
"22293",5,4,"conf_358",1500,116,31.2533472273,3,5
"22294",5,4,"conf_358",2500,116,23.3897689993,3,5
"22295",5,4,"conf_358",5000,116,6.0424799958,3,5
"22296",5,4,"conf_358",7500,116,3.7270710237,3,5
"22297",5,4,"conf_358",250,117,56.1775509238,3,5
"22298",5,4,"conf_358",500,117,47.8407673596,3,5
"22299",5,4,"conf_358",1500,117,32.4388392442,3,5
"22300",5,4,"conf_358",2500,117,17.3365001235,3,5
"22301",5,4,"conf_358",5000,117,8.8980571669,3,5
"22302",5,4,"conf_358",7500,117,3.1744646127,3,5
"22303",5,4,"conf_358",250,118,94.0447160557,3,5
"22304",5,4,"conf_358",500,118,86.6029059954,3,5
"22305",5,4,"conf_358",1500,118,40.6479146831,3,5
"22306",5,4,"conf_358",2500,118,18.3959066266,3,5
"22307",5,4,"conf_358",5000,118,5.0534806928,3,5
"22308",5,4,"conf_358",7500,118,3.6169192025,3,5
"22309",5,4,"conf_358",250,119,78.1509684041,3,5
"22310",5,4,"conf_358",500,119,51.8656724735,3,5
"22311",5,4,"conf_358",1500,119,29.8507052809,3,5
"22312",5,4,"conf_358",2500,119,18.3368528972,3,5
"22313",5,4,"conf_358",5000,119,4.0401404901,3,5
"22314",5,4,"conf_358",7500,119,2.2336776641,3,5
"22315",5,4,"conf_358",250,120,84.6035704083,3,5
"22316",5,4,"conf_358",500,120,71.5133420843,3,5
"22317",5,4,"conf_358",1500,120,24.3698736211,3,5
"22318",5,4,"conf_358",2500,120,15.3396585619,3,5
"22319",5,4,"conf_358",5000,120,7.607242512,3,5
"22320",5,4,"conf_358",7500,120,2.6499724378,3,5
"22321",5,4,"conf_358",250,121,73.8725567243,3,5
"22322",5,4,"conf_358",500,121,59.4987037746,3,5
"22323",5,4,"conf_358",1500,121,31.1301608206,3,5
"22324",5,4,"conf_358",2500,121,13.245916604,3,5
"22325",5,4,"conf_358",5000,121,3.5095671217,3,5
"22326",5,4,"conf_358",7500,121,3.1030180418,3,5
"22327",5,4,"conf_358",250,122,74.1496506634,3,5
"22328",5,4,"conf_358",500,122,57.9356377564,3,5
"22329",5,4,"conf_358",1500,122,27.4340667901,3,5
"22330",5,4,"conf_358",2500,122,11.8428433954,3,5
"22331",5,4,"conf_358",5000,122,3.1878832487,3,5
"22332",5,4,"conf_358",7500,122,3.0094739489,3,5
"22333",5,4,"conf_358",250,123,100.2400828222,3,5
"22334",5,4,"conf_358",500,123,86.9972638276,3,5
"22335",5,4,"conf_358",1500,123,35.2734463649,3,5
"22336",5,4,"conf_358",2500,123,21.2201840396,3,5
"22337",5,4,"conf_358",5000,123,6.1530273185,3,5
"22338",5,4,"conf_358",7500,123,3.2190409475,3,5
"22339",5,4,"conf_358",250,124,48.1353890083,3,5
"22340",5,4,"conf_358",500,124,48.1353890083,3,5
"22341",5,4,"conf_358",1500,124,39.338423992,3,5
"22342",5,4,"conf_358",2500,124,23.8478043141,3,5
"22343",5,4,"conf_358",5000,124,5.9854549813,3,5
"22344",5,4,"conf_358",7500,124,2.9256998084,3,5
"22345",5,4,"conf_358",250,125,56.4711793966,3,5
"22346",5,4,"conf_358",500,125,53.1748264388,3,5
"22347",5,4,"conf_358",1500,125,24.4324535017,3,5
"22348",5,4,"conf_358",2500,125,18.3570267045,3,5
"22349",5,4,"conf_358",5000,125,4.4378165687,3,5
"22350",5,4,"conf_358",7500,125,1.682073067,3,5
"22351",5,4,"conf_358",250,126,91.2708005939,3,5
"22352",5,4,"conf_358",500,126,69.9547724768,3,5
"22353",5,4,"conf_358",1500,126,37.0940798163,3,5
"22354",5,4,"conf_358",2500,126,8.2551507149,3,5
"22355",5,4,"conf_358",5000,126,4.4886051038,3,5
"22356",5,4,"conf_358",7500,126,3.6419865384,3,5
"22357",5,4,"conf_358",250,127,65.4275439902,3,5
"22358",5,4,"conf_358",500,127,65.4275439902,3,5
"22359",5,4,"conf_358",1500,127,33.207818754,3,5
"22360",5,4,"conf_358",2500,127,25.747095543,3,5
"22361",5,4,"conf_358",5000,127,12.0425595653,3,5
"22362",5,4,"conf_358",7500,127,5.2879291528,3,5
"22363",5,4,"conf_358",250,128,51.0396414028,3,5
"22364",5,4,"conf_358",500,128,50.2968356388,3,5
"22365",5,4,"conf_358",1500,128,22.3826493713,3,5
"22366",5,4,"conf_358",2500,128,15.1074899494,3,5
"22367",5,4,"conf_358",5000,128,7.2910383956,3,5
"22368",5,4,"conf_358",7500,128,4.1386090277,3,5
"22369",5,4,"conf_358",250,129,84.8462166082,3,5
"22370",5,4,"conf_358",500,129,49.6956510105,3,5
"22371",5,4,"conf_358",1500,129,15.4339473974,3,5
"22372",5,4,"conf_358",2500,129,14.5686065174,3,5
"22373",5,4,"conf_358",5000,129,7.9647328879,3,5
"22374",5,4,"conf_358",7500,129,4.1931756813,3,5
"22375",5,4,"conf_358",250,130,54.5683079858,3,5
"22376",5,4,"conf_358",500,130,54.5683079858,3,5
"22377",5,4,"conf_358",1500,130,32.6058968013,3,5
"22378",5,4,"conf_358",2500,130,19.3777302769,3,5
"22379",5,4,"conf_358",5000,130,6.1097788257,3,5
"22380",5,4,"conf_358",7500,130,1.7191815529,3,5
"22381",5,4,"conf_358",250,131,38.6373148732,3,5
"22382",5,4,"conf_358",500,131,38.6373148732,3,5
"22383",5,4,"conf_358",1500,131,36.9993288763,3,5
"22384",5,4,"conf_358",2500,131,15.7354358337,3,5
"22385",5,4,"conf_358",5000,131,4.4984632438,3,5
"22386",5,4,"conf_358",7500,131,2.9098913691,3,5
"22387",5,4,"conf_358",250,132,91.0638435222,3,5
"22388",5,4,"conf_358",500,132,43.4871410102,3,5
"22389",5,4,"conf_358",1500,132,26.8809578942,3,5
"22390",5,4,"conf_358",2500,132,13.9316126979,3,5
"22391",5,4,"conf_358",5000,132,6.2946247587,3,5
"22392",5,4,"conf_358",7500,132,1.4278759577,3,5
"22393",5,4,"conf_358",250,133,61.6634571013,3,5
"22394",5,4,"conf_358",500,133,44.7021444212,3,5
"22395",5,4,"conf_358",1500,133,34.6070876142,3,5
"22396",5,4,"conf_358",2500,133,7.5014692364,3,5
"22397",5,4,"conf_358",5000,133,6.632335395,3,5
"22398",5,4,"conf_358",7500,133,1.7680220868,3,5
"22399",5,4,"conf_358",250,134,64.9057291494,3,5
"22400",5,4,"conf_358",500,134,62.7846191862,3,5
"22401",5,4,"conf_358",1500,134,27.6764629615,3,5
"22402",5,4,"conf_358",2500,134,18.5174584105,3,5
"22403",5,4,"conf_358",5000,134,7.8613714089,3,5
"22404",5,4,"conf_358",7500,134,3.778862575,3,5
"22405",5,4,"conf_358",250,135,71.7829739528,3,5
"22406",5,4,"conf_358",500,135,57.6218013177,3,5
"22407",5,4,"conf_358",1500,135,34.6354073743,3,5
"22408",5,4,"conf_358",2500,135,19.301395043,3,5
"22409",5,4,"conf_358",5000,135,4.7608246692,3,5
"22410",5,4,"conf_358",7500,135,3.6868061714,3,5
"22411",5,4,"conf_358",250,136,80.132982161,3,5
"22412",5,4,"conf_358",500,136,26.2109950175,3,5
"22413",5,4,"conf_358",1500,136,26.2109950175,3,5
"22414",5,4,"conf_358",2500,136,26.2109950175,3,5
"22415",5,4,"conf_358",5000,136,8.2088762145,3,5
"22416",5,4,"conf_358",7500,136,3.6055995392,3,5
"22417",5,4,"conf_358",250,137,75.0326045734,3,5
"22418",5,4,"conf_358",500,137,41.1618964243,3,5
"22419",5,4,"conf_358",1500,137,16.8733135166,3,5
"22420",5,4,"conf_358",2500,137,10.7320043626,3,5
"22421",5,4,"conf_358",5000,137,5.9229449603,3,5
"22422",5,4,"conf_358",7500,137,4.1825135524,3,5
"22423",5,4,"conf_358",250,138,82.9441352036,3,5
"22424",5,4,"conf_358",500,138,56.6621842783,3,5
"22425",5,4,"conf_358",1500,138,24.7704215903,3,5
"22426",5,4,"conf_358",2500,138,10.3735445119,3,5
"22427",5,4,"conf_358",5000,138,8.7769737293,3,5
"22428",5,4,"conf_358",7500,138,4.2046827478,3,5
"22429",5,4,"conf_358",250,139,106.7753517072,3,5
"22430",5,4,"conf_358",500,139,74.0677740861,3,5
"22431",5,4,"conf_358",1500,139,40.7070683531,3,5
"22432",5,4,"conf_358",2500,139,16.2424339124,3,5
"22433",5,4,"conf_358",5000,139,6.0000038875,3,5
"22434",5,4,"conf_358",7500,139,3.9794772246,3,5
"22435",5,4,"conf_358",250,140,85.6084724335,3,5
"22436",5,4,"conf_358",500,140,69.8299345193,3,5
"22437",5,4,"conf_358",1500,140,36.5152841562,3,5
"22438",5,4,"conf_358",2500,140,20.9359118535,3,5
"22439",5,4,"conf_358",5000,140,7.7228716841,3,5
"22440",5,4,"conf_358",7500,140,2.8831749747,3,5
"22441",5,4,"conf_358",250,141,80.7096072786,3,5
"22442",5,4,"conf_358",500,141,52.9974796211,3,5
"22443",5,4,"conf_358",1500,141,27.9195550374,3,5
"22444",5,4,"conf_358",2500,141,12.5011965861,3,5
"22445",5,4,"conf_358",5000,141,7.9082817311,3,5
"22446",5,4,"conf_358",7500,141,4.5388347126,3,5
"22447",5,4,"conf_358",250,142,61.9568350828,3,5
"22448",5,4,"conf_358",500,142,56.2095641578,3,5
"22449",5,4,"conf_358",1500,142,28.3144232241,3,5
"22450",5,4,"conf_358",2500,142,16.2330161547,3,5
"22451",5,4,"conf_358",5000,142,7.0684950908,3,5
"22452",5,4,"conf_358",7500,142,2.7291691353,3,5
"22453",5,4,"conf_358",250,143,121.4143050291,3,5
"22454",5,4,"conf_358",500,143,53.0933595817,3,5
"22455",5,4,"conf_358",1500,143,30.2779155398,3,5
"22456",5,4,"conf_358",2500,143,17.0255415111,3,5
"22457",5,4,"conf_358",5000,143,3.8403530326,3,5
"22458",5,4,"conf_358",7500,143,2.0755843275,3,5
"22459",5,4,"conf_358",250,144,33.8831216222,3,5
"22460",5,4,"conf_358",500,144,23.5796241221,3,5
"22461",5,4,"conf_358",1500,144,20.7717141062,3,5
"22462",5,4,"conf_358",2500,144,14.0482935483,3,5
"22463",5,4,"conf_358",5000,144,5.483125005,3,5
"22464",5,4,"conf_358",7500,144,3.556486984,3,5
"22465",5,4,"conf_358",250,145,58.9069689377,3,5
"22466",5,4,"conf_358",500,145,47.2125190688,3,5
"22467",5,4,"conf_358",1500,145,32.447609101,3,5
"22468",5,4,"conf_358",2500,145,16.3795212742,3,5
"22469",5,4,"conf_358",5000,145,7.522831261,3,5
"22470",5,4,"conf_358",7500,145,3.3078640986,3,5
"22471",5,4,"conf_358",250,146,93.9706896904,3,5
"22472",5,4,"conf_358",500,146,50.1658220962,3,5
"22473",5,4,"conf_358",1500,146,30.310509446,3,5
"22474",5,4,"conf_358",2500,146,22.9942015494,3,5
"22475",5,4,"conf_358",5000,146,6.9988014971,3,5
"22476",5,4,"conf_358",7500,146,1.8884408334,3,5
"22477",5,4,"conf_358",250,147,82.1744474281,3,5
"22478",5,4,"conf_358",500,147,38.2521232752,3,5
"22479",5,4,"conf_358",1500,147,29.2924908249,3,5
"22480",5,4,"conf_358",2500,147,18.7825715417,3,5
"22481",5,4,"conf_358",5000,147,8.1113676036,3,5
"22482",5,4,"conf_358",7500,147,3.1817369272,3,5
"22483",5,4,"conf_358",250,148,58.7961908426,3,5
"22484",5,4,"conf_358",500,148,58.7961908426,3,5
"22485",5,4,"conf_358",1500,148,22.025388896,3,5
"22486",5,4,"conf_358",2500,148,17.6852665739,3,5
"22487",5,4,"conf_358",5000,148,6.3855575961,3,5
"22488",5,4,"conf_358",7500,148,2.9578666451,3,5
"22489",5,4,"conf_358",250,149,98.8967076669,3,5
"22490",5,4,"conf_358",500,149,71.4247948236,3,5
"22491",5,4,"conf_358",1500,149,41.0151604345,3,5
"22492",5,4,"conf_358",2500,149,16.0481605001,3,5
"22493",5,4,"conf_358",5000,149,4.4103978595,3,5
"22494",5,4,"conf_358",7500,149,2.1722183986,3,5
"22495",5,4,"conf_358",250,150,117.0829158388,3,5
"22496",5,4,"conf_358",500,150,81.1875912891,3,5
"22497",5,4,"conf_358",1500,150,25.8356821978,3,5
"22498",5,4,"conf_358",2500,150,4.3718656857,3,5
"22499",5,4,"conf_358",5000,150,4.3718656857,3,5
"22500",5,4,"conf_358",7500,150,2.6403945291,3,5
"22501",5,4,"conf_358",250,151,71.4153794896,4,5
"22502",5,4,"conf_358",500,151,71.4153794896,4,5
"22503",5,4,"conf_358",1500,151,32.9765374307,4,5
"22504",5,4,"conf_358",2500,151,18.4087852737,4,5
"22505",5,4,"conf_358",5000,151,9.3819716149,4,5
"22506",5,4,"conf_358",7500,151,3.7778899211,4,5
"22507",5,4,"conf_358",250,152,77.7535658242,4,5
"22508",5,4,"conf_358",500,152,59.2349703751,4,5
"22509",5,4,"conf_358",1500,152,25.593834598,4,5
"22510",5,4,"conf_358",2500,152,9.3633938556,4,5
"22511",5,4,"conf_358",5000,152,3.587733545,4,5
"22512",5,4,"conf_358",7500,152,3.0237070856,4,5
"22513",5,4,"conf_358",250,153,82.0220114851,4,5
"22514",5,4,"conf_358",500,153,71.5829943387,4,5
"22515",5,4,"conf_358",1500,153,10.7710245993,4,5
"22516",5,4,"conf_358",2500,153,7.7626607145,4,5
"22517",5,4,"conf_358",5000,153,3.4447141091,4,5
"22518",5,4,"conf_358",7500,153,2.7529090907,4,5
"22519",5,4,"conf_358",250,154,102.6956787795,4,5
"22520",5,4,"conf_358",500,154,50.9136411102,4,5
"22521",5,4,"conf_358",1500,154,33.6404101732,4,5
"22522",5,4,"conf_358",2500,154,22.4904633062,4,5
"22523",5,4,"conf_358",5000,154,4.249927179,4,5
"22524",5,4,"conf_358",7500,154,1.7161367622,4,5
"22525",5,4,"conf_358",250,155,75.2242229782,4,5
"22526",5,4,"conf_358",500,155,52.8533689955,4,5
"22527",5,4,"conf_358",1500,155,42.3858343088,4,5
"22528",5,4,"conf_358",2500,155,27.4241258361,4,5
"22529",5,4,"conf_358",5000,155,5.8500973979,4,5
"22530",5,4,"conf_358",7500,155,3.6476745343,4,5
"22531",5,4,"conf_358",250,156,60.2098807589,4,5
"22532",5,4,"conf_358",500,156,50.0885817837,4,5
"22533",5,4,"conf_358",1500,156,39.6830116968,4,5
"22534",5,4,"conf_358",2500,156,19.2539934843,4,5
"22535",5,4,"conf_358",5000,156,8.2009444269,4,5
"22536",5,4,"conf_358",7500,156,3.6569882796,4,5
"22537",5,4,"conf_358",250,157,35.6116756018,4,5
"22538",5,4,"conf_358",500,157,33.3352003897,4,5
"22539",5,4,"conf_358",1500,157,22.1460732681,4,5
"22540",5,4,"conf_358",2500,157,15.9215749266,4,5
"22541",5,4,"conf_358",5000,157,8.2724408311,4,5
"22542",5,4,"conf_358",7500,157,4.5455576571,4,5
"22543",5,4,"conf_358",250,158,108.9965137397,4,5
"22544",5,4,"conf_358",500,158,84.9036944596,4,5
"22545",5,4,"conf_358",1500,158,28.5764871547,4,5
"22546",5,4,"conf_358",2500,158,9.3366786152,4,5
"22547",5,4,"conf_358",5000,158,6.8928705209,4,5
"22548",5,4,"conf_358",7500,158,2.3831273618,4,5
"22549",5,4,"conf_358",250,159,77.399304548,4,5
"22550",5,4,"conf_358",500,159,60.8848335447,4,5
"22551",5,4,"conf_358",1500,159,29.8248972493,4,5
"22552",5,4,"conf_358",2500,159,7.4315095666,4,5
"22553",5,4,"conf_358",5000,159,5.6245749908,4,5
"22554",5,4,"conf_358",7500,159,3.2523470737,4,5
"22555",5,4,"conf_358",250,160,77.3123899074,4,5
"22556",5,4,"conf_358",500,160,50.018612465,4,5
"22557",5,4,"conf_358",1500,160,21.4432824209,4,5
"22558",5,4,"conf_358",2500,160,20.4157682034,4,5
"22559",5,4,"conf_358",5000,160,10.4342690793,4,5
"22560",5,4,"conf_358",7500,160,3.4369268045,4,5
"22561",5,4,"conf_358",250,161,79.2561123987,4,5
"22562",5,4,"conf_358",500,161,57.4104961571,4,5
"22563",5,4,"conf_358",1500,161,20.2577270337,4,5
"22564",5,4,"conf_358",2500,161,17.817161326,4,5
"22565",5,4,"conf_358",5000,161,5.024562591,4,5
"22566",5,4,"conf_358",7500,161,4.5963539383,4,5
"22567",5,4,"conf_358",250,162,73.7838355909,4,5
"22568",5,4,"conf_358",500,162,46.972576359,4,5
"22569",5,4,"conf_358",1500,162,19.6234901429,4,5
"22570",5,4,"conf_358",2500,162,14.3067517767,4,5
"22571",5,4,"conf_358",5000,162,9.2797020581,4,5
"22572",5,4,"conf_358",7500,162,3.7334392573,4,5
"22573",5,4,"conf_358",250,163,73.5208561515,4,5
"22574",5,4,"conf_358",500,163,64.9772802836,4,5
"22575",5,4,"conf_358",1500,163,18.5793081949,4,5
"22576",5,4,"conf_358",2500,163,18.5793081949,4,5
"22577",5,4,"conf_358",5000,163,6.1528295187,4,5
"22578",5,4,"conf_358",7500,163,3.4586782814,4,5
"22579",5,4,"conf_358",250,164,35.598679793,4,5
"22580",5,4,"conf_358",500,164,35.598679793,4,5
"22581",5,4,"conf_358",1500,164,35.598679793,4,5
"22582",5,4,"conf_358",2500,164,14.9414009248,4,5
"22583",5,4,"conf_358",5000,164,4.6630153644,4,5
"22584",5,4,"conf_358",7500,164,4.3911578473,4,5
"22585",5,4,"conf_358",250,165,68.6670267574,4,5
"22586",5,4,"conf_358",500,165,65.9829774671,4,5
"22587",5,4,"conf_358",1500,165,26.4354489821,4,5
"22588",5,4,"conf_358",2500,165,13.0087426231,4,5
"22589",5,4,"conf_358",5000,165,7.188277619,4,5
"22590",5,4,"conf_358",7500,165,1.6149523407,4,5
"22591",5,4,"conf_358",250,166,90.2941459472,4,5
"22592",5,4,"conf_358",500,166,62.123267015,4,5
"22593",5,4,"conf_358",1500,166,32.3981195125,4,5
"22594",5,4,"conf_358",2500,166,25.1406481743,4,5
"22595",5,4,"conf_358",5000,166,6.4422222098,4,5
"22596",5,4,"conf_358",7500,166,2.4700369415,4,5
"22597",5,4,"conf_358",250,167,70.5776663892,4,5
"22598",5,4,"conf_358",500,167,65.5455722637,4,5
"22599",5,4,"conf_358",1500,167,24.7411771198,4,5
"22600",5,4,"conf_358",2500,167,13.3146900266,4,5
"22601",5,4,"conf_358",5000,167,7.7009930135,4,5
"22602",5,4,"conf_358",7500,167,4.1417126749,4,5
"22603",5,4,"conf_358",250,168,39.1164648488,4,5
"22604",5,4,"conf_358",500,168,35.3472581118,4,5
"22605",5,4,"conf_358",1500,168,27.7965244818,4,5
"22606",5,4,"conf_358",2500,168,10.4313139682,4,5
"22607",5,4,"conf_358",5000,168,8.6776981791,4,5
"22608",5,4,"conf_358",7500,168,4.0772920782,4,5
"22609",5,4,"conf_358",250,169,47.7345384406,4,5
"22610",5,4,"conf_358",500,169,31.2731111795,4,5
"22611",5,4,"conf_358",1500,169,21.859277934,4,5
"22612",5,4,"conf_358",2500,169,10.4693913425,4,5
"22613",5,4,"conf_358",5000,169,4.4432052495,4,5
"22614",5,4,"conf_358",7500,169,2.7256830078,4,5
"22615",5,4,"conf_358",250,170,45.4690821539,4,5
"22616",5,4,"conf_358",500,170,45.4690821539,4,5
"22617",5,4,"conf_358",1500,170,30.0367614391,4,5
"22618",5,4,"conf_358",2500,170,13.4001829405,4,5
"22619",5,4,"conf_358",5000,170,7.2677330686,4,5
"22620",5,4,"conf_358",7500,170,2.1809286205,4,5
"22621",5,4,"conf_358",250,171,35.4439337662,4,5
"22622",5,4,"conf_358",500,171,32.715633605,4,5
"22623",5,4,"conf_358",1500,171,28.154338114,4,5
"22624",5,4,"conf_358",2500,171,17.1473302193,4,5
"22625",5,4,"conf_358",5000,171,5.0231996828,4,5
"22626",5,4,"conf_358",7500,171,2.6418329855,4,5
"22627",5,4,"conf_358",250,172,95.9263889246,4,5
"22628",5,4,"conf_358",500,172,61.6328202218,4,5
"22629",5,4,"conf_358",1500,172,33.774301444,4,5
"22630",5,4,"conf_358",2500,172,12.0566977524,4,5
"22631",5,4,"conf_358",5000,172,6.4407027109,4,5
"22632",5,4,"conf_358",7500,172,0.3494914787,4,5
"22633",5,4,"conf_358",250,173,51.5893294956,4,5
"22634",5,4,"conf_358",500,173,48.7805618756,4,5
"22635",5,4,"conf_358",1500,173,38.1291601986,4,5
"22636",5,4,"conf_358",2500,173,21.3809799657,4,5
"22637",5,4,"conf_358",5000,173,6.1150593765,4,5
"22638",5,4,"conf_358",7500,173,1.4576016085,4,5
"22639",5,4,"conf_358",250,174,64.1587336034,4,5
"22640",5,4,"conf_358",500,174,59.2788896947,4,5
"22641",5,4,"conf_358",1500,174,24.4592106381,4,5
"22642",5,4,"conf_358",2500,174,22.1950724727,4,5
"22643",5,4,"conf_358",5000,174,8.2467355854,4,5
"22644",5,4,"conf_358",7500,174,2.5723479059,4,5
"22645",5,4,"conf_358",250,175,44.617753028,4,5
"22646",5,4,"conf_358",500,175,35.8427912057,4,5
"22647",5,4,"conf_358",1500,175,22.2224034651,4,5
"22648",5,4,"conf_358",2500,175,14.8400707796,4,5
"22649",5,4,"conf_358",5000,175,4.5046020516,4,5
"22650",5,4,"conf_358",7500,175,2.6865791072,4,5
"22651",5,4,"conf_358",250,176,91.1397508533,4,5
"22652",5,4,"conf_358",500,176,55.2632092317,4,5
"22653",5,4,"conf_358",1500,176,26.0243192293,4,5
"22654",5,4,"conf_358",2500,176,16.2243793571,4,5
"22655",5,4,"conf_358",5000,176,8.3759111174,4,5
"22656",5,4,"conf_358",7500,176,4.5952010503,4,5
"22657",5,4,"conf_358",250,177,74.5439491124,4,5
"22658",5,4,"conf_358",500,177,74.5439491124,4,5
"22659",5,4,"conf_358",1500,177,28.3537029435,4,5
"22660",5,4,"conf_358",2500,177,13.9137790586,4,5
"22661",5,4,"conf_358",5000,177,8.9102839954,4,5
"22662",5,4,"conf_358",7500,177,3.4998470185,4,5
"22663",5,4,"conf_358",250,178,91.5353488253,4,5
"22664",5,4,"conf_358",500,178,65.2373259828,4,5
"22665",5,4,"conf_358",1500,178,15.6144025578,4,5
"22666",5,4,"conf_358",2500,178,15.6144025578,4,5
"22667",5,4,"conf_358",5000,178,3.4590153642,4,5
"22668",5,4,"conf_358",7500,178,2.8512275355,4,5
"22669",5,4,"conf_358",250,179,101.7807502315,4,5
"22670",5,4,"conf_358",500,179,61.6296777274,4,5
"22671",5,4,"conf_358",1500,179,26.0839674201,4,5
"22672",5,4,"conf_358",2500,179,13.0903889978,4,5
"22673",5,4,"conf_358",5000,179,4.2508070374,4,5
"22674",5,4,"conf_358",7500,179,2.292225523,4,5
"22675",5,4,"conf_358",250,180,93.3381737592,4,5
"22676",5,4,"conf_358",500,180,60.5680491825,4,5
"22677",5,4,"conf_358",1500,180,19.2177583956,4,5
"22678",5,4,"conf_358",2500,180,19.2177583956,4,5
"22679",5,4,"conf_358",5000,180,8.784747773,4,5
"22680",5,4,"conf_358",7500,180,5.6197615961,4,5
"22681",5,4,"conf_358",250,181,59.7824376426,4,5
"22682",5,4,"conf_358",500,181,59.7824376426,4,5
"22683",5,4,"conf_358",1500,181,34.6701993973,4,5
"22684",5,4,"conf_358",2500,181,12.5149174601,4,5
"22685",5,4,"conf_358",5000,181,7.7179885217,4,5
"22686",5,4,"conf_358",7500,181,3.5133109838,4,5
"22687",5,4,"conf_358",250,182,68.837715869,4,5
"22688",5,4,"conf_358",500,182,56.4225845774,4,5
"22689",5,4,"conf_358",1500,182,27.5838551399,4,5
"22690",5,4,"conf_358",2500,182,13.1240884713,4,5
"22691",5,4,"conf_358",5000,182,9.774507768,4,5
"22692",5,4,"conf_358",7500,182,2.6339372016,4,5
"22693",5,4,"conf_358",250,183,73.8074738952,4,5
"22694",5,4,"conf_358",500,183,64.0315659937,4,5
"22695",5,4,"conf_358",1500,183,15.687010378,4,5
"22696",5,4,"conf_358",2500,183,14.5016266154,4,5
"22697",5,4,"conf_358",5000,183,8.6509932638,4,5
"22698",5,4,"conf_358",7500,183,3.6207684328,4,5
"22699",5,4,"conf_358",250,184,72.1750559859,4,5
"22700",5,4,"conf_358",500,184,57.1216265453,4,5
"22701",5,4,"conf_358",1500,184,20.2659745317,4,5
"22702",5,4,"conf_358",2500,184,18.6438136168,4,5
"22703",5,4,"conf_358",5000,184,4.0817959803,4,5
"22704",5,4,"conf_358",7500,184,2.9949781496,4,5
"22705",5,4,"conf_358",250,185,106.3582264872,4,5
"22706",5,4,"conf_358",500,185,81.5011057031,4,5
"22707",5,4,"conf_358",1500,185,15.8441115139,4,5
"22708",5,4,"conf_358",2500,185,14.5738965738,4,5
"22709",5,4,"conf_358",5000,185,6.0985623816,4,5
"22710",5,4,"conf_358",7500,185,6.0078334872,4,5
"22711",5,4,"conf_358",250,186,87.4556871448,4,5
"22712",5,4,"conf_358",500,186,48.6226285788,4,5
"22713",5,4,"conf_358",1500,186,18.6806024043,4,5
"22714",5,4,"conf_358",2500,186,13.3942989262,4,5
"22715",5,4,"conf_358",5000,186,7.1453545908,4,5
"22716",5,4,"conf_358",7500,186,3.509959425,4,5
"22717",5,4,"conf_358",250,187,51.9299703009,4,5
"22718",5,4,"conf_358",500,187,51.9299703009,4,5
"22719",5,4,"conf_358",1500,187,21.018971896,4,5
"22720",5,4,"conf_358",2500,187,13.6420152335,4,5
"22721",5,4,"conf_358",5000,187,7.0540013688,4,5
"22722",5,4,"conf_358",7500,187,4.4139720153,4,5
"22723",5,4,"conf_358",250,188,86.1416648536,4,5
"22724",5,4,"conf_358",500,188,86.1416648536,4,5
"22725",5,4,"conf_358",1500,188,32.7210991143,4,5
"22726",5,4,"conf_358",2500,188,17.2098600147,4,5
"22727",5,4,"conf_358",5000,188,6.9937056266,4,5
"22728",5,4,"conf_358",7500,188,4.0248682854,4,5
"22729",5,4,"conf_358",250,189,68.1562467712,4,5
"22730",5,4,"conf_358",500,189,61.1374307906,4,5
"22731",5,4,"conf_358",1500,189,32.4672154879,4,5
"22732",5,4,"conf_358",2500,189,15.478455095,4,5
"22733",5,4,"conf_358",5000,189,6.6892840669,4,5
"22734",5,4,"conf_358",7500,189,1.0878408899,4,5
"22735",5,4,"conf_358",250,190,121.496147146,4,5
"22736",5,4,"conf_358",500,190,60.8207964938,4,5
"22737",5,4,"conf_358",1500,190,26.8016590195,4,5
"22738",5,4,"conf_358",2500,190,15.8233948374,4,5
"22739",5,4,"conf_358",5000,190,10.3310160521,4,5
"22740",5,4,"conf_358",7500,190,2.3741663778,4,5
"22741",5,4,"conf_358",250,191,58.9462053331,4,5
"22742",5,4,"conf_358",500,191,58.9462053331,4,5
"22743",5,4,"conf_358",1500,191,34.0952376287,4,5
"22744",5,4,"conf_358",2500,191,17.7251224076,4,5
"22745",5,4,"conf_358",5000,191,6.2846776107,4,5
"22746",5,4,"conf_358",7500,191,3.126000185,4,5
"22747",5,4,"conf_358",250,192,47.7897005337,4,5
"22748",5,4,"conf_358",500,192,47.7897005337,4,5
"22749",5,4,"conf_358",1500,192,23.7590804948,4,5
"22750",5,4,"conf_358",2500,192,21.3482051451,4,5
"22751",5,4,"conf_358",5000,192,7.9113750263,4,5
"22752",5,4,"conf_358",7500,192,4.1899555105,4,5
"22753",5,4,"conf_358",250,193,35.3307996628,4,5
"22754",5,4,"conf_358",500,193,35.3307996628,4,5
"22755",5,4,"conf_358",1500,193,29.6492403285,4,5
"22756",5,4,"conf_358",2500,193,15.5680648043,4,5
"22757",5,4,"conf_358",5000,193,7.7972964433,4,5
"22758",5,4,"conf_358",7500,193,3.8722909193,4,5
"22759",5,4,"conf_358",250,194,99.5332003577,4,5
"22760",5,4,"conf_358",500,194,66.9373082042,4,5
"22761",5,4,"conf_358",1500,194,24.9044097659,4,5
"22762",5,4,"conf_358",2500,194,19.3240921092,4,5
"22763",5,4,"conf_358",5000,194,3.5055333838,4,5
"22764",5,4,"conf_358",7500,194,0.7637818161,4,5
"22765",5,4,"conf_358",250,195,123.3495852499,4,5
"22766",5,4,"conf_358",500,195,84.4645313688,4,5
"22767",5,4,"conf_358",1500,195,40.2763626489,4,5
"22768",5,4,"conf_358",2500,195,21.2996162122,4,5
"22769",5,4,"conf_358",5000,195,2.6266980343,4,5
"22770",5,4,"conf_358",7500,195,2.6266980343,4,5
"22771",5,4,"conf_358",250,196,102.7616625104,4,5
"22772",5,4,"conf_358",500,196,53.6496385834,4,5
"22773",5,4,"conf_358",1500,196,27.7038006121,4,5
"22774",5,4,"conf_358",2500,196,11.777459053,4,5
"22775",5,4,"conf_358",5000,196,4.367548679,4,5
"22776",5,4,"conf_358",7500,196,3.2621137914,4,5
"22777",5,4,"conf_358",250,197,76.1034797935,4,5
"22778",5,4,"conf_358",500,197,60.0208662339,4,5
"22779",5,4,"conf_358",1500,197,26.4706539354,4,5
"22780",5,4,"conf_358",2500,197,19.7239981805,4,5
"22781",5,4,"conf_358",5000,197,9.2446725365,4,5
"22782",5,4,"conf_358",7500,197,3.0063072526,4,5
"22783",5,4,"conf_358",250,198,50.7029020976,4,5
"22784",5,4,"conf_358",500,198,50.7029020976,4,5
"22785",5,4,"conf_358",1500,198,31.1056723283,4,5
"22786",5,4,"conf_358",2500,198,17.3400508618,4,5
"22787",5,4,"conf_358",5000,198,6.5325262058,4,5
"22788",5,4,"conf_358",7500,198,2.3416791021,4,5
"22789",5,4,"conf_358",250,199,53.0981784048,4,5
"22790",5,4,"conf_358",500,199,33.0894922577,4,5
"22791",5,4,"conf_358",1500,199,32.6311874245,4,5
"22792",5,4,"conf_358",2500,199,12.0508047747,4,5
"22793",5,4,"conf_358",5000,199,4.6698747144,4,5
"22794",5,4,"conf_358",7500,199,3.8803457869,4,5
"22795",5,4,"conf_358",250,200,112.3718747962,4,5
"22796",5,4,"conf_358",500,200,41.5172944233,4,5
"22797",5,4,"conf_358",1500,200,34.2428149565,4,5
"22798",5,4,"conf_358",2500,200,19.0193785808,4,5
"22799",5,4,"conf_358",5000,200,5.5374101027,4,5
"22800",5,4,"conf_358",7500,200,2.7704145496,4,5
"22801",5,5,"conf_358",250,1,8.9962873017,2,5
"22802",5,5,"conf_358",500,1,1.2389735237,2,5
"22803",5,5,"conf_358",1500,1,0,2,5
"22804",5,5,"conf_358",2500,1,0,2,5
"22805",5,5,"conf_358",5000,1,0,2,5
"22806",5,5,"conf_358",7500,1,0,2,5
"22807",5,5,"conf_358",250,2,12.1829896462,2,5
"22808",5,5,"conf_358",500,2,0.8871571266,2,5
"22809",5,5,"conf_358",1500,2,0,2,5
"22810",5,5,"conf_358",2500,2,0,2,5
"22811",5,5,"conf_358",5000,2,0,2,5
"22812",5,5,"conf_358",7500,2,0,2,5
"22813",5,5,"conf_358",250,3,4.2255672336,2,5
"22814",5,5,"conf_358",500,3,0,2,5
"22815",5,5,"conf_358",1500,3,0,2,5
"22816",5,5,"conf_358",2500,3,0,2,5
"22817",5,5,"conf_358",5000,3,0,2,5
"22818",5,5,"conf_358",7500,3,0,2,5
"22819",5,5,"conf_358",250,4,14.1574313212,2,5
"22820",5,5,"conf_358",500,4,0,2,5
"22821",5,5,"conf_358",1500,4,0,2,5
"22822",5,5,"conf_358",2500,4,0,2,5
"22823",5,5,"conf_358",5000,4,0,2,5
"22824",5,5,"conf_358",7500,4,0,2,5
"22825",5,5,"conf_358",250,5,7.1531684559,2,5
"22826",5,5,"conf_358",500,5,0,2,5
"22827",5,5,"conf_358",1500,5,0,2,5
"22828",5,5,"conf_358",2500,5,0,2,5
"22829",5,5,"conf_358",5000,5,0,2,5
"22830",5,5,"conf_358",7500,5,0,2,5
"22831",5,5,"conf_358",250,6,0.7236356103,2,5
"22832",5,5,"conf_358",500,6,0,2,5
"22833",5,5,"conf_358",1500,6,0,2,5
"22834",5,5,"conf_358",2500,6,0,2,5
"22835",5,5,"conf_358",5000,6,0,2,5
"22836",5,5,"conf_358",7500,6,0,2,5
"22837",5,5,"conf_358",250,7,4.6115314687,2,5
"22838",5,5,"conf_358",500,7,1.2517823857,2,5
"22839",5,5,"conf_358",1500,7,0,2,5
"22840",5,5,"conf_358",2500,7,0,2,5
"22841",5,5,"conf_358",5000,7,0,2,5
"22842",5,5,"conf_358",7500,7,0,2,5
"22843",5,5,"conf_358",250,8,10.1864346067,2,5
"22844",5,5,"conf_358",500,8,0.4027114652,2,5
"22845",5,5,"conf_358",1500,8,0,2,5
"22846",5,5,"conf_358",2500,8,0,2,5
"22847",5,5,"conf_358",5000,8,0,2,5
"22848",5,5,"conf_358",7500,8,0,2,5
"22849",5,5,"conf_358",250,9,5.7080328994,2,5
"22850",5,5,"conf_358",500,9,0.9961178356,2,5
"22851",5,5,"conf_358",1500,9,0,2,5
"22852",5,5,"conf_358",2500,9,0,2,5
"22853",5,5,"conf_358",5000,9,0,2,5
"22854",5,5,"conf_358",7500,9,0,2,5
"22855",5,5,"conf_358",250,10,13.7658021226,2,5
"22856",5,5,"conf_358",500,10,0.2971270372,2,5
"22857",5,5,"conf_358",1500,10,0,2,5
"22858",5,5,"conf_358",2500,10,0,2,5
"22859",5,5,"conf_358",5000,10,0,2,5
"22860",5,5,"conf_358",7500,10,0,2,5
"22861",5,5,"conf_358",250,11,10,2,5
"22862",5,5,"conf_358",500,11,0.1495947553,2,5
"22863",5,5,"conf_358",1500,11,0,2,5
"22864",5,5,"conf_358",2500,11,0,2,5
"22865",5,5,"conf_358",5000,11,0,2,5
"22866",5,5,"conf_358",7500,11,0,2,5
"22867",5,5,"conf_358",250,12,7.8770178959,2,5
"22868",5,5,"conf_358",500,12,0,2,5
"22869",5,5,"conf_358",1500,12,0,2,5
"22870",5,5,"conf_358",2500,12,0,2,5
"22871",5,5,"conf_358",5000,12,0,2,5
"22872",5,5,"conf_358",7500,12,0,2,5
"22873",5,5,"conf_358",250,13,14.6404853602,2,5
"22874",5,5,"conf_358",500,13,1.7483365658,2,5
"22875",5,5,"conf_358",1500,13,0,2,5
"22876",5,5,"conf_358",2500,13,0,2,5
"22877",5,5,"conf_358",5000,13,0,2,5
"22878",5,5,"conf_358",7500,13,0,2,5
"22879",5,5,"conf_358",250,14,4.596407522,2,5
"22880",5,5,"conf_358",500,14,1.2729936022,2,5
"22881",5,5,"conf_358",1500,14,0,2,5
"22882",5,5,"conf_358",2500,14,0,2,5
"22883",5,5,"conf_358",5000,14,0,2,5
"22884",5,5,"conf_358",7500,14,0,2,5
"22885",5,5,"conf_358",250,15,7.1073606266,2,5
"22886",5,5,"conf_358",500,15,0,2,5
"22887",5,5,"conf_358",1500,15,0,2,5
"22888",5,5,"conf_358",2500,15,0,2,5
"22889",5,5,"conf_358",5000,15,0,2,5
"22890",5,5,"conf_358",7500,15,0,2,5
"22891",5,5,"conf_358",250,16,4.4910669869,2,5
"22892",5,5,"conf_358",500,16,0,2,5
"22893",5,5,"conf_358",1500,16,0,2,5
"22894",5,5,"conf_358",2500,16,0,2,5
"22895",5,5,"conf_358",5000,16,0,2,5
"22896",5,5,"conf_358",7500,16,0,2,5
"22897",5,5,"conf_358",250,17,12.150478495,2,5
"22898",5,5,"conf_358",500,17,0,2,5
"22899",5,5,"conf_358",1500,17,0,2,5
"22900",5,5,"conf_358",2500,17,0,2,5
"22901",5,5,"conf_358",5000,17,0,2,5
"22902",5,5,"conf_358",7500,17,0,2,5
"22903",5,5,"conf_358",250,18,9.5088257296,2,5
"22904",5,5,"conf_358",500,18,0,2,5
"22905",5,5,"conf_358",1500,18,0,2,5
"22906",5,5,"conf_358",2500,18,0,2,5
"22907",5,5,"conf_358",5000,18,0,2,5
"22908",5,5,"conf_358",7500,18,0,2,5
"22909",5,5,"conf_358",250,19,9.5485765336,2,5
"22910",5,5,"conf_358",500,19,0,2,5
"22911",5,5,"conf_358",1500,19,0,2,5
"22912",5,5,"conf_358",2500,19,0,2,5
"22913",5,5,"conf_358",5000,19,0,2,5
"22914",5,5,"conf_358",7500,19,0,2,5
"22915",5,5,"conf_358",250,20,1.999702057,2,5
"22916",5,5,"conf_358",500,20,0,2,5
"22917",5,5,"conf_358",1500,20,0,2,5
"22918",5,5,"conf_358",2500,20,0,2,5
"22919",5,5,"conf_358",5000,20,0,2,5
"22920",5,5,"conf_358",7500,20,0,2,5
"22921",5,5,"conf_358",250,21,4.5516188721,2,5
"22922",5,5,"conf_358",500,21,0,2,5
"22923",5,5,"conf_358",1500,21,0,2,5
"22924",5,5,"conf_358",2500,21,0,2,5
"22925",5,5,"conf_358",5000,21,0,2,5
"22926",5,5,"conf_358",7500,21,0,2,5
"22927",5,5,"conf_358",250,22,10.2899110172,2,5
"22928",5,5,"conf_358",500,22,0,2,5
"22929",5,5,"conf_358",1500,22,0,2,5
"22930",5,5,"conf_358",2500,22,0,2,5
"22931",5,5,"conf_358",5000,22,0,2,5
"22932",5,5,"conf_358",7500,22,0,2,5
"22933",5,5,"conf_358",250,23,8.1811433645,2,5
"22934",5,5,"conf_358",500,23,0,2,5
"22935",5,5,"conf_358",1500,23,0,2,5
"22936",5,5,"conf_358",2500,23,0,2,5
"22937",5,5,"conf_358",5000,23,0,2,5
"22938",5,5,"conf_358",7500,23,0,2,5
"22939",5,5,"conf_358",250,24,8.418881449,2,5
"22940",5,5,"conf_358",500,24,1.195873384,2,5
"22941",5,5,"conf_358",1500,24,0,2,5
"22942",5,5,"conf_358",2500,24,0,2,5
"22943",5,5,"conf_358",5000,24,0,2,5
"22944",5,5,"conf_358",7500,24,0,2,5
"22945",5,5,"conf_358",250,25,0.6984872167,2,5
"22946",5,5,"conf_358",500,25,0,2,5
"22947",5,5,"conf_358",1500,25,0,2,5
"22948",5,5,"conf_358",2500,25,0,2,5
"22949",5,5,"conf_358",5000,25,0,2,5
"22950",5,5,"conf_358",7500,25,0,2,5
"22951",5,5,"conf_358",250,26,13.0324693939,2,5
"22952",5,5,"conf_358",500,26,5.7726914243,2,5
"22953",5,5,"conf_358",1500,26,0,2,5
"22954",5,5,"conf_358",2500,26,0,2,5
"22955",5,5,"conf_358",5000,26,0,2,5
"22956",5,5,"conf_358",7500,26,0,2,5
"22957",5,5,"conf_358",250,27,2.1922757142,2,5
"22958",5,5,"conf_358",500,27,0.5111878065,2,5
"22959",5,5,"conf_358",1500,27,0,2,5
"22960",5,5,"conf_358",2500,27,0,2,5
"22961",5,5,"conf_358",5000,27,0,2,5
"22962",5,5,"conf_358",7500,27,0,2,5
"22963",5,5,"conf_358",250,28,5.8678226482,2,5
"22964",5,5,"conf_358",500,28,0.8344686649,2,5
"22965",5,5,"conf_358",1500,28,0,2,5
"22966",5,5,"conf_358",2500,28,0,2,5
"22967",5,5,"conf_358",5000,28,0,2,5
"22968",5,5,"conf_358",7500,28,0,2,5
"22969",5,5,"conf_358",250,29,0,2,5
"22970",5,5,"conf_358",500,29,0,2,5
"22971",5,5,"conf_358",1500,29,0,2,5
"22972",5,5,"conf_358",2500,29,0,2,5
"22973",5,5,"conf_358",5000,29,0,2,5
"22974",5,5,"conf_358",7500,29,0,2,5
"22975",5,5,"conf_358",250,30,1.446250129,2,5
"22976",5,5,"conf_358",500,30,0,2,5
"22977",5,5,"conf_358",1500,30,0,2,5
"22978",5,5,"conf_358",2500,30,0,2,5
"22979",5,5,"conf_358",5000,30,0,2,5
"22980",5,5,"conf_358",7500,30,0,2,5
"22981",5,5,"conf_358",250,31,9.8945545029,2,5
"22982",5,5,"conf_358",500,31,0,2,5
"22983",5,5,"conf_358",1500,31,0,2,5
"22984",5,5,"conf_358",2500,31,0,2,5
"22985",5,5,"conf_358",5000,31,0,2,5
"22986",5,5,"conf_358",7500,31,0,2,5
"22987",5,5,"conf_358",250,32,3.9516850416,2,5
"22988",5,5,"conf_358",500,32,0,2,5
"22989",5,5,"conf_358",1500,32,0,2,5
"22990",5,5,"conf_358",2500,32,0,2,5
"22991",5,5,"conf_358",5000,32,0,2,5
"22992",5,5,"conf_358",7500,32,0,2,5
"22993",5,5,"conf_358",250,33,16.518626428,2,5
"22994",5,5,"conf_358",500,33,0.4711332141,2,5
"22995",5,5,"conf_358",1500,33,0,2,5
"22996",5,5,"conf_358",2500,33,0,2,5
"22997",5,5,"conf_358",5000,33,0,2,5
"22998",5,5,"conf_358",7500,33,0,2,5
"22999",5,5,"conf_358",250,34,4.808397246,2,5
"23000",5,5,"conf_358",500,34,0.3462806551,2,5
"23001",5,5,"conf_358",1500,34,0,2,5
"23002",5,5,"conf_358",2500,34,0,2,5
"23003",5,5,"conf_358",5000,34,0,2,5
"23004",5,5,"conf_358",7500,34,0,2,5
"23005",5,5,"conf_358",250,35,18.2060790601,2,5
"23006",5,5,"conf_358",500,35,0.6439328494,2,5
"23007",5,5,"conf_358",1500,35,0,2,5
"23008",5,5,"conf_358",2500,35,0,2,5
"23009",5,5,"conf_358",5000,35,0,2,5
"23010",5,5,"conf_358",7500,35,0,2,5
"23011",5,5,"conf_358",250,36,16.3837351568,2,5
"23012",5,5,"conf_358",500,36,0,2,5
"23013",5,5,"conf_358",1500,36,0,2,5
"23014",5,5,"conf_358",2500,36,0,2,5
"23015",5,5,"conf_358",5000,36,0,2,5
"23016",5,5,"conf_358",7500,36,0,2,5
"23017",5,5,"conf_358",250,37,16.6950436699,2,5
"23018",5,5,"conf_358",500,37,5.4618571445,2,5
"23019",5,5,"conf_358",1500,37,0,2,5
"23020",5,5,"conf_358",2500,37,0,2,5
"23021",5,5,"conf_358",5000,37,0,2,5
"23022",5,5,"conf_358",7500,37,0,2,5
"23023",5,5,"conf_358",250,38,0,2,5
"23024",5,5,"conf_358",500,38,0,2,5
"23025",5,5,"conf_358",1500,38,0,2,5
"23026",5,5,"conf_358",2500,38,0,2,5
"23027",5,5,"conf_358",5000,38,0,2,5
"23028",5,5,"conf_358",7500,38,0,2,5
"23029",5,5,"conf_358",250,39,8.3157395389,2,5
"23030",5,5,"conf_358",500,39,4.9865108425,2,5
"23031",5,5,"conf_358",1500,39,0,2,5
"23032",5,5,"conf_358",2500,39,0,2,5
"23033",5,5,"conf_358",5000,39,0,2,5
"23034",5,5,"conf_358",7500,39,0,2,5
"23035",5,5,"conf_358",250,40,9.6368989414,2,5
"23036",5,5,"conf_358",500,40,1.1006416916,2,5
"23037",5,5,"conf_358",1500,40,0,2,5
"23038",5,5,"conf_358",2500,40,0,2,5
"23039",5,5,"conf_358",5000,40,0,2,5
"23040",5,5,"conf_358",7500,40,0,2,5
"23041",5,5,"conf_358",250,41,8.2784527466,2,5
"23042",5,5,"conf_358",500,41,0,2,5
"23043",5,5,"conf_358",1500,41,0,2,5
"23044",5,5,"conf_358",2500,41,0,2,5
"23045",5,5,"conf_358",5000,41,0,2,5
"23046",5,5,"conf_358",7500,41,0,2,5
"23047",5,5,"conf_358",250,42,9.1366162004,2,5
"23048",5,5,"conf_358",500,42,1.1594762953,2,5
"23049",5,5,"conf_358",1500,42,0,2,5
"23050",5,5,"conf_358",2500,42,0,2,5
"23051",5,5,"conf_358",5000,42,0,2,5
"23052",5,5,"conf_358",7500,42,0,2,5
"23053",5,5,"conf_358",250,43,0,2,5
"23054",5,5,"conf_358",500,43,0,2,5
"23055",5,5,"conf_358",1500,43,0,2,5
"23056",5,5,"conf_358",2500,43,0,2,5
"23057",5,5,"conf_358",5000,43,0,2,5
"23058",5,5,"conf_358",7500,43,0,2,5
"23059",5,5,"conf_358",250,44,10.7480911885,2,5
"23060",5,5,"conf_358",500,44,2.0820318732,2,5
"23061",5,5,"conf_358",1500,44,0,2,5
"23062",5,5,"conf_358",2500,44,0,2,5
"23063",5,5,"conf_358",5000,44,0,2,5
"23064",5,5,"conf_358",7500,44,0,2,5
"23065",5,5,"conf_358",250,45,2.9907324566,2,5
"23066",5,5,"conf_358",500,45,0,2,5
"23067",5,5,"conf_358",1500,45,0,2,5
"23068",5,5,"conf_358",2500,45,0,2,5
"23069",5,5,"conf_358",5000,45,0,2,5
"23070",5,5,"conf_358",7500,45,0,2,5
"23071",5,5,"conf_358",250,46,6.8242812188,2,5
"23072",5,5,"conf_358",500,46,0,2,5
"23073",5,5,"conf_358",1500,46,0,2,5
"23074",5,5,"conf_358",2500,46,0,2,5
"23075",5,5,"conf_358",5000,46,0,2,5
"23076",5,5,"conf_358",7500,46,0,2,5
"23077",5,5,"conf_358",250,47,8.2071400258,2,5
"23078",5,5,"conf_358",500,47,0,2,5
"23079",5,5,"conf_358",1500,47,0,2,5
"23080",5,5,"conf_358",2500,47,0,2,5
"23081",5,5,"conf_358",5000,47,0,2,5
"23082",5,5,"conf_358",7500,47,0,2,5
"23083",5,5,"conf_358",250,48,3.2226423192,2,5
"23084",5,5,"conf_358",500,48,0,2,5
"23085",5,5,"conf_358",1500,48,0,2,5
"23086",5,5,"conf_358",2500,48,0,2,5
"23087",5,5,"conf_358",5000,48,0,2,5
"23088",5,5,"conf_358",7500,48,0,2,5
"23089",5,5,"conf_358",250,49,3.7333683123,2,5
"23090",5,5,"conf_358",500,49,0,2,5
"23091",5,5,"conf_358",1500,49,0,2,5
"23092",5,5,"conf_358",2500,49,0,2,5
"23093",5,5,"conf_358",5000,49,0,2,5
"23094",5,5,"conf_358",7500,49,0,2,5
"23095",5,5,"conf_358",250,50,9.9010843276,2,5
"23096",5,5,"conf_358",500,50,0,2,5
"23097",5,5,"conf_358",1500,50,0,2,5
"23098",5,5,"conf_358",2500,50,0,2,5
"23099",5,5,"conf_358",5000,50,0,2,5
"23100",5,5,"conf_358",7500,50,0,2,5
"23101",5,5,"conf_358",250,51,2.8095531785,4,5
"23102",5,5,"conf_358",500,51,0,4,5
"23103",5,5,"conf_358",1500,51,0,4,5
"23104",5,5,"conf_358",2500,51,0,4,5
"23105",5,5,"conf_358",5000,51,0,4,5
"23106",5,5,"conf_358",7500,51,0,4,5
"23107",5,5,"conf_358",250,52,17.0045037145,4,5
"23108",5,5,"conf_358",500,52,0.80799086,4,5
"23109",5,5,"conf_358",1500,52,0,4,5
"23110",5,5,"conf_358",2500,52,0,4,5
"23111",5,5,"conf_358",5000,52,0,4,5
"23112",5,5,"conf_358",7500,52,0,4,5
"23113",5,5,"conf_358",250,53,13.1685405585,4,5
"23114",5,5,"conf_358",500,53,0,4,5
"23115",5,5,"conf_358",1500,53,0,4,5
"23116",5,5,"conf_358",2500,53,0,4,5
"23117",5,5,"conf_358",5000,53,0,4,5
"23118",5,5,"conf_358",7500,53,0,4,5
"23119",5,5,"conf_358",250,54,18.737112882,4,5
"23120",5,5,"conf_358",500,54,4.5051881906,4,5
"23121",5,5,"conf_358",1500,54,0,4,5
"23122",5,5,"conf_358",2500,54,0,4,5
"23123",5,5,"conf_358",5000,54,0,4,5
"23124",5,5,"conf_358",7500,54,0,4,5
"23125",5,5,"conf_358",250,55,10.3447146301,4,5
"23126",5,5,"conf_358",500,55,1.3814721999,4,5
"23127",5,5,"conf_358",1500,55,0,4,5
"23128",5,5,"conf_358",2500,55,0,4,5
"23129",5,5,"conf_358",5000,55,0,4,5
"23130",5,5,"conf_358",7500,55,0,4,5
"23131",5,5,"conf_358",250,56,4.0251380223,4,5
"23132",5,5,"conf_358",500,56,0,4,5
"23133",5,5,"conf_358",1500,56,0,4,5
"23134",5,5,"conf_358",2500,56,0,4,5
"23135",5,5,"conf_358",5000,56,0,4,5
"23136",5,5,"conf_358",7500,56,0,4,5
"23137",5,5,"conf_358",250,57,9.2880844876,4,5
"23138",5,5,"conf_358",500,57,0,4,5
"23139",5,5,"conf_358",1500,57,0,4,5
"23140",5,5,"conf_358",2500,57,0,4,5
"23141",5,5,"conf_358",5000,57,0,4,5
"23142",5,5,"conf_358",7500,57,0,4,5
"23143",5,5,"conf_358",250,58,5.6627889432,4,5
"23144",5,5,"conf_358",500,58,0,4,5
"23145",5,5,"conf_358",1500,58,0,4,5
"23146",5,5,"conf_358",2500,58,0,4,5
"23147",5,5,"conf_358",5000,58,0,4,5
"23148",5,5,"conf_358",7500,58,0,4,5
"23149",5,5,"conf_358",250,59,13.067573035,4,5
"23150",5,5,"conf_358",500,59,0,4,5
"23151",5,5,"conf_358",1500,59,0,4,5
"23152",5,5,"conf_358",2500,59,0,4,5
"23153",5,5,"conf_358",5000,59,0,4,5
"23154",5,5,"conf_358",7500,59,0,4,5
"23155",5,5,"conf_358",250,60,11.6965495002,4,5
"23156",5,5,"conf_358",500,60,0.0142748264,4,5
"23157",5,5,"conf_358",1500,60,0,4,5
"23158",5,5,"conf_358",2500,60,0,4,5
"23159",5,5,"conf_358",5000,60,0,4,5
"23160",5,5,"conf_358",7500,60,0,4,5
"23161",5,5,"conf_358",250,61,12.9905033368,4,5
"23162",5,5,"conf_358",500,61,3.8432769584,4,5
"23163",5,5,"conf_358",1500,61,0,4,5
"23164",5,5,"conf_358",2500,61,0,4,5
"23165",5,5,"conf_358",5000,61,0,4,5
"23166",5,5,"conf_358",7500,61,0,4,5
"23167",5,5,"conf_358",250,62,3.411073934,4,5
"23168",5,5,"conf_358",500,62,0,4,5
"23169",5,5,"conf_358",1500,62,0,4,5
"23170",5,5,"conf_358",2500,62,0,4,5
"23171",5,5,"conf_358",5000,62,0,4,5
"23172",5,5,"conf_358",7500,62,0,4,5
"23173",5,5,"conf_358",250,63,6.3265762122,4,5
"23174",5,5,"conf_358",500,63,0,4,5
"23175",5,5,"conf_358",1500,63,0,4,5
"23176",5,5,"conf_358",2500,63,0,4,5
"23177",5,5,"conf_358",5000,63,0,4,5
"23178",5,5,"conf_358",7500,63,0,4,5
"23179",5,5,"conf_358",250,64,6.3496714208,4,5
"23180",5,5,"conf_358",500,64,4.8908753962,4,5
"23181",5,5,"conf_358",1500,64,0,4,5
"23182",5,5,"conf_358",2500,64,0,4,5
"23183",5,5,"conf_358",5000,64,0,4,5
"23184",5,5,"conf_358",7500,64,0,4,5
"23185",5,5,"conf_358",250,65,6.4843157273,4,5
"23186",5,5,"conf_358",500,65,0,4,5
"23187",5,5,"conf_358",1500,65,0,4,5
"23188",5,5,"conf_358",2500,65,0,4,5
"23189",5,5,"conf_358",5000,65,0,4,5
"23190",5,5,"conf_358",7500,65,0,4,5
"23191",5,5,"conf_358",250,66,25.7425145205,4,5
"23192",5,5,"conf_358",500,66,1.4071492288,4,5
"23193",5,5,"conf_358",1500,66,0,4,5
"23194",5,5,"conf_358",2500,66,0,4,5
"23195",5,5,"conf_358",5000,66,0,4,5
"23196",5,5,"conf_358",7500,66,0,4,5
"23197",5,5,"conf_358",250,67,0,4,5
"23198",5,5,"conf_358",500,67,0,4,5
"23199",5,5,"conf_358",1500,67,0,4,5
"23200",5,5,"conf_358",2500,67,0,4,5
"23201",5,5,"conf_358",5000,67,0,4,5
"23202",5,5,"conf_358",7500,67,0,4,5
"23203",5,5,"conf_358",250,68,8.1679997885,4,5
"23204",5,5,"conf_358",500,68,0,4,5
"23205",5,5,"conf_358",1500,68,0,4,5
"23206",5,5,"conf_358",2500,68,0,4,5
"23207",5,5,"conf_358",5000,68,0,4,5
"23208",5,5,"conf_358",7500,68,0,4,5
"23209",5,5,"conf_358",250,69,9.9096814576,4,5
"23210",5,5,"conf_358",500,69,0.3607630627,4,5
"23211",5,5,"conf_358",1500,69,0,4,5
"23212",5,5,"conf_358",2500,69,0,4,5
"23213",5,5,"conf_358",5000,69,0,4,5
"23214",5,5,"conf_358",7500,69,0,4,5
"23215",5,5,"conf_358",250,70,13.9821665166,4,5
"23216",5,5,"conf_358",500,70,2.5186290881,4,5
"23217",5,5,"conf_358",1500,70,0,4,5
"23218",5,5,"conf_358",2500,70,0,4,5
"23219",5,5,"conf_358",5000,70,0,4,5
"23220",5,5,"conf_358",7500,70,0,4,5
"23221",5,5,"conf_358",250,71,11.014788895,4,5
"23222",5,5,"conf_358",500,71,0.0171307531,4,5
"23223",5,5,"conf_358",1500,71,0,4,5
"23224",5,5,"conf_358",2500,71,0,4,5
"23225",5,5,"conf_358",5000,71,0,4,5
"23226",5,5,"conf_358",7500,71,0,4,5
"23227",5,5,"conf_358",250,72,4.8855999873,4,5
"23228",5,5,"conf_358",500,72,0,4,5
"23229",5,5,"conf_358",1500,72,0,4,5
"23230",5,5,"conf_358",2500,72,0,4,5
"23231",5,5,"conf_358",5000,72,0,4,5
"23232",5,5,"conf_358",7500,72,0,4,5
"23233",5,5,"conf_358",250,73,17.1075561681,4,5
"23234",5,5,"conf_358",500,73,0,4,5
"23235",5,5,"conf_358",1500,73,0,4,5
"23236",5,5,"conf_358",2500,73,0,4,5
"23237",5,5,"conf_358",5000,73,0,4,5
"23238",5,5,"conf_358",7500,73,0,4,5
"23239",5,5,"conf_358",250,74,7.2699770242,4,5
"23240",5,5,"conf_358",500,74,0,4,5
"23241",5,5,"conf_358",1500,74,0,4,5
"23242",5,5,"conf_358",2500,74,0,4,5
"23243",5,5,"conf_358",5000,74,0,4,5
"23244",5,5,"conf_358",7500,74,0,4,5
"23245",5,5,"conf_358",250,75,7.1597873635,4,5
"23246",5,5,"conf_358",500,75,0.5521925556,4,5
"23247",5,5,"conf_358",1500,75,0,4,5
"23248",5,5,"conf_358",2500,75,0,4,5
"23249",5,5,"conf_358",5000,75,0,4,5
"23250",5,5,"conf_358",7500,75,0,4,5
"23251",5,5,"conf_358",250,76,3.5747214336,4,5
"23252",5,5,"conf_358",500,76,0,4,5
"23253",5,5,"conf_358",1500,76,0,4,5
"23254",5,5,"conf_358",2500,76,0,4,5
"23255",5,5,"conf_358",5000,76,0,4,5
"23256",5,5,"conf_358",7500,76,0,4,5
"23257",5,5,"conf_358",250,77,2.2762800672,4,5
"23258",5,5,"conf_358",500,77,0,4,5
"23259",5,5,"conf_358",1500,77,0,4,5
"23260",5,5,"conf_358",2500,77,0,4,5
"23261",5,5,"conf_358",5000,77,0,4,5
"23262",5,5,"conf_358",7500,77,0,4,5
"23263",5,5,"conf_358",250,78,8.9260635577,4,5
"23264",5,5,"conf_358",500,78,0,4,5
"23265",5,5,"conf_358",1500,78,0,4,5
"23266",5,5,"conf_358",2500,78,0,4,5
"23267",5,5,"conf_358",5000,78,0,4,5
"23268",5,5,"conf_358",7500,78,0,4,5
"23269",5,5,"conf_358",250,79,12.2421107007,4,5
"23270",5,5,"conf_358",500,79,2.9925918433,4,5
"23271",5,5,"conf_358",1500,79,0,4,5
"23272",5,5,"conf_358",2500,79,0,4,5
"23273",5,5,"conf_358",5000,79,0,4,5
"23274",5,5,"conf_358",7500,79,0,4,5
"23275",5,5,"conf_358",250,80,6.3212937397,4,5
"23276",5,5,"conf_358",500,80,0,4,5
"23277",5,5,"conf_358",1500,80,0,4,5
"23278",5,5,"conf_358",2500,80,0,4,5
"23279",5,5,"conf_358",5000,80,0,4,5
"23280",5,5,"conf_358",7500,80,0,4,5
"23281",5,5,"conf_358",250,81,3.6403612895,4,5
"23282",5,5,"conf_358",500,81,0,4,5
"23283",5,5,"conf_358",1500,81,0,4,5
"23284",5,5,"conf_358",2500,81,0,4,5
"23285",5,5,"conf_358",5000,81,0,4,5
"23286",5,5,"conf_358",7500,81,0,4,5
"23287",5,5,"conf_358",250,82,2.7301111684,4,5
"23288",5,5,"conf_358",500,82,0,4,5
"23289",5,5,"conf_358",1500,82,0,4,5
"23290",5,5,"conf_358",2500,82,0,4,5
"23291",5,5,"conf_358",5000,82,0,4,5
"23292",5,5,"conf_358",7500,82,0,4,5
"23293",5,5,"conf_358",250,83,5.1362957738,4,5
"23294",5,5,"conf_358",500,83,0,4,5
"23295",5,5,"conf_358",1500,83,0,4,5
"23296",5,5,"conf_358",2500,83,0,4,5
"23297",5,5,"conf_358",5000,83,0,4,5
"23298",5,5,"conf_358",7500,83,0,4,5
"23299",5,5,"conf_358",250,84,15.6942575454,4,5
"23300",5,5,"conf_358",500,84,0.9132671192,4,5
"23301",5,5,"conf_358",1500,84,0,4,5
"23302",5,5,"conf_358",2500,84,0,4,5
"23303",5,5,"conf_358",5000,84,0,4,5
"23304",5,5,"conf_358",7500,84,0,4,5
"23305",5,5,"conf_358",250,85,5.7365410947,4,5
"23306",5,5,"conf_358",500,85,0,4,5
"23307",5,5,"conf_358",1500,85,0,4,5
"23308",5,5,"conf_358",2500,85,0,4,5
"23309",5,5,"conf_358",5000,85,0,4,5
"23310",5,5,"conf_358",7500,85,0,4,5
"23311",5,5,"conf_358",250,86,24.5031089716,4,5
"23312",5,5,"conf_358",500,86,0,4,5
"23313",5,5,"conf_358",1500,86,0,4,5
"23314",5,5,"conf_358",2500,86,0,4,5
"23315",5,5,"conf_358",5000,86,0,4,5
"23316",5,5,"conf_358",7500,86,0,4,5
"23317",5,5,"conf_358",250,87,14.5767116331,4,5
"23318",5,5,"conf_358",500,87,0,4,5
"23319",5,5,"conf_358",1500,87,0,4,5
"23320",5,5,"conf_358",2500,87,0,4,5
"23321",5,5,"conf_358",5000,87,0,4,5
"23322",5,5,"conf_358",7500,87,0,4,5
"23323",5,5,"conf_358",250,88,6.1362096485,4,5
"23324",5,5,"conf_358",500,88,0,4,5
"23325",5,5,"conf_358",1500,88,0,4,5
"23326",5,5,"conf_358",2500,88,0,4,5
"23327",5,5,"conf_358",5000,88,0,4,5
"23328",5,5,"conf_358",7500,88,0,4,5
"23329",5,5,"conf_358",250,89,16.1142056715,4,5
"23330",5,5,"conf_358",500,89,0.0276117785,4,5
"23331",5,5,"conf_358",1500,89,0,4,5
"23332",5,5,"conf_358",2500,89,0,4,5
"23333",5,5,"conf_358",5000,89,0,4,5
"23334",5,5,"conf_358",7500,89,0,4,5
"23335",5,5,"conf_358",250,90,4.7936426037,4,5
"23336",5,5,"conf_358",500,90,0.8712653765,4,5
"23337",5,5,"conf_358",1500,90,0,4,5
"23338",5,5,"conf_358",2500,90,0,4,5
"23339",5,5,"conf_358",5000,90,0,4,5
"23340",5,5,"conf_358",7500,90,0,4,5
"23341",5,5,"conf_358",250,91,16.9357036466,4,5
"23342",5,5,"conf_358",500,91,6.148123959,4,5
"23343",5,5,"conf_358",1500,91,0,4,5
"23344",5,5,"conf_358",2500,91,0,4,5
"23345",5,5,"conf_358",5000,91,0,4,5
"23346",5,5,"conf_358",7500,91,0,4,5
"23347",5,5,"conf_358",250,92,7.0701510077,4,5
"23348",5,5,"conf_358",500,92,0.8096931148,4,5
"23349",5,5,"conf_358",1500,92,0,4,5
"23350",5,5,"conf_358",2500,92,0,4,5
"23351",5,5,"conf_358",5000,92,0,4,5
"23352",5,5,"conf_358",7500,92,0,4,5
"23353",5,5,"conf_358",250,93,7.3420120786,4,5
"23354",5,5,"conf_358",500,93,0.9869250338,4,5
"23355",5,5,"conf_358",1500,93,0,4,5
"23356",5,5,"conf_358",2500,93,0,4,5
"23357",5,5,"conf_358",5000,93,0,4,5
"23358",5,5,"conf_358",7500,93,0,4,5
"23359",5,5,"conf_358",250,94,8.3380401438,4,5
"23360",5,5,"conf_358",500,94,0.8618703812,4,5
"23361",5,5,"conf_358",1500,94,0,4,5
"23362",5,5,"conf_358",2500,94,0,4,5
"23363",5,5,"conf_358",5000,94,0,4,5
"23364",5,5,"conf_358",7500,94,0,4,5
"23365",5,5,"conf_358",250,95,3.0951775867,4,5
"23366",5,5,"conf_358",500,95,0,4,5
"23367",5,5,"conf_358",1500,95,0,4,5
"23368",5,5,"conf_358",2500,95,0,4,5
"23369",5,5,"conf_358",5000,95,0,4,5
"23370",5,5,"conf_358",7500,95,0,4,5
"23371",5,5,"conf_358",250,96,15.678930822,4,5
"23372",5,5,"conf_358",500,96,0,4,5
"23373",5,5,"conf_358",1500,96,0,4,5
"23374",5,5,"conf_358",2500,96,0,4,5
"23375",5,5,"conf_358",5000,96,0,4,5
"23376",5,5,"conf_358",7500,96,0,4,5
"23377",5,5,"conf_358",250,97,5.3895854002,4,5
"23378",5,5,"conf_358",500,97,0,4,5
"23379",5,5,"conf_358",1500,97,0,4,5
"23380",5,5,"conf_358",2500,97,0,4,5
"23381",5,5,"conf_358",5000,97,0,4,5
"23382",5,5,"conf_358",7500,97,0,4,5
"23383",5,5,"conf_358",250,98,6.5399058385,4,5
"23384",5,5,"conf_358",500,98,0,4,5
"23385",5,5,"conf_358",1500,98,0,4,5
"23386",5,5,"conf_358",2500,98,0,4,5
"23387",5,5,"conf_358",5000,98,0,4,5
"23388",5,5,"conf_358",7500,98,0,4,5
"23389",5,5,"conf_358",250,99,16.3387084694,4,5
"23390",5,5,"conf_358",500,99,1.4344042021,4,5
"23391",5,5,"conf_358",1500,99,0,4,5
"23392",5,5,"conf_358",2500,99,0,4,5
"23393",5,5,"conf_358",5000,99,0,4,5
"23394",5,5,"conf_358",7500,99,0,4,5
"23395",5,5,"conf_358",250,100,8.8186185231,4,5
"23396",5,5,"conf_358",500,100,0.5532246027,4,5
"23397",5,5,"conf_358",1500,100,0,4,5
"23398",5,5,"conf_358",2500,100,0,4,5
"23399",5,5,"conf_358",5000,100,0,4,5
"23400",5,5,"conf_358",7500,100,0,4,5
"23401",5,5,"conf_358",250,101,11.5734438626,1,5
"23402",5,5,"conf_358",500,101,4.3982724613,1,5
"23403",5,5,"conf_358",1500,101,0,1,5
"23404",5,5,"conf_358",2500,101,0,1,5
"23405",5,5,"conf_358",5000,101,0,1,5
"23406",5,5,"conf_358",7500,101,0,1,5
"23407",5,5,"conf_358",250,102,17.1648057872,1,5
"23408",5,5,"conf_358",500,102,0.9640953467,1,5
"23409",5,5,"conf_358",1500,102,0,1,5
"23410",5,5,"conf_358",2500,102,0,1,5
"23411",5,5,"conf_358",5000,102,0,1,5
"23412",5,5,"conf_358",7500,102,0,1,5
"23413",5,5,"conf_358",250,103,10.8603001067,1,5
"23414",5,5,"conf_358",500,103,1.1188803747,1,5
"23415",5,5,"conf_358",1500,103,0,1,5
"23416",5,5,"conf_358",2500,103,0,1,5
"23417",5,5,"conf_358",5000,103,0,1,5
"23418",5,5,"conf_358",7500,103,0,1,5
"23419",5,5,"conf_358",250,104,19.5865001971,1,5
"23420",5,5,"conf_358",500,104,0,1,5
"23421",5,5,"conf_358",1500,104,0,1,5
"23422",5,5,"conf_358",2500,104,0,1,5
"23423",5,5,"conf_358",5000,104,0,1,5
"23424",5,5,"conf_358",7500,104,0,1,5
"23425",5,5,"conf_358",250,105,8.771605485,1,5
"23426",5,5,"conf_358",500,105,0,1,5
"23427",5,5,"conf_358",1500,105,0,1,5
"23428",5,5,"conf_358",2500,105,0,1,5
"23429",5,5,"conf_358",5000,105,0,1,5
"23430",5,5,"conf_358",7500,105,0,1,5
"23431",5,5,"conf_358",250,106,0.5751431604,1,5
"23432",5,5,"conf_358",500,106,0,1,5
"23433",5,5,"conf_358",1500,106,0,1,5
"23434",5,5,"conf_358",2500,106,0,1,5
"23435",5,5,"conf_358",5000,106,0,1,5
"23436",5,5,"conf_358",7500,106,0,1,5
"23437",5,5,"conf_358",250,107,6.0414608316,1,5
"23438",5,5,"conf_358",500,107,0,1,5
"23439",5,5,"conf_358",1500,107,0,1,5
"23440",5,5,"conf_358",2500,107,0,1,5
"23441",5,5,"conf_358",5000,107,0,1,5
"23442",5,5,"conf_358",7500,107,0,1,5
"23443",5,5,"conf_358",250,108,4.3603301175,1,5
"23444",5,5,"conf_358",500,108,0,1,5
"23445",5,5,"conf_358",1500,108,0,1,5
"23446",5,5,"conf_358",2500,108,0,1,5
"23447",5,5,"conf_358",5000,108,0,1,5
"23448",5,5,"conf_358",7500,108,0,1,5
"23449",5,5,"conf_358",250,109,19.3026751906,1,5
"23450",5,5,"conf_358",500,109,0.203988669,1,5
"23451",5,5,"conf_358",1500,109,0,1,5
"23452",5,5,"conf_358",2500,109,0,1,5
"23453",5,5,"conf_358",5000,109,0,1,5
"23454",5,5,"conf_358",7500,109,0,1,5
"23455",5,5,"conf_358",250,110,16.2545127553,1,5
"23456",5,5,"conf_358",500,110,0,1,5
"23457",5,5,"conf_358",1500,110,0,1,5
"23458",5,5,"conf_358",2500,110,0,1,5
"23459",5,5,"conf_358",5000,110,0,1,5
"23460",5,5,"conf_358",7500,110,0,1,5
"23461",5,5,"conf_358",250,111,11.1735297308,1,5
"23462",5,5,"conf_358",500,111,0,1,5
"23463",5,5,"conf_358",1500,111,0,1,5
"23464",5,5,"conf_358",2500,111,0,1,5
"23465",5,5,"conf_358",5000,111,0,1,5
"23466",5,5,"conf_358",7500,111,0,1,5
"23467",5,5,"conf_358",250,112,8.2033203066,1,5
"23468",5,5,"conf_358",500,112,0.9434740675,1,5
"23469",5,5,"conf_358",1500,112,0,1,5
"23470",5,5,"conf_358",2500,112,0,1,5
"23471",5,5,"conf_358",5000,112,0,1,5
"23472",5,5,"conf_358",7500,112,0,1,5
"23473",5,5,"conf_358",250,113,7.2802416787,1,5
"23474",5,5,"conf_358",500,113,0,1,5
"23475",5,5,"conf_358",1500,113,0,1,5
"23476",5,5,"conf_358",2500,113,0,1,5
"23477",5,5,"conf_358",5000,113,0,1,5
"23478",5,5,"conf_358",7500,113,0,1,5
"23479",5,5,"conf_358",250,114,3.7146839457,1,5
"23480",5,5,"conf_358",500,114,0,1,5
"23481",5,5,"conf_358",1500,114,0,1,5
"23482",5,5,"conf_358",2500,114,0,1,5
"23483",5,5,"conf_358",5000,114,0,1,5
"23484",5,5,"conf_358",7500,114,0,1,5
"23485",5,5,"conf_358",250,115,7.883250472,1,5
"23486",5,5,"conf_358",500,115,0,1,5
"23487",5,5,"conf_358",1500,115,0,1,5
"23488",5,5,"conf_358",2500,115,0,1,5
"23489",5,5,"conf_358",5000,115,0,1,5
"23490",5,5,"conf_358",7500,115,0,1,5
"23491",5,5,"conf_358",250,116,2.1340432748,1,5
"23492",5,5,"conf_358",500,116,1.1726888349,1,5
"23493",5,5,"conf_358",1500,116,0,1,5
"23494",5,5,"conf_358",2500,116,0,1,5
"23495",5,5,"conf_358",5000,116,0,1,5
"23496",5,5,"conf_358",7500,116,0,1,5
"23497",5,5,"conf_358",250,117,9.7867351685,1,5
"23498",5,5,"conf_358",500,117,0,1,5
"23499",5,5,"conf_358",1500,117,0,1,5
"23500",5,5,"conf_358",2500,117,0,1,5
"23501",5,5,"conf_358",5000,117,0,1,5
"23502",5,5,"conf_358",7500,117,0,1,5
"23503",5,5,"conf_358",250,118,7.6709950664,1,5
"23504",5,5,"conf_358",500,118,2.5764293144,1,5
"23505",5,5,"conf_358",1500,118,0,1,5
"23506",5,5,"conf_358",2500,118,0,1,5
"23507",5,5,"conf_358",5000,118,0,1,5
"23508",5,5,"conf_358",7500,118,0,1,5
"23509",5,5,"conf_358",250,119,3.9007768334,1,5
"23510",5,5,"conf_358",500,119,0,1,5
"23511",5,5,"conf_358",1500,119,0,1,5
"23512",5,5,"conf_358",2500,119,0,1,5
"23513",5,5,"conf_358",5000,119,0,1,5
"23514",5,5,"conf_358",7500,119,0,1,5
"23515",5,5,"conf_358",250,120,4.7813202152,1,5
"23516",5,5,"conf_358",500,120,0,1,5
"23517",5,5,"conf_358",1500,120,0,1,5
"23518",5,5,"conf_358",2500,120,0,1,5
"23519",5,5,"conf_358",5000,120,0,1,5
"23520",5,5,"conf_358",7500,120,0,1,5
"23521",5,5,"conf_358",250,121,11.7930132266,1,5
"23522",5,5,"conf_358",500,121,0.5068210992,1,5
"23523",5,5,"conf_358",1500,121,0,1,5
"23524",5,5,"conf_358",2500,121,0,1,5
"23525",5,5,"conf_358",5000,121,0,1,5
"23526",5,5,"conf_358",7500,121,0,1,5
"23527",5,5,"conf_358",250,122,12.6036388595,1,5
"23528",5,5,"conf_358",500,122,0,1,5
"23529",5,5,"conf_358",1500,122,0,1,5
"23530",5,5,"conf_358",2500,122,0,1,5
"23531",5,5,"conf_358",5000,122,0,1,5
"23532",5,5,"conf_358",7500,122,0,1,5
"23533",5,5,"conf_358",250,123,8.0659215228,1,5
"23534",5,5,"conf_358",500,123,0,1,5
"23535",5,5,"conf_358",1500,123,0,1,5
"23536",5,5,"conf_358",2500,123,0,1,5
"23537",5,5,"conf_358",5000,123,0,1,5
"23538",5,5,"conf_358",7500,123,0,1,5
"23539",5,5,"conf_358",250,124,8.6970769897,1,5
"23540",5,5,"conf_358",500,124,1.0576086966,1,5
"23541",5,5,"conf_358",1500,124,0,1,5
"23542",5,5,"conf_358",2500,124,0,1,5
"23543",5,5,"conf_358",5000,124,0,1,5
"23544",5,5,"conf_358",7500,124,0,1,5
"23545",5,5,"conf_358",250,125,7.1518687743,1,5
"23546",5,5,"conf_358",500,125,0.6043977563,1,5
"23547",5,5,"conf_358",1500,125,0,1,5
"23548",5,5,"conf_358",2500,125,0,1,5
"23549",5,5,"conf_358",5000,125,0,1,5
"23550",5,5,"conf_358",7500,125,0,1,5
"23551",5,5,"conf_358",250,126,13.9623877358,1,5
"23552",5,5,"conf_358",500,126,0,1,5
"23553",5,5,"conf_358",1500,126,0,1,5
"23554",5,5,"conf_358",2500,126,0,1,5
"23555",5,5,"conf_358",5000,126,0,1,5
"23556",5,5,"conf_358",7500,126,0,1,5
"23557",5,5,"conf_358",250,127,10.2037958137,1,5
"23558",5,5,"conf_358",500,127,0,1,5
"23559",5,5,"conf_358",1500,127,0,1,5
"23560",5,5,"conf_358",2500,127,0,1,5
"23561",5,5,"conf_358",5000,127,0,1,5
"23562",5,5,"conf_358",7500,127,0,1,5
"23563",5,5,"conf_358",250,128,11.1555627725,1,5
"23564",5,5,"conf_358",500,128,0,1,5
"23565",5,5,"conf_358",1500,128,0,1,5
"23566",5,5,"conf_358",2500,128,0,1,5
"23567",5,5,"conf_358",5000,128,0,1,5
"23568",5,5,"conf_358",7500,128,0,1,5
"23569",5,5,"conf_358",250,129,13.1073892415,1,5
"23570",5,5,"conf_358",500,129,0,1,5
"23571",5,5,"conf_358",1500,129,0,1,5
"23572",5,5,"conf_358",2500,129,0,1,5
"23573",5,5,"conf_358",5000,129,0,1,5
"23574",5,5,"conf_358",7500,129,0,1,5
"23575",5,5,"conf_358",250,130,3.1516185306,1,5
"23576",5,5,"conf_358",500,130,0,1,5
"23577",5,5,"conf_358",1500,130,0,1,5
"23578",5,5,"conf_358",2500,130,0,1,5
"23579",5,5,"conf_358",5000,130,0,1,5
"23580",5,5,"conf_358",7500,130,0,1,5
"23581",5,5,"conf_358",250,131,8.5972619589,1,5
"23582",5,5,"conf_358",500,131,1.2321030407,1,5
"23583",5,5,"conf_358",1500,131,0,1,5
"23584",5,5,"conf_358",2500,131,0,1,5
"23585",5,5,"conf_358",5000,131,0,1,5
"23586",5,5,"conf_358",7500,131,0,1,5
"23587",5,5,"conf_358",250,132,10.1492829786,1,5
"23588",5,5,"conf_358",500,132,0.5486104757,1,5
"23589",5,5,"conf_358",1500,132,0,1,5
"23590",5,5,"conf_358",2500,132,0,1,5
"23591",5,5,"conf_358",5000,132,0,1,5
"23592",5,5,"conf_358",7500,132,0,1,5
"23593",5,5,"conf_358",250,133,7.0536662625,1,5
"23594",5,5,"conf_358",500,133,0.101664043,1,5
"23595",5,5,"conf_358",1500,133,0,1,5
"23596",5,5,"conf_358",2500,133,0,1,5
"23597",5,5,"conf_358",5000,133,0,1,5
"23598",5,5,"conf_358",7500,133,0,1,5
"23599",5,5,"conf_358",250,134,14.237565633,1,5
"23600",5,5,"conf_358",500,134,0,1,5
"23601",5,5,"conf_358",1500,134,0,1,5
"23602",5,5,"conf_358",2500,134,0,1,5
"23603",5,5,"conf_358",5000,134,0,1,5
"23604",5,5,"conf_358",7500,134,0,1,5
"23605",5,5,"conf_358",250,135,4.8554169986,1,5
"23606",5,5,"conf_358",500,135,3.0505154108,1,5
"23607",5,5,"conf_358",1500,135,0,1,5
"23608",5,5,"conf_358",2500,135,0,1,5
"23609",5,5,"conf_358",5000,135,0,1,5
"23610",5,5,"conf_358",7500,135,0,1,5
"23611",5,5,"conf_358",250,136,1.0802373647,1,5
"23612",5,5,"conf_358",500,136,1.0802373647,1,5
"23613",5,5,"conf_358",1500,136,0,1,5
"23614",5,5,"conf_358",2500,136,0,1,5
"23615",5,5,"conf_358",5000,136,0,1,5
"23616",5,5,"conf_358",7500,136,0,1,5
"23617",5,5,"conf_358",250,137,14.9820132723,1,5
"23618",5,5,"conf_358",500,137,0.8663677928,1,5
"23619",5,5,"conf_358",1500,137,0,1,5
"23620",5,5,"conf_358",2500,137,0,1,5
"23621",5,5,"conf_358",5000,137,0,1,5
"23622",5,5,"conf_358",7500,137,0,1,5
"23623",5,5,"conf_358",250,138,17.2349098456,1,5
"23624",5,5,"conf_358",500,138,1.1984829483,1,5
"23625",5,5,"conf_358",1500,138,0,1,5
"23626",5,5,"conf_358",2500,138,0,1,5
"23627",5,5,"conf_358",5000,138,0,1,5
"23628",5,5,"conf_358",7500,138,0,1,5
"23629",5,5,"conf_358",250,139,3.4299148603,1,5
"23630",5,5,"conf_358",500,139,0,1,5
"23631",5,5,"conf_358",1500,139,0,1,5
"23632",5,5,"conf_358",2500,139,0,1,5
"23633",5,5,"conf_358",5000,139,0,1,5
"23634",5,5,"conf_358",7500,139,0,1,5
"23635",5,5,"conf_358",250,140,8.13259579,1,5
"23636",5,5,"conf_358",500,140,0,1,5
"23637",5,5,"conf_358",1500,140,0,1,5
"23638",5,5,"conf_358",2500,140,0,1,5
"23639",5,5,"conf_358",5000,140,0,1,5
"23640",5,5,"conf_358",7500,140,0,1,5
"23641",5,5,"conf_358",250,141,3.4339552299,1,5
"23642",5,5,"conf_358",500,141,0,1,5
"23643",5,5,"conf_358",1500,141,0,1,5
"23644",5,5,"conf_358",2500,141,0,1,5
"23645",5,5,"conf_358",5000,141,0,1,5
"23646",5,5,"conf_358",7500,141,0,1,5
"23647",5,5,"conf_358",250,142,8.0058237296,1,5
"23648",5,5,"conf_358",500,142,0,1,5
"23649",5,5,"conf_358",1500,142,0,1,5
"23650",5,5,"conf_358",2500,142,0,1,5
"23651",5,5,"conf_358",5000,142,0,1,5
"23652",5,5,"conf_358",7500,142,0,1,5
"23653",5,5,"conf_358",250,143,4.7904788121,1,5
"23654",5,5,"conf_358",500,143,0,1,5
"23655",5,5,"conf_358",1500,143,0,1,5
"23656",5,5,"conf_358",2500,143,0,1,5
"23657",5,5,"conf_358",5000,143,0,1,5
"23658",5,5,"conf_358",7500,143,0,1,5
"23659",5,5,"conf_358",250,144,2.6907936153,1,5
"23660",5,5,"conf_358",500,144,0,1,5
"23661",5,5,"conf_358",1500,144,0,1,5
"23662",5,5,"conf_358",2500,144,0,1,5
"23663",5,5,"conf_358",5000,144,0,1,5
"23664",5,5,"conf_358",7500,144,0,1,5
"23665",5,5,"conf_358",250,145,4.327838362,1,5
"23666",5,5,"conf_358",500,145,0,1,5
"23667",5,5,"conf_358",1500,145,0,1,5
"23668",5,5,"conf_358",2500,145,0,1,5
"23669",5,5,"conf_358",5000,145,0,1,5
"23670",5,5,"conf_358",7500,145,0,1,5
"23671",5,5,"conf_358",250,146,30.7065881257,1,5
"23672",5,5,"conf_358",500,146,2.3892240551,1,5
"23673",5,5,"conf_358",1500,146,0,1,5
"23674",5,5,"conf_358",2500,146,0,1,5
"23675",5,5,"conf_358",5000,146,0,1,5
"23676",5,5,"conf_358",7500,146,0,1,5
"23677",5,5,"conf_358",250,147,2.0664284108,1,5
"23678",5,5,"conf_358",500,147,0,1,5
"23679",5,5,"conf_358",1500,147,0,1,5
"23680",5,5,"conf_358",2500,147,0,1,5
"23681",5,5,"conf_358",5000,147,0,1,5
"23682",5,5,"conf_358",7500,147,0,1,5
"23683",5,5,"conf_358",250,148,6.752258622,1,5
"23684",5,5,"conf_358",500,148,0,1,5
"23685",5,5,"conf_358",1500,148,0,1,5
"23686",5,5,"conf_358",2500,148,0,1,5
"23687",5,5,"conf_358",5000,148,0,1,5
"23688",5,5,"conf_358",7500,148,0,1,5
"23689",5,5,"conf_358",250,149,9.8892325512,1,5
"23690",5,5,"conf_358",500,149,0,1,5
"23691",5,5,"conf_358",1500,149,0,1,5
"23692",5,5,"conf_358",2500,149,0,1,5
"23693",5,5,"conf_358",5000,149,0,1,5
"23694",5,5,"conf_358",7500,149,0,1,5
"23695",5,5,"conf_358",250,150,12.4962167304,1,5
"23696",5,5,"conf_358",500,150,0,1,5
"23697",5,5,"conf_358",1500,150,0,1,5
"23698",5,5,"conf_358",2500,150,0,1,5
"23699",5,5,"conf_358",5000,150,0,1,5
"23700",5,5,"conf_358",7500,150,0,1,5
"23701",5,5,"conf_358",250,151,4.5119886964,3,5
"23702",5,5,"conf_358",500,151,1.4291977446,3,5
"23703",5,5,"conf_358",1500,151,0,3,5
"23704",5,5,"conf_358",2500,151,0,3,5
"23705",5,5,"conf_358",5000,151,0,3,5
"23706",5,5,"conf_358",7500,151,0,3,5
"23707",5,5,"conf_358",250,152,3.8399031244,3,5
"23708",5,5,"conf_358",500,152,0,3,5
"23709",5,5,"conf_358",1500,152,0,3,5
"23710",5,5,"conf_358",2500,152,0,3,5
"23711",5,5,"conf_358",5000,152,0,3,5
"23712",5,5,"conf_358",7500,152,0,3,5
"23713",5,5,"conf_358",250,153,14.4546200637,3,5
"23714",5,5,"conf_358",500,153,1.0881545978,3,5
"23715",5,5,"conf_358",1500,153,0,3,5
"23716",5,5,"conf_358",2500,153,0,3,5
"23717",5,5,"conf_358",5000,153,0,3,5
"23718",5,5,"conf_358",7500,153,0,3,5
"23719",5,5,"conf_358",250,154,7.6577236831,3,5
"23720",5,5,"conf_358",500,154,3.833956658,3,5
"23721",5,5,"conf_358",1500,154,0,3,5
"23722",5,5,"conf_358",2500,154,0,3,5
"23723",5,5,"conf_358",5000,154,0,3,5
"23724",5,5,"conf_358",7500,154,0,3,5
"23725",5,5,"conf_358",250,155,10.4194998589,3,5
"23726",5,5,"conf_358",500,155,0,3,5
"23727",5,5,"conf_358",1500,155,0,3,5
"23728",5,5,"conf_358",2500,155,0,3,5
"23729",5,5,"conf_358",5000,155,0,3,5
"23730",5,5,"conf_358",7500,155,0,3,5
"23731",5,5,"conf_358",250,156,11.9555508381,3,5
"23732",5,5,"conf_358",500,156,0,3,5
"23733",5,5,"conf_358",1500,156,0,3,5
"23734",5,5,"conf_358",2500,156,0,3,5
"23735",5,5,"conf_358",5000,156,0,3,5
"23736",5,5,"conf_358",7500,156,0,3,5
"23737",5,5,"conf_358",250,157,7.4409922358,3,5
"23738",5,5,"conf_358",500,157,0,3,5
"23739",5,5,"conf_358",1500,157,0,3,5
"23740",5,5,"conf_358",2500,157,0,3,5
"23741",5,5,"conf_358",5000,157,0,3,5
"23742",5,5,"conf_358",7500,157,0,3,5
"23743",5,5,"conf_358",250,158,4.9394223264,3,5
"23744",5,5,"conf_358",500,158,0,3,5
"23745",5,5,"conf_358",1500,158,0,3,5
"23746",5,5,"conf_358",2500,158,0,3,5
"23747",5,5,"conf_358",5000,158,0,3,5
"23748",5,5,"conf_358",7500,158,0,3,5
"23749",5,5,"conf_358",250,159,13.3310513134,3,5
"23750",5,5,"conf_358",500,159,1.3529787848,3,5
"23751",5,5,"conf_358",1500,159,0,3,5
"23752",5,5,"conf_358",2500,159,0,3,5
"23753",5,5,"conf_358",5000,159,0,3,5
"23754",5,5,"conf_358",7500,159,0,3,5
"23755",5,5,"conf_358",250,160,8.8298184196,3,5
"23756",5,5,"conf_358",500,160,3.3138890727,3,5
"23757",5,5,"conf_358",1500,160,0,3,5
"23758",5,5,"conf_358",2500,160,0,3,5
"23759",5,5,"conf_358",5000,160,0,3,5
"23760",5,5,"conf_358",7500,160,0,3,5
"23761",5,5,"conf_358",250,161,19.4785651958,3,5
"23762",5,5,"conf_358",500,161,0,3,5
"23763",5,5,"conf_358",1500,161,0,3,5
"23764",5,5,"conf_358",2500,161,0,3,5
"23765",5,5,"conf_358",5000,161,0,3,5
"23766",5,5,"conf_358",7500,161,0,3,5
"23767",5,5,"conf_358",250,162,6.6533163449,3,5
"23768",5,5,"conf_358",500,162,0.1724046362,3,5
"23769",5,5,"conf_358",1500,162,0,3,5
"23770",5,5,"conf_358",2500,162,0,3,5
"23771",5,5,"conf_358",5000,162,0,3,5
"23772",5,5,"conf_358",7500,162,0,3,5
"23773",5,5,"conf_358",250,163,8.7054227933,3,5
"23774",5,5,"conf_358",500,163,2.1394517711,3,5
"23775",5,5,"conf_358",1500,163,0,3,5
"23776",5,5,"conf_358",2500,163,0,3,5
"23777",5,5,"conf_358",5000,163,0,3,5
"23778",5,5,"conf_358",7500,163,0,3,5
"23779",5,5,"conf_358",250,164,9.1738087432,3,5
"23780",5,5,"conf_358",500,164,0,3,5
"23781",5,5,"conf_358",1500,164,0,3,5
"23782",5,5,"conf_358",2500,164,0,3,5
"23783",5,5,"conf_358",5000,164,0,3,5
"23784",5,5,"conf_358",7500,164,0,3,5
"23785",5,5,"conf_358",250,165,6.5655802256,3,5
"23786",5,5,"conf_358",500,165,0,3,5
"23787",5,5,"conf_358",1500,165,0,3,5
"23788",5,5,"conf_358",2500,165,0,3,5
"23789",5,5,"conf_358",5000,165,0,3,5
"23790",5,5,"conf_358",7500,165,0,3,5
"23791",5,5,"conf_358",250,166,18.9802992629,3,5
"23792",5,5,"conf_358",500,166,0,3,5
"23793",5,5,"conf_358",1500,166,0,3,5
"23794",5,5,"conf_358",2500,166,0,3,5
"23795",5,5,"conf_358",5000,166,0,3,5
"23796",5,5,"conf_358",7500,166,0,3,5
"23797",5,5,"conf_358",250,167,5.7526070447,3,5
"23798",5,5,"conf_358",500,167,0,3,5
"23799",5,5,"conf_358",1500,167,0,3,5
"23800",5,5,"conf_358",2500,167,0,3,5
"23801",5,5,"conf_358",5000,167,0,3,5
"23802",5,5,"conf_358",7500,167,0,3,5
"23803",5,5,"conf_358",250,168,9.0350770773,3,5
"23804",5,5,"conf_358",500,168,0,3,5
"23805",5,5,"conf_358",1500,168,0,3,5
"23806",5,5,"conf_358",2500,168,0,3,5
"23807",5,5,"conf_358",5000,168,0,3,5
"23808",5,5,"conf_358",7500,168,0,3,5
"23809",5,5,"conf_358",250,169,8.4125089013,3,5
"23810",5,5,"conf_358",500,169,0.4871141664,3,5
"23811",5,5,"conf_358",1500,169,0,3,5
"23812",5,5,"conf_358",2500,169,0,3,5
"23813",5,5,"conf_358",5000,169,0,3,5
"23814",5,5,"conf_358",7500,169,0,3,5
"23815",5,5,"conf_358",250,170,6.997215278,3,5
"23816",5,5,"conf_358",500,170,0,3,5
"23817",5,5,"conf_358",1500,170,0,3,5
"23818",5,5,"conf_358",2500,170,0,3,5
"23819",5,5,"conf_358",5000,170,0,3,5
"23820",5,5,"conf_358",7500,170,0,3,5
"23821",5,5,"conf_358",250,171,16.9170611521,3,5
"23822",5,5,"conf_358",500,171,0.0339083308,3,5
"23823",5,5,"conf_358",1500,171,0,3,5
"23824",5,5,"conf_358",2500,171,0,3,5
"23825",5,5,"conf_358",5000,171,0,3,5
"23826",5,5,"conf_358",7500,171,0,3,5
"23827",5,5,"conf_358",250,172,12.8378556996,3,5
"23828",5,5,"conf_358",500,172,0,3,5
"23829",5,5,"conf_358",1500,172,0,3,5
"23830",5,5,"conf_358",2500,172,0,3,5
"23831",5,5,"conf_358",5000,172,0,3,5
"23832",5,5,"conf_358",7500,172,0,3,5
"23833",5,5,"conf_358",250,173,7.9632927655,3,5
"23834",5,5,"conf_358",500,173,0.3506245294,3,5
"23835",5,5,"conf_358",1500,173,0,3,5
"23836",5,5,"conf_358",2500,173,0,3,5
"23837",5,5,"conf_358",5000,173,0,3,5
"23838",5,5,"conf_358",7500,173,0,3,5
"23839",5,5,"conf_358",250,174,5.2770088752,3,5
"23840",5,5,"conf_358",500,174,0,3,5
"23841",5,5,"conf_358",1500,174,0,3,5
"23842",5,5,"conf_358",2500,174,0,3,5
"23843",5,5,"conf_358",5000,174,0,3,5
"23844",5,5,"conf_358",7500,174,0,3,5
"23845",5,5,"conf_358",250,175,11.5042651456,3,5
"23846",5,5,"conf_358",500,175,0,3,5
"23847",5,5,"conf_358",1500,175,0,3,5
"23848",5,5,"conf_358",2500,175,0,3,5
"23849",5,5,"conf_358",5000,175,0,3,5
"23850",5,5,"conf_358",7500,175,0,3,5
"23851",5,5,"conf_358",250,176,8.9788220306,3,5
"23852",5,5,"conf_358",500,176,1.0876858491,3,5
"23853",5,5,"conf_358",1500,176,0,3,5
"23854",5,5,"conf_358",2500,176,0,3,5
"23855",5,5,"conf_358",5000,176,0,3,5
"23856",5,5,"conf_358",7500,176,0,3,5
"23857",5,5,"conf_358",250,177,8.8882203629,3,5
"23858",5,5,"conf_358",500,177,0,3,5
"23859",5,5,"conf_358",1500,177,0,3,5
"23860",5,5,"conf_358",2500,177,0,3,5
"23861",5,5,"conf_358",5000,177,0,3,5
"23862",5,5,"conf_358",7500,177,0,3,5
"23863",5,5,"conf_358",250,178,3.4641121532,3,5
"23864",5,5,"conf_358",500,178,0,3,5
"23865",5,5,"conf_358",1500,178,0,3,5
"23866",5,5,"conf_358",2500,178,0,3,5
"23867",5,5,"conf_358",5000,178,0,3,5
"23868",5,5,"conf_358",7500,178,0,3,5
"23869",5,5,"conf_358",250,179,8.4043889794,3,5
"23870",5,5,"conf_358",500,179,0,3,5
"23871",5,5,"conf_358",1500,179,0,3,5
"23872",5,5,"conf_358",2500,179,0,3,5
"23873",5,5,"conf_358",5000,179,0,3,5
"23874",5,5,"conf_358",7500,179,0,3,5
"23875",5,5,"conf_358",250,180,5.5392958318,3,5
"23876",5,5,"conf_358",500,180,0,3,5
"23877",5,5,"conf_358",1500,180,0,3,5
"23878",5,5,"conf_358",2500,180,0,3,5
"23879",5,5,"conf_358",5000,180,0,3,5
"23880",5,5,"conf_358",7500,180,0,3,5
"23881",5,5,"conf_358",250,181,6.8891514587,3,5
"23882",5,5,"conf_358",500,181,0,3,5
"23883",5,5,"conf_358",1500,181,0,3,5
"23884",5,5,"conf_358",2500,181,0,3,5
"23885",5,5,"conf_358",5000,181,0,3,5
"23886",5,5,"conf_358",7500,181,0,3,5
"23887",5,5,"conf_358",250,182,7.1481122888,3,5
"23888",5,5,"conf_358",500,182,2.8521615206,3,5
"23889",5,5,"conf_358",1500,182,0,3,5
"23890",5,5,"conf_358",2500,182,0,3,5
"23891",5,5,"conf_358",5000,182,0,3,5
"23892",5,5,"conf_358",7500,182,0,3,5
"23893",5,5,"conf_358",250,183,4.4103244072,3,5
"23894",5,5,"conf_358",500,183,1.2712661885,3,5
"23895",5,5,"conf_358",1500,183,0,3,5
"23896",5,5,"conf_358",2500,183,0,3,5
"23897",5,5,"conf_358",5000,183,0,3,5
"23898",5,5,"conf_358",7500,183,0,3,5
"23899",5,5,"conf_358",250,184,12.4472806329,3,5
"23900",5,5,"conf_358",500,184,0,3,5
"23901",5,5,"conf_358",1500,184,0,3,5
"23902",5,5,"conf_358",2500,184,0,3,5
"23903",5,5,"conf_358",5000,184,0,3,5
"23904",5,5,"conf_358",7500,184,0,3,5
"23905",5,5,"conf_358",250,185,9.0811264114,3,5
"23906",5,5,"conf_358",500,185,0,3,5
"23907",5,5,"conf_358",1500,185,0,3,5
"23908",5,5,"conf_358",2500,185,0,3,5
"23909",5,5,"conf_358",5000,185,0,3,5
"23910",5,5,"conf_358",7500,185,0,3,5
"23911",5,5,"conf_358",250,186,3.9864646547,3,5
"23912",5,5,"conf_358",500,186,0,3,5
"23913",5,5,"conf_358",1500,186,0,3,5
"23914",5,5,"conf_358",2500,186,0,3,5
"23915",5,5,"conf_358",5000,186,0,3,5
"23916",5,5,"conf_358",7500,186,0,3,5
"23917",5,5,"conf_358",250,187,14.0328695194,3,5
"23918",5,5,"conf_358",500,187,1.668886915,3,5
"23919",5,5,"conf_358",1500,187,0,3,5
"23920",5,5,"conf_358",2500,187,0,3,5
"23921",5,5,"conf_358",5000,187,0,3,5
"23922",5,5,"conf_358",7500,187,0,3,5
"23923",5,5,"conf_358",250,188,3.9011660869,3,5
"23924",5,5,"conf_358",500,188,0,3,5
"23925",5,5,"conf_358",1500,188,0,3,5
"23926",5,5,"conf_358",2500,188,0,3,5
"23927",5,5,"conf_358",5000,188,0,3,5
"23928",5,5,"conf_358",7500,188,0,3,5
"23929",5,5,"conf_358",250,189,10.4594747451,3,5
"23930",5,5,"conf_358",500,189,0.3972881616,3,5
"23931",5,5,"conf_358",1500,189,0,3,5
"23932",5,5,"conf_358",2500,189,0,3,5
"23933",5,5,"conf_358",5000,189,0,3,5
"23934",5,5,"conf_358",7500,189,0,3,5
"23935",5,5,"conf_358",250,190,7.7203069145,3,5
"23936",5,5,"conf_358",500,190,0,3,5
"23937",5,5,"conf_358",1500,190,0,3,5
"23938",5,5,"conf_358",2500,190,0,3,5
"23939",5,5,"conf_358",5000,190,0,3,5
"23940",5,5,"conf_358",7500,190,0,3,5
"23941",5,5,"conf_358",250,191,5.0631634249,3,5
"23942",5,5,"conf_358",500,191,0.1149092141,3,5
"23943",5,5,"conf_358",1500,191,0,3,5
"23944",5,5,"conf_358",2500,191,0,3,5
"23945",5,5,"conf_358",5000,191,0,3,5
"23946",5,5,"conf_358",7500,191,0,3,5
"23947",5,5,"conf_358",250,192,9.7493385867,3,5
"23948",5,5,"conf_358",500,192,0,3,5
"23949",5,5,"conf_358",1500,192,0,3,5
"23950",5,5,"conf_358",2500,192,0,3,5
"23951",5,5,"conf_358",5000,192,0,3,5
"23952",5,5,"conf_358",7500,192,0,3,5
"23953",5,5,"conf_358",250,193,19.9495016621,3,5
"23954",5,5,"conf_358",500,193,0,3,5
"23955",5,5,"conf_358",1500,193,0,3,5
"23956",5,5,"conf_358",2500,193,0,3,5
"23957",5,5,"conf_358",5000,193,0,3,5
"23958",5,5,"conf_358",7500,193,0,3,5
"23959",5,5,"conf_358",250,194,19.6076337665,3,5
"23960",5,5,"conf_358",500,194,0.0503760423,3,5
"23961",5,5,"conf_358",1500,194,0,3,5
"23962",5,5,"conf_358",2500,194,0,3,5
"23963",5,5,"conf_358",5000,194,0,3,5
"23964",5,5,"conf_358",7500,194,0,3,5
"23965",5,5,"conf_358",250,195,1.5997646952,3,5
"23966",5,5,"conf_358",500,195,0,3,5
"23967",5,5,"conf_358",1500,195,0,3,5
"23968",5,5,"conf_358",2500,195,0,3,5
"23969",5,5,"conf_358",5000,195,0,3,5
"23970",5,5,"conf_358",7500,195,0,3,5
"23971",5,5,"conf_358",250,196,3.6293744358,3,5
"23972",5,5,"conf_358",500,196,1.6185174857,3,5
"23973",5,5,"conf_358",1500,196,0,3,5
"23974",5,5,"conf_358",2500,196,0,3,5
"23975",5,5,"conf_358",5000,196,0,3,5
"23976",5,5,"conf_358",7500,196,0,3,5
"23977",5,5,"conf_358",250,197,3.8575645238,3,5
"23978",5,5,"conf_358",500,197,1.6369721671,3,5
"23979",5,5,"conf_358",1500,197,0,3,5
"23980",5,5,"conf_358",2500,197,0,3,5
"23981",5,5,"conf_358",5000,197,0,3,5
"23982",5,5,"conf_358",7500,197,0,3,5
"23983",5,5,"conf_358",250,198,2.5924945328,3,5
"23984",5,5,"conf_358",500,198,0,3,5
"23985",5,5,"conf_358",1500,198,0,3,5
"23986",5,5,"conf_358",2500,198,0,3,5
"23987",5,5,"conf_358",5000,198,0,3,5
"23988",5,5,"conf_358",7500,198,0,3,5
"23989",5,5,"conf_358",250,199,3.3628713683,3,5
"23990",5,5,"conf_358",500,199,0,3,5
"23991",5,5,"conf_358",1500,199,0,3,5
"23992",5,5,"conf_358",2500,199,0,3,5
"23993",5,5,"conf_358",5000,199,0,3,5
"23994",5,5,"conf_358",7500,199,0,3,5
"23995",5,5,"conf_358",250,200,8.7248867909,3,5
"23996",5,5,"conf_358",500,200,0.525897034,3,5
"23997",5,5,"conf_358",1500,200,0,3,5
"23998",5,5,"conf_358",2500,200,0,3,5
"23999",5,5,"conf_358",5000,200,0,3,5
"24000",5,5,"conf_358",7500,200,0,3,5
"24001",5,6,"conf_358",250,1,12.9417799442,2,5
"24002",5,6,"conf_358",500,1,12.9417799442,2,5
"24003",5,6,"conf_358",1500,1,12.4301904092,2,5
"24004",5,6,"conf_358",2500,1,3.7754597237,2,5
"24005",5,6,"conf_358",5000,1,2.6498135171,2,5
"24006",5,6,"conf_358",7500,1,0.7087949664,2,5
"24007",5,6,"conf_358",250,2,47.2124849334,2,5
"24008",5,6,"conf_358",500,2,26.0463722215,2,5
"24009",5,6,"conf_358",1500,2,7.077014275,2,5
"24010",5,6,"conf_358",2500,2,7.077014275,2,5
"24011",5,6,"conf_358",5000,2,2.6818095573,2,5
"24012",5,6,"conf_358",7500,2,1.7446136176,2,5
"24013",5,6,"conf_358",250,3,55.3215424302,2,5
"24014",5,6,"conf_358",500,3,52.9353669053,2,5
"24015",5,6,"conf_358",1500,3,8.5703850826,2,5
"24016",5,6,"conf_358",2500,3,4.0997940748,2,5
"24017",5,6,"conf_358",5000,3,1.3804701205,2,5
"24018",5,6,"conf_358",7500,3,1.3549138091,2,5
"24019",5,6,"conf_358",250,4,35.5562983778,2,5
"24020",5,6,"conf_358",500,4,35.1921882949,2,5
"24021",5,6,"conf_358",1500,4,7.6077923939,2,5
"24022",5,6,"conf_358",2500,4,1.3938924439,2,5
"24023",5,6,"conf_358",5000,4,1.3938924439,2,5
"24024",5,6,"conf_358",7500,4,0.7712268123,2,5
"24025",5,6,"conf_358",250,5,29.8236204801,2,5
"24026",5,6,"conf_358",500,5,6.7800695238,2,5
"24027",5,6,"conf_358",1500,5,5.5090665758,2,5
"24028",5,6,"conf_358",2500,5,5.5090665758,2,5
"24029",5,6,"conf_358",5000,5,1.4204801445,2,5
"24030",5,6,"conf_358",7500,5,0.7330303625,2,5
"24031",5,6,"conf_358",250,6,30.7983081667,2,5
"24032",5,6,"conf_358",500,6,12.4962217578,2,5
"24033",5,6,"conf_358",1500,6,12.3980697804,2,5
"24034",5,6,"conf_358",2500,6,4.0504897993,2,5
"24035",5,6,"conf_358",5000,6,2.9720439659,2,5
"24036",5,6,"conf_358",7500,6,0.7319905268,2,5
"24037",5,6,"conf_358",250,7,59.1887343573,2,5
"24038",5,6,"conf_358",500,7,12.5641869581,2,5
"24039",5,6,"conf_358",1500,7,6.4724672661,2,5
"24040",5,6,"conf_358",2500,7,6.4724672661,2,5
"24041",5,6,"conf_358",5000,7,2.8697561159,2,5
"24042",5,6,"conf_358",7500,7,1.3669667958,2,5
"24043",5,6,"conf_358",250,8,64.2903754398,2,5
"24044",5,6,"conf_358",500,8,55.4770453003,2,5
"24045",5,6,"conf_358",1500,8,16.3037676158,2,5
"24046",5,6,"conf_358",2500,8,10.6572359113,2,5
"24047",5,6,"conf_358",5000,8,5.7681832563,2,5
"24048",5,6,"conf_358",7500,8,1.1628527318,2,5
"24049",5,6,"conf_358",250,9,24.7708882391,2,5
"24050",5,6,"conf_358",500,9,23.5105398549,2,5
"24051",5,6,"conf_358",1500,9,6.3766003163,2,5
"24052",5,6,"conf_358",2500,9,3.9099701538,2,5
"24053",5,6,"conf_358",5000,9,1.3800417575,2,5
"24054",5,6,"conf_358",7500,9,0.7179922831,2,5
"24055",5,6,"conf_358",250,10,33.4979276265,2,5
"24056",5,6,"conf_358",500,10,16.9598390644,2,5
"24057",5,6,"conf_358",1500,10,12.2052487334,2,5
"24058",5,6,"conf_358",2500,10,6.3554924752,2,5
"24059",5,6,"conf_358",5000,10,2.9447879637,2,5
"24060",5,6,"conf_358",7500,10,1.878064543,2,5
"24061",5,6,"conf_358",250,11,48.9252785382,2,5
"24062",5,6,"conf_358",500,11,19.6082287968,2,5
"24063",5,6,"conf_358",1500,11,3.8166984383,2,5
"24064",5,6,"conf_358",2500,11,3.8166984383,2,5
"24065",5,6,"conf_358",5000,11,3.0597294468,2,5
"24066",5,6,"conf_358",7500,11,1.3377139466,2,5
"24067",5,6,"conf_358",250,12,43.7258581666,2,5
"24068",5,6,"conf_358",500,12,31.6583802316,2,5
"24069",5,6,"conf_358",1500,12,9.5264725011,2,5
"24070",5,6,"conf_358",2500,12,5.0407880054,2,5
"24071",5,6,"conf_358",5000,12,3.5647659971,2,5
"24072",5,6,"conf_358",7500,12,1.3279735726,2,5
"24073",5,6,"conf_358",250,13,47.6094270576,2,5
"24074",5,6,"conf_358",500,13,12.7381488433,2,5
"24075",5,6,"conf_358",1500,13,6.92235513,2,5
"24076",5,6,"conf_358",2500,13,6.92235513,2,5
"24077",5,6,"conf_358",5000,13,0.756681501,2,5
"24078",5,6,"conf_358",7500,13,0.357588645,2,5
"24079",5,6,"conf_358",250,14,42.066000354,2,5
"24080",5,6,"conf_358",500,14,7.294254592,2,5
"24081",5,6,"conf_358",1500,14,7.294254592,2,5
"24082",5,6,"conf_358",2500,14,6.6047619647,2,5
"24083",5,6,"conf_358",5000,14,2.9426921292,2,5
"24084",5,6,"conf_358",7500,14,0.7195630755,2,5
"24085",5,6,"conf_358",250,15,43.876746338,2,5
"24086",5,6,"conf_358",500,15,17.0633773336,2,5
"24087",5,6,"conf_358",1500,15,10.6434255237,2,5
"24088",5,6,"conf_358",2500,15,2.5842316331,2,5
"24089",5,6,"conf_358",5000,15,2.3454368153,2,5
"24090",5,6,"conf_358",7500,15,0.6059958497,2,5
"24091",5,6,"conf_358",250,16,23.848416787,2,5
"24092",5,6,"conf_358",500,16,23.848416787,2,5
"24093",5,6,"conf_358",1500,16,9.7779163828,2,5
"24094",5,6,"conf_358",2500,16,9.039558999,2,5
"24095",5,6,"conf_358",5000,16,1.4111847614,2,5
"24096",5,6,"conf_358",7500,16,0.14611207,2,5
"24097",5,6,"conf_358",250,17,21.1448620665,2,5
"24098",5,6,"conf_358",500,17,12.748673053,2,5
"24099",5,6,"conf_358",1500,17,9.1923000111,2,5
"24100",5,6,"conf_358",2500,17,6.2684587444,2,5
"24101",5,6,"conf_358",5000,17,1.7049485567,2,5
"24102",5,6,"conf_358",7500,17,1.176444077,2,5
"24103",5,6,"conf_358",250,18,30.9194807396,2,5
"24104",5,6,"conf_358",500,18,17.6160264572,2,5
"24105",5,6,"conf_358",1500,18,10.3344567553,2,5
"24106",5,6,"conf_358",2500,18,8.8373240274,2,5
"24107",5,6,"conf_358",5000,18,1.3768680001,2,5
"24108",5,6,"conf_358",7500,18,0.9836918498,2,5
"24109",5,6,"conf_358",250,19,50.7699271855,2,5
"24110",5,6,"conf_358",500,19,11.6167635118,2,5
"24111",5,6,"conf_358",1500,19,6.9575717804,2,5
"24112",5,6,"conf_358",2500,19,3.9790726926,2,5
"24113",5,6,"conf_358",5000,19,1.91865738,2,5
"24114",5,6,"conf_358",7500,19,0.6826619002,2,5
"24115",5,6,"conf_358",250,20,64.7359047229,2,5
"24116",5,6,"conf_358",500,20,25.2219985649,2,5
"24117",5,6,"conf_358",1500,20,2.8839626811,2,5
"24118",5,6,"conf_358",2500,20,2.8839626811,2,5
"24119",5,6,"conf_358",5000,20,2.2769847124,2,5
"24120",5,6,"conf_358",7500,20,0.5516458386,2,5
"24121",5,6,"conf_358",250,21,31.1568942275,2,5
"24122",5,6,"conf_358",500,21,31.1568942275,2,5
"24123",5,6,"conf_358",1500,21,11.0179988668,2,5
"24124",5,6,"conf_358",2500,21,2.593697102,2,5
"24125",5,6,"conf_358",5000,21,1.3325517065,2,5
"24126",5,6,"conf_358",7500,21,0.2539621176,2,5
"24127",5,6,"conf_358",250,22,28.0801336468,2,5
"24128",5,6,"conf_358",500,22,17.8084074875,2,5
"24129",5,6,"conf_358",1500,22,13.42280663,2,5
"24130",5,6,"conf_358",2500,22,6.563451182,2,5
"24131",5,6,"conf_358",5000,22,3.9882120841,2,5
"24132",5,6,"conf_358",7500,22,1.7764504218,2,5
"24133",5,6,"conf_358",250,23,63.191297981,2,5
"24134",5,6,"conf_358",500,23,18.7174508027,2,5
"24135",5,6,"conf_358",1500,23,7.3269088996,2,5
"24136",5,6,"conf_358",2500,23,5.357550493,2,5
"24137",5,6,"conf_358",5000,23,3.8025445295,2,5
"24138",5,6,"conf_358",7500,23,1.7323491131,2,5
"24139",5,6,"conf_358",250,24,51.0091025934,2,5
"24140",5,6,"conf_358",500,24,27.7162396448,2,5
"24141",5,6,"conf_358",1500,24,12.3018324603,2,5
"24142",5,6,"conf_358",2500,24,2.5408118464,2,5
"24143",5,6,"conf_358",5000,24,2.4929438886,2,5
"24144",5,6,"conf_358",7500,24,1.1404282081,2,5
"24145",5,6,"conf_358",250,25,31.3936392335,2,5
"24146",5,6,"conf_358",500,25,16.4356424626,2,5
"24147",5,6,"conf_358",1500,25,7.1033745884,2,5
"24148",5,6,"conf_358",2500,25,3.4836227673,2,5
"24149",5,6,"conf_358",5000,25,1.0113007308,2,5
"24150",5,6,"conf_358",7500,25,0.6870148114,2,5
"24151",5,6,"conf_358",250,26,39.9471997195,2,5
"24152",5,6,"conf_358",500,26,32.609915373,2,5
"24153",5,6,"conf_358",1500,26,7.1191834759,2,5
"24154",5,6,"conf_358",2500,26,6.4436017219,2,5
"24155",5,6,"conf_358",5000,26,1.7251653543,2,5
"24156",5,6,"conf_358",7500,26,1.317000948,2,5
"24157",5,6,"conf_358",250,27,44.4380276379,2,5
"24158",5,6,"conf_358",500,27,37.7538835862,2,5
"24159",5,6,"conf_358",1500,27,10.7851066704,2,5
"24160",5,6,"conf_358",2500,27,7.2966263906,2,5
"24161",5,6,"conf_358",5000,27,2.5108478229,2,5
"24162",5,6,"conf_358",7500,27,0.8613398614,2,5
"24163",5,6,"conf_358",250,28,51.9297309932,2,5
"24164",5,6,"conf_358",500,28,35.8422319399,2,5
"24165",5,6,"conf_358",1500,28,4.595250956,2,5
"24166",5,6,"conf_358",2500,28,4.595250956,2,5
"24167",5,6,"conf_358",5000,28,1.3728740109,2,5
"24168",5,6,"conf_358",7500,28,1.3317309952,2,5
"24169",5,6,"conf_358",250,29,31.2298858686,2,5
"24170",5,6,"conf_358",500,29,24.6052998758,2,5
"24171",5,6,"conf_358",1500,29,12.5722620852,2,5
"24172",5,6,"conf_358",2500,29,6.9533194631,2,5
"24173",5,6,"conf_358",5000,29,1.0609729625,2,5
"24174",5,6,"conf_358",7500,29,0.6504584914,2,5
"24175",5,6,"conf_358",250,30,39.6427478625,2,5
"24176",5,6,"conf_358",500,30,24.9313886081,2,5
"24177",5,6,"conf_358",1500,30,5.8277571786,2,5
"24178",5,6,"conf_358",2500,30,2.8061005891,2,5
"24179",5,6,"conf_358",5000,30,2.2828073999,2,5
"24180",5,6,"conf_358",7500,30,1.093627344,2,5
"24181",5,6,"conf_358",250,31,52.7405400273,2,5
"24182",5,6,"conf_358",500,31,41.8301176108,2,5
"24183",5,6,"conf_358",1500,31,14.7132378533,2,5
"24184",5,6,"conf_358",2500,31,12.2479528066,2,5
"24185",5,6,"conf_358",5000,31,3.7446475641,2,5
"24186",5,6,"conf_358",7500,31,1.708641587,2,5
"24187",5,6,"conf_358",250,32,41.568512716,2,5
"24188",5,6,"conf_358",500,32,31.7541582905,2,5
"24189",5,6,"conf_358",1500,32,15.3483934797,2,5
"24190",5,6,"conf_358",2500,32,2.9389243725,2,5
"24191",5,6,"conf_358",5000,32,1.6691536493,2,5
"24192",5,6,"conf_358",7500,32,0.4404918204,2,5
"24193",5,6,"conf_358",250,33,27.0138721115,2,5
"24194",5,6,"conf_358",500,33,27.0138721115,2,5
"24195",5,6,"conf_358",1500,33,11.6987717479,2,5
"24196",5,6,"conf_358",2500,33,6.9627885808,2,5
"24197",5,6,"conf_358",5000,33,2.4377534391,2,5
"24198",5,6,"conf_358",7500,33,1.4079730103,2,5
"24199",5,6,"conf_358",250,34,45.8324119141,2,5
"24200",5,6,"conf_358",500,34,21.7510821792,2,5
"24201",5,6,"conf_358",1500,34,12.0814866324,2,5
"24202",5,6,"conf_358",2500,34,7.4329379484,2,5
"24203",5,6,"conf_358",5000,34,1.6090481458,2,5
"24204",5,6,"conf_358",7500,34,0.581320452,2,5
"24205",5,6,"conf_358",250,35,35.0345556244,2,5
"24206",5,6,"conf_358",500,35,22.1015323097,2,5
"24207",5,6,"conf_358",1500,35,4.7756798012,2,5
"24208",5,6,"conf_358",2500,35,4.7756798012,2,5
"24209",5,6,"conf_358",5000,35,2.0079658222,2,5
"24210",5,6,"conf_358",7500,35,1.2531615777,2,5
"24211",5,6,"conf_358",250,36,23.58504347,2,5
"24212",5,6,"conf_358",500,36,19.8269270167,2,5
"24213",5,6,"conf_358",1500,36,5.7199478896,2,5
"24214",5,6,"conf_358",2500,36,5.7199478896,2,5
"24215",5,6,"conf_358",5000,36,2.7549412298,2,5
"24216",5,6,"conf_358",7500,36,1.7043738804,2,5
"24217",5,6,"conf_358",250,37,77.7684863268,2,5
"24218",5,6,"conf_358",500,37,15.7137363783,2,5
"24219",5,6,"conf_358",1500,37,4.1562929454,2,5
"24220",5,6,"conf_358",2500,37,4.1562929454,2,5
"24221",5,6,"conf_358",5000,37,1.3171480611,2,5
"24222",5,6,"conf_358",7500,37,1.3171480611,2,5
"24223",5,6,"conf_358",250,38,41.0569703983,2,5
"24224",5,6,"conf_358",500,38,26.3623681113,2,5
"24225",5,6,"conf_358",1500,38,7.4110827651,2,5
"24226",5,6,"conf_358",2500,38,7.4110827651,2,5
"24227",5,6,"conf_358",5000,38,2.8829910195,2,5
"24228",5,6,"conf_358",7500,38,1.4073970048,2,5
"24229",5,6,"conf_358",250,39,45.8514236333,2,5
"24230",5,6,"conf_358",500,39,42.1320160768,2,5
"24231",5,6,"conf_358",1500,39,12.4848259136,2,5
"24232",5,6,"conf_358",2500,39,10.0977247385,2,5
"24233",5,6,"conf_358",5000,39,2.679740225,2,5
"24234",5,6,"conf_358",7500,39,1.7925466563,2,5
"24235",5,6,"conf_358",250,40,47.3025031781,2,5
"24236",5,6,"conf_358",500,40,44.0000934229,2,5
"24237",5,6,"conf_358",1500,40,4.6451360571,2,5
"24238",5,6,"conf_358",2500,40,4.6451360571,2,5
"24239",5,6,"conf_358",5000,40,0.9381901729,2,5
"24240",5,6,"conf_358",7500,40,0.343994119,2,5
"24241",5,6,"conf_358",250,41,49.4863975978,2,5
"24242",5,6,"conf_358",500,41,35.2238617922,2,5
"24243",5,6,"conf_358",1500,41,17.6010627668,2,5
"24244",5,6,"conf_358",2500,41,4.3144677306,2,5
"24245",5,6,"conf_358",5000,41,1.8470058388,2,5
"24246",5,6,"conf_358",7500,41,0.7402772421,2,5
"24247",5,6,"conf_358",250,42,22.4112008797,2,5
"24248",5,6,"conf_358",500,42,22.4112008797,2,5
"24249",5,6,"conf_358",1500,42,3.4086026743,2,5
"24250",5,6,"conf_358",2500,42,3.3299970408,2,5
"24251",5,6,"conf_358",5000,42,2.6181023766,2,5
"24252",5,6,"conf_358",7500,42,0.4199618335,2,5
"24253",5,6,"conf_358",250,43,20.9947362699,2,5
"24254",5,6,"conf_358",500,43,20.9947362699,2,5
"24255",5,6,"conf_358",1500,43,12.4155970682,2,5
"24256",5,6,"conf_358",2500,43,11.3818708732,2,5
"24257",5,6,"conf_358",5000,43,2.6718914014,2,5
"24258",5,6,"conf_358",7500,43,0.9059787087,2,5
"24259",5,6,"conf_358",250,44,59.121879452,2,5
"24260",5,6,"conf_358",500,44,39.9744691691,2,5
"24261",5,6,"conf_358",1500,44,18.4041318399,2,5
"24262",5,6,"conf_358",2500,44,5.5484130501,2,5
"24263",5,6,"conf_358",5000,44,2.6055802899,2,5
"24264",5,6,"conf_358",7500,44,1.1454696717,2,5
"24265",5,6,"conf_358",250,45,51.717632806,2,5
"24266",5,6,"conf_358",500,45,31.2496751465,2,5
"24267",5,6,"conf_358",1500,45,12.7698533808,2,5
"24268",5,6,"conf_358",2500,45,3.9555047343,2,5
"24269",5,6,"conf_358",5000,45,2.4873066377,2,5
"24270",5,6,"conf_358",7500,45,0.7420423661,2,5
"24271",5,6,"conf_358",250,46,68.282204659,2,5
"24272",5,6,"conf_358",500,46,52.1391358212,2,5
"24273",5,6,"conf_358",1500,46,12.6192453971,2,5
"24274",5,6,"conf_358",2500,46,4.7929093659,2,5
"24275",5,6,"conf_358",5000,46,2.7652958518,2,5
"24276",5,6,"conf_358",7500,46,1.2710678818,2,5
"24277",5,6,"conf_358",250,47,46.9336218149,2,5
"24278",5,6,"conf_358",500,47,13.8755052983,2,5
"24279",5,6,"conf_358",1500,47,5.8664165896,2,5
"24280",5,6,"conf_358",2500,47,1.8240415339,2,5
"24281",5,6,"conf_358",5000,47,1.8238411419,2,5
"24282",5,6,"conf_358",7500,47,1.1517705556,2,5
"24283",5,6,"conf_358",250,48,42.0071958803,2,5
"24284",5,6,"conf_358",500,48,12.6385329893,2,5
"24285",5,6,"conf_358",1500,48,8.1597134768,2,5
"24286",5,6,"conf_358",2500,48,5.0599397634,2,5
"24287",5,6,"conf_358",5000,48,2.190758291,2,5
"24288",5,6,"conf_358",7500,48,2.190758291,2,5
"24289",5,6,"conf_358",250,49,60.5065631615,2,5
"24290",5,6,"conf_358",500,49,38.8682875309,2,5
"24291",5,6,"conf_358",1500,49,4.3204759963,2,5
"24292",5,6,"conf_358",2500,49,3.3032498267,2,5
"24293",5,6,"conf_358",5000,49,2.1278770061,2,5
"24294",5,6,"conf_358",7500,49,1.175917725,2,5
"24295",5,6,"conf_358",250,50,67.2137065758,2,5
"24296",5,6,"conf_358",500,50,23.7922566154,2,5
"24297",5,6,"conf_358",1500,50,6.1000673244,2,5
"24298",5,6,"conf_358",2500,50,5.4173073694,2,5
"24299",5,6,"conf_358",5000,50,3.0006681983,2,5
"24300",5,6,"conf_358",7500,50,0.6880794444,2,5
"24301",5,6,"conf_358",250,51,78.4834024998,3,5
"24302",5,6,"conf_358",500,51,23.7936193071,3,5
"24303",5,6,"conf_358",1500,51,7.5495521362,3,5
"24304",5,6,"conf_358",2500,51,6.1551434482,3,5
"24305",5,6,"conf_358",5000,51,2.8913147253,3,5
"24306",5,6,"conf_358",7500,51,0.5948122681,3,5
"24307",5,6,"conf_358",250,52,24.4537947936,3,5
"24308",5,6,"conf_358",500,52,12.50170559,3,5
"24309",5,6,"conf_358",1500,52,8.6446514008,3,5
"24310",5,6,"conf_358",2500,52,3.7153855838,3,5
"24311",5,6,"conf_358",5000,52,0.9253892801,3,5
"24312",5,6,"conf_358",7500,52,0.7451077747,3,5
"24313",5,6,"conf_358",250,53,466.3502556268,3,5
"24314",5,6,"conf_358",500,53,56.546402989,3,5
"24315",5,6,"conf_358",1500,53,6.3790413193,3,5
"24316",5,6,"conf_358",2500,53,4.4944174797,3,5
"24317",5,6,"conf_358",5000,53,2.2700161134,3,5
"24318",5,6,"conf_358",7500,53,2.1359509036,3,5
"24319",5,6,"conf_358",250,54,59.5823569057,3,5
"24320",5,6,"conf_358",500,54,19.6384508556,3,5
"24321",5,6,"conf_358",1500,54,13.0745742609,3,5
"24322",5,6,"conf_358",2500,54,6.5757313831,3,5
"24323",5,6,"conf_358",5000,54,1.4068668668,3,5
"24324",5,6,"conf_358",7500,54,0.7535064206,3,5
"24325",5,6,"conf_358",250,55,28.1850633183,3,5
"24326",5,6,"conf_358",500,55,13.2156733171,3,5
"24327",5,6,"conf_358",1500,55,6.7567615574,3,5
"24328",5,6,"conf_358",2500,55,3.1197631419,3,5
"24329",5,6,"conf_358",5000,55,1.2558239249,3,5
"24330",5,6,"conf_358",7500,55,0.8957496531,3,5
"24331",5,6,"conf_358",250,56,39.8528135867,3,5
"24332",5,6,"conf_358",500,56,16.3242535218,3,5
"24333",5,6,"conf_358",1500,56,6.8630272546,3,5
"24334",5,6,"conf_358",2500,56,4.7908142623,3,5
"24335",5,6,"conf_358",5000,56,1.3451852731,3,5
"24336",5,6,"conf_358",7500,56,1.2373516778,3,5
"24337",5,6,"conf_358",250,57,61.4968662771,3,5
"24338",5,6,"conf_358",500,57,31.2681648469,3,5
"24339",5,6,"conf_358",1500,57,12.5102294405,3,5
"24340",5,6,"conf_358",2500,57,8.4767025944,3,5
"24341",5,6,"conf_358",5000,57,2.0693911887,3,5
"24342",5,6,"conf_358",7500,57,0.7242709415,3,5
"24343",5,6,"conf_358",250,58,37.4155544125,3,5
"24344",5,6,"conf_358",500,58,25.9357404081,3,5
"24345",5,6,"conf_358",1500,58,9.8701229757,3,5
"24346",5,6,"conf_358",2500,58,5.1980084589,3,5
"24347",5,6,"conf_358",5000,58,1.3466199012,3,5
"24348",5,6,"conf_358",7500,58,1.114913617,3,5
"24349",5,6,"conf_358",250,59,54.218856466,3,5
"24350",5,6,"conf_358",500,59,15.5731899198,3,5
"24351",5,6,"conf_358",1500,59,6.6523216284,3,5
"24352",5,6,"conf_358",2500,59,4.477681532,3,5
"24353",5,6,"conf_358",5000,59,1.4618287198,3,5
"24354",5,6,"conf_358",7500,59,0.7156886572,3,5
"24355",5,6,"conf_358",250,60,50.7073814306,3,5
"24356",5,6,"conf_358",500,60,14.6583767837,3,5
"24357",5,6,"conf_358",1500,60,12.8675220153,3,5
"24358",5,6,"conf_358",2500,60,5.5563996419,3,5
"24359",5,6,"conf_358",5000,60,1.6766391166,3,5
"24360",5,6,"conf_358",7500,60,0.7336116817,3,5
"24361",5,6,"conf_358",250,61,38.6587455028,3,5
"24362",5,6,"conf_358",500,61,12.9368410328,3,5
"24363",5,6,"conf_358",1500,61,6.7532957808,3,5
"24364",5,6,"conf_358",2500,61,2.4412554259,3,5
"24365",5,6,"conf_358",5000,61,0.7685679147,3,5
"24366",5,6,"conf_358",7500,61,0.6776622044,3,5
"24367",5,6,"conf_358",250,62,14.314768102,3,5
"24368",5,6,"conf_358",500,62,14.3049949065,3,5
"24369",5,6,"conf_358",1500,62,4.3842824841,3,5
"24370",5,6,"conf_358",2500,62,3.3118757028,3,5
"24371",5,6,"conf_358",5000,62,0.810230664,3,5
"24372",5,6,"conf_358",7500,62,0.3958022943,3,5
"24373",5,6,"conf_358",250,63,6.628747243,3,5
"24374",5,6,"conf_358",500,63,6.628747243,3,5
"24375",5,6,"conf_358",1500,63,4.3447902396,3,5
"24376",5,6,"conf_358",2500,63,4.3447902396,3,5
"24377",5,6,"conf_358",5000,63,2.6621342009,3,5
"24378",5,6,"conf_358",7500,63,0.7402493821,3,5
"24379",5,6,"conf_358",250,64,39.7027870983,3,5
"24380",5,6,"conf_358",500,64,19.3253086275,3,5
"24381",5,6,"conf_358",1500,64,11.6239757607,3,5
"24382",5,6,"conf_358",2500,64,2.630437812,3,5
"24383",5,6,"conf_358",5000,64,1.5839259795,3,5
"24384",5,6,"conf_358",7500,64,1.3070447304,3,5
"24385",5,6,"conf_358",250,65,88.8146752958,3,5
"24386",5,6,"conf_358",500,65,18.7157607041,3,5
"24387",5,6,"conf_358",1500,65,15.6561889292,3,5
"24388",5,6,"conf_358",2500,65,8.6637289873,3,5
"24389",5,6,"conf_358",5000,65,1.6146391373,3,5
"24390",5,6,"conf_358",7500,65,0.7547263457,3,5
"24391",5,6,"conf_358",250,66,39.885295044,3,5
"24392",5,6,"conf_358",500,66,10.7637716953,3,5
"24393",5,6,"conf_358",1500,66,8.007717375,3,5
"24394",5,6,"conf_358",2500,66,4.8954932913,3,5
"24395",5,6,"conf_358",5000,66,2.4003892725,3,5
"24396",5,6,"conf_358",7500,66,0.7096358779,3,5
"24397",5,6,"conf_358",250,67,55.5995730602,3,5
"24398",5,6,"conf_358",500,67,17.8260290622,3,5
"24399",5,6,"conf_358",1500,67,5.2474858542,3,5
"24400",5,6,"conf_358",2500,67,5.2474858542,3,5
"24401",5,6,"conf_358",5000,67,1.4369550747,3,5
"24402",5,6,"conf_358",7500,67,0.8738841803,3,5
"24403",5,6,"conf_358",250,68,47.9971154695,3,5
"24404",5,6,"conf_358",500,68,17.6318008139,3,5
"24405",5,6,"conf_358",1500,68,6.5238595123,3,5
"24406",5,6,"conf_358",2500,68,6.5238595123,3,5
"24407",5,6,"conf_358",5000,68,1.4518360284,3,5
"24408",5,6,"conf_358",7500,68,0.9635979889,3,5
"24409",5,6,"conf_358",250,69,14.943017496,3,5
"24410",5,6,"conf_358",500,69,14.943017496,3,5
"24411",5,6,"conf_358",1500,69,5.7569139151,3,5
"24412",5,6,"conf_358",2500,69,3.23400024,3,5
"24413",5,6,"conf_358",5000,69,1.3211415458,3,5
"24414",5,6,"conf_358",7500,69,0.8571076554,3,5
"24415",5,6,"conf_358",250,70,23.8648818132,3,5
"24416",5,6,"conf_358",500,70,16.2654797818,3,5
"24417",5,6,"conf_358",1500,70,7.1031335013,3,5
"24418",5,6,"conf_358",2500,70,4.7767722995,3,5
"24419",5,6,"conf_358",5000,70,1.282475145,3,5
"24420",5,6,"conf_358",7500,70,0.7615013098,3,5
"24421",5,6,"conf_358",250,71,23.5758783561,3,5
"24422",5,6,"conf_358",500,71,23.5758783561,3,5
"24423",5,6,"conf_358",1500,71,6.4259093008,3,5
"24424",5,6,"conf_358",2500,71,2.4242274427,3,5
"24425",5,6,"conf_358",5000,71,2.3603579447,3,5
"24426",5,6,"conf_358",7500,71,0.2620852304,3,5
"24427",5,6,"conf_358",250,72,36.901772911,3,5
"24428",5,6,"conf_358",500,72,29.9929419883,3,5
"24429",5,6,"conf_358",1500,72,5.9419514731,3,5
"24430",5,6,"conf_358",2500,72,1.3724349157,3,5
"24431",5,6,"conf_358",5000,72,0.8013806612,3,5
"24432",5,6,"conf_358",7500,72,0.6979791277,3,5
"24433",5,6,"conf_358",250,73,34.1654119371,3,5
"24434",5,6,"conf_358",500,73,21.7227767014,3,5
"24435",5,6,"conf_358",1500,73,1.3224009462,3,5
"24436",5,6,"conf_358",2500,73,1.3224009462,3,5
"24437",5,6,"conf_358",5000,73,1.3224009462,3,5
"24438",5,6,"conf_358",7500,73,1.3224009462,3,5
"24439",5,6,"conf_358",250,74,83.0651168385,3,5
"24440",5,6,"conf_358",500,74,71.5665468777,3,5
"24441",5,6,"conf_358",1500,74,10.522545887,3,5
"24442",5,6,"conf_358",2500,74,2.427928438,3,5
"24443",5,6,"conf_358",5000,74,2.2662736245,3,5
"24444",5,6,"conf_358",7500,74,1.3051724075,3,5
"24445",5,6,"conf_358",250,75,23.1815462644,3,5
"24446",5,6,"conf_358",500,75,23.1815462644,3,5
"24447",5,6,"conf_358",1500,75,3.7555917454,3,5
"24448",5,6,"conf_358",2500,75,2.8761266623,3,5
"24449",5,6,"conf_358",5000,75,1.4146118058,3,5
"24450",5,6,"conf_358",7500,75,0.8175400005,3,5
"24451",5,6,"conf_358",250,76,18.5681745568,3,5
"24452",5,6,"conf_358",500,76,18.5681745568,3,5
"24453",5,6,"conf_358",1500,76,10.658422424,3,5
"24454",5,6,"conf_358",2500,76,5.8574207285,3,5
"24455",5,6,"conf_358",5000,76,1.4123278351,3,5
"24456",5,6,"conf_358",7500,76,0.9368918156,3,5
"24457",5,6,"conf_358",250,77,159.6890257149,3,5
"24458",5,6,"conf_358",500,77,32.0293801993,3,5
"24459",5,6,"conf_358",1500,77,11.4554972842,3,5
"24460",5,6,"conf_358",2500,77,6.3107578084,3,5
"24461",5,6,"conf_358",5000,77,2.1640431158,3,5
"24462",5,6,"conf_358",7500,77,1.1759276231,3,5
"24463",5,6,"conf_358",250,78,73.6650691666,3,5
"24464",5,6,"conf_358",500,78,22.0063115088,3,5
"24465",5,6,"conf_358",1500,78,8.0258520803,3,5
"24466",5,6,"conf_358",2500,78,6.9641673782,3,5
"24467",5,6,"conf_358",5000,78,2.1595084757,3,5
"24468",5,6,"conf_358",7500,78,0.7539942818,3,5
"24469",5,6,"conf_358",250,79,52.8746048421,3,5
"24470",5,6,"conf_358",500,79,23.5265329143,3,5
"24471",5,6,"conf_358",1500,79,7.1467151849,3,5
"24472",5,6,"conf_358",2500,79,4.5529839119,3,5
"24473",5,6,"conf_358",5000,79,1.7425118434,3,5
"24474",5,6,"conf_358",7500,79,0.8756762936,3,5
"24475",5,6,"conf_358",250,80,26.9644653673,3,5
"24476",5,6,"conf_358",500,80,20.1619889133,3,5
"24477",5,6,"conf_358",1500,80,11.9393215345,3,5
"24478",5,6,"conf_358",2500,80,4.4178461453,3,5
"24479",5,6,"conf_358",5000,80,2.3835231115,3,5
"24480",5,6,"conf_358",7500,80,0.7379404683,3,5
"24481",5,6,"conf_358",250,81,14.2116024624,3,5
"24482",5,6,"conf_358",500,81,12.7602418667,3,5
"24483",5,6,"conf_358",1500,81,5.5560187894,3,5
"24484",5,6,"conf_358",2500,81,3.9348440595,3,5
"24485",5,6,"conf_358",5000,81,1.3732562252,3,5
"24486",5,6,"conf_358",7500,81,1.1999044338,3,5
"24487",5,6,"conf_358",250,82,40.4235956916,3,5
"24488",5,6,"conf_358",500,82,29.8914625324,3,5
"24489",5,6,"conf_358",1500,82,12.6243723093,3,5
"24490",5,6,"conf_358",2500,82,7.5376267556,3,5
"24491",5,6,"conf_358",5000,82,1.3487003637,3,5
"24492",5,6,"conf_358",7500,82,0.3939804017,3,5
"24493",5,6,"conf_358",250,83,79.2371517466,3,5
"24494",5,6,"conf_358",500,83,35.4848360798,3,5
"24495",5,6,"conf_358",1500,83,7.458262476,3,5
"24496",5,6,"conf_358",2500,83,2.9010542485,3,5
"24497",5,6,"conf_358",5000,83,1.1794093656,3,5
"24498",5,6,"conf_358",7500,83,1.0233277628,3,5
"24499",5,6,"conf_358",250,84,23.5140328338,3,5
"24500",5,6,"conf_358",500,84,5.9643667564,3,5
"24501",5,6,"conf_358",1500,84,5.9643667564,3,5
"24502",5,6,"conf_358",2500,84,3.8963161729,3,5
"24503",5,6,"conf_358",5000,84,2.0771804183,3,5
"24504",5,6,"conf_358",7500,84,0.4188754034,3,5
"24505",5,6,"conf_358",250,85,30.9826881648,3,5
"24506",5,6,"conf_358",500,85,29.8260933904,3,5
"24507",5,6,"conf_358",1500,85,5.2775887223,3,5
"24508",5,6,"conf_358",2500,85,5.2775887223,3,5
"24509",5,6,"conf_358",5000,85,2.1975700966,3,5
"24510",5,6,"conf_358",7500,85,1.3310610248,3,5
"24511",5,6,"conf_358",250,86,39.1080613435,3,5
"24512",5,6,"conf_358",500,86,17.2815979279,3,5
"24513",5,6,"conf_358",1500,86,6.4767310498,3,5
"24514",5,6,"conf_358",2500,86,6.4767310498,3,5
"24515",5,6,"conf_358",5000,86,1.3038596895,3,5
"24516",5,6,"conf_358",7500,86,1.1799784644,3,5
"24517",5,6,"conf_358",250,87,38.4343899692,3,5
"24518",5,6,"conf_358",500,87,38.4343899692,3,5
"24519",5,6,"conf_358",1500,87,8.5498478843,3,5
"24520",5,6,"conf_358",2500,87,6.7953657057,3,5
"24521",5,6,"conf_358",5000,87,2.1047154486,3,5
"24522",5,6,"conf_358",7500,87,0.6654764833,3,5
"24523",5,6,"conf_358",250,88,37.3068448189,3,5
"24524",5,6,"conf_358",500,88,37.3068448189,3,5
"24525",5,6,"conf_358",1500,88,7.7693510483,3,5
"24526",5,6,"conf_358",2500,88,2.0012231859,3,5
"24527",5,6,"conf_358",5000,88,1.570268421,3,5
"24528",5,6,"conf_358",7500,88,0.7777296727,3,5
"24529",5,6,"conf_358",250,89,67.9872844432,3,5
"24530",5,6,"conf_358",500,89,39.0517548912,3,5
"24531",5,6,"conf_358",1500,89,6.9134174519,3,5
"24532",5,6,"conf_358",2500,89,1.7516903142,3,5
"24533",5,6,"conf_358",5000,89,1.7516903142,3,5
"24534",5,6,"conf_358",7500,89,0.7460874002,3,5
"24535",5,6,"conf_358",250,90,40.7935903541,3,5
"24536",5,6,"conf_358",500,90,23.5061477333,3,5
"24537",5,6,"conf_358",1500,90,6.8136671623,3,5
"24538",5,6,"conf_358",2500,90,5.8848170947,3,5
"24539",5,6,"conf_358",5000,90,1.3059211384,3,5
"24540",5,6,"conf_358",7500,90,0.7980540561,3,5
"24541",5,6,"conf_358",250,91,51.78744691,3,5
"24542",5,6,"conf_358",500,91,43.3364186056,3,5
"24543",5,6,"conf_358",1500,91,9.966079028,3,5
"24544",5,6,"conf_358",2500,91,6.4444043185,3,5
"24545",5,6,"conf_358",5000,91,0.9843015554,3,5
"24546",5,6,"conf_358",7500,91,0.7784321219,3,5
"24547",5,6,"conf_358",250,92,20.9639542348,3,5
"24548",5,6,"conf_358",500,92,20.3965018223,3,5
"24549",5,6,"conf_358",1500,92,6.2719307671,3,5
"24550",5,6,"conf_358",2500,92,6.2719307671,3,5
"24551",5,6,"conf_358",5000,92,2.5597250072,3,5
"24552",5,6,"conf_358",7500,92,1.0828241365,3,5
"24553",5,6,"conf_358",250,93,51.8910982141,3,5
"24554",5,6,"conf_358",500,93,26.7738296839,3,5
"24555",5,6,"conf_358",1500,93,12.7989063276,3,5
"24556",5,6,"conf_358",2500,93,5.0030096978,3,5
"24557",5,6,"conf_358",5000,93,1.8559783905,3,5
"24558",5,6,"conf_358",7500,93,0.8380386283,3,5
"24559",5,6,"conf_358",250,94,51.7598586522,3,5
"24560",5,6,"conf_358",500,94,14.4348642991,3,5
"24561",5,6,"conf_358",1500,94,3.7779604571,3,5
"24562",5,6,"conf_358",2500,94,2.8928221018,3,5
"24563",5,6,"conf_358",5000,94,1.9335953971,3,5
"24564",5,6,"conf_358",7500,94,0.3972622039,3,5
"24565",5,6,"conf_358",250,95,23.9678031768,3,5
"24566",5,6,"conf_358",500,95,23.737135446,3,5
"24567",5,6,"conf_358",1500,95,16.0953905418,3,5
"24568",5,6,"conf_358",2500,95,11.5219041447,3,5
"24569",5,6,"conf_358",5000,95,2.2497142805,3,5
"24570",5,6,"conf_358",7500,95,0.7395681679,3,5
"24571",5,6,"conf_358",250,96,20.2854560458,3,5
"24572",5,6,"conf_358",500,96,20.2854560458,3,5
"24573",5,6,"conf_358",1500,96,7.2991194951,3,5
"24574",5,6,"conf_358",2500,96,5.4741199872,3,5
"24575",5,6,"conf_358",5000,96,1.1970835978,3,5
"24576",5,6,"conf_358",7500,96,0.6747955783,3,5
"24577",5,6,"conf_358",250,97,30.3218587725,3,5
"24578",5,6,"conf_358",500,97,18.7359043264,3,5
"24579",5,6,"conf_358",1500,97,7.549704874,3,5
"24580",5,6,"conf_358",2500,97,5.0550457279,3,5
"24581",5,6,"conf_358",5000,97,1.9361861254,3,5
"24582",5,6,"conf_358",7500,97,1.0992417584,3,5
"24583",5,6,"conf_358",250,98,115.7434815678,3,5
"24584",5,6,"conf_358",500,98,13.2011361693,3,5
"24585",5,6,"conf_358",1500,98,7.7826814274,3,5
"24586",5,6,"conf_358",2500,98,6.3294974458,3,5
"24587",5,6,"conf_358",5000,98,1.8812705157,3,5
"24588",5,6,"conf_358",7500,98,1.1991157368,3,5
"24589",5,6,"conf_358",250,99,51.7271198621,3,5
"24590",5,6,"conf_358",500,99,26.491143125,3,5
"24591",5,6,"conf_358",1500,99,12.5307103476,3,5
"24592",5,6,"conf_358",2500,99,6.4154368576,3,5
"24593",5,6,"conf_358",5000,99,2.4521989554,3,5
"24594",5,6,"conf_358",7500,99,1.1910439732,3,5
"24595",5,6,"conf_358",250,100,103.8645723219,3,5
"24596",5,6,"conf_358",500,100,9.2347768462,3,5
"24597",5,6,"conf_358",1500,100,5.4163879228,3,5
"24598",5,6,"conf_358",2500,100,4.0371281319,3,5
"24599",5,6,"conf_358",5000,100,0.7247884764,3,5
"24600",5,6,"conf_358",7500,100,0.3716302911,3,5
"24601",5,6,"conf_358",250,101,23.1982167969,1,5
"24602",5,6,"conf_358",500,101,23.1982167969,1,5
"24603",5,6,"conf_358",1500,101,12.478354505,1,5
"24604",5,6,"conf_358",2500,101,5.545188035,1,5
"24605",5,6,"conf_358",5000,101,3.584080752,1,5
"24606",5,6,"conf_358",7500,101,0.7236379122,1,5
"24607",5,6,"conf_358",250,102,54.3195885644,1,5
"24608",5,6,"conf_358",500,102,40.0369695313,1,5
"24609",5,6,"conf_358",1500,102,7.2441774578,1,5
"24610",5,6,"conf_358",2500,102,7.2441774578,1,5
"24611",5,6,"conf_358",5000,102,3.2932181028,1,5
"24612",5,6,"conf_358",7500,102,0.9638831453,1,5
"24613",5,6,"conf_358",250,103,45.0200045574,1,5
"24614",5,6,"conf_358",500,103,30.766092756,1,5
"24615",5,6,"conf_358",1500,103,12.2493275219,1,5
"24616",5,6,"conf_358",2500,103,9.9503347116,1,5
"24617",5,6,"conf_358",5000,103,0.8304654131,1,5
"24618",5,6,"conf_358",7500,103,0.7150058813,1,5
"24619",5,6,"conf_358",250,104,7.5164862645,1,5
"24620",5,6,"conf_358",500,104,7.5164862645,1,5
"24621",5,6,"conf_358",1500,104,7.1304213059,1,5
"24622",5,6,"conf_358",2500,104,4.9715213508,1,5
"24623",5,6,"conf_358",5000,104,3.7530323033,1,5
"24624",5,6,"conf_358",7500,104,0.9357907276,1,5
"24625",5,6,"conf_358",250,105,41.5488354563,1,5
"24626",5,6,"conf_358",500,105,40.2965098164,1,5
"24627",5,6,"conf_358",1500,105,2.6544854935,1,5
"24628",5,6,"conf_358",2500,105,1.4518500791,1,5
"24629",5,6,"conf_358",5000,105,1.4518500791,1,5
"24630",5,6,"conf_358",7500,105,0.4940685989,1,5
"24631",5,6,"conf_358",250,106,26.310233961,1,5
"24632",5,6,"conf_358",500,106,22.6144798614,1,5
"24633",5,6,"conf_358",1500,106,12.2836518825,1,5
"24634",5,6,"conf_358",2500,106,6.5918197067,1,5
"24635",5,6,"conf_358",5000,106,2.6518407307,1,5
"24636",5,6,"conf_358",7500,106,0.8128294407,1,5
"24637",5,6,"conf_358",250,107,25.1886062648,1,5
"24638",5,6,"conf_358",500,107,25.1886062648,1,5
"24639",5,6,"conf_358",1500,107,12.284243391,1,5
"24640",5,6,"conf_358",2500,107,4.9875645065,1,5
"24641",5,6,"conf_358",5000,107,3.0751705339,1,5
"24642",5,6,"conf_358",7500,107,1.1251001659,1,5
"24643",5,6,"conf_358",250,108,115.5290315078,1,5
"24644",5,6,"conf_358",500,108,53.8081590446,1,5
"24645",5,6,"conf_358",1500,108,13.4427651357,1,5
"24646",5,6,"conf_358",2500,108,5.8594858064,1,5
"24647",5,6,"conf_358",5000,108,2.9620015631,1,5
"24648",5,6,"conf_358",7500,108,1.1978581276,1,5
"24649",5,6,"conf_358",250,109,75.0795657252,1,5
"24650",5,6,"conf_358",500,109,31.5919144961,1,5
"24651",5,6,"conf_358",1500,109,3.012305664,1,5
"24652",5,6,"conf_358",2500,109,2.4955912008,1,5
"24653",5,6,"conf_358",5000,109,0.9864733541,1,5
"24654",5,6,"conf_358",7500,109,0.74021375,1,5
"24655",5,6,"conf_358",250,110,65.7501893847,1,5
"24656",5,6,"conf_358",500,110,42.5422930158,1,5
"24657",5,6,"conf_358",1500,110,10.2474777091,1,5
"24658",5,6,"conf_358",2500,110,6.1702303581,1,5
"24659",5,6,"conf_358",5000,110,3.5596771265,1,5
"24660",5,6,"conf_358",7500,110,1.3654445211,1,5
"24661",5,6,"conf_358",250,111,115.4959381305,1,5
"24662",5,6,"conf_358",500,111,39.9473406568,1,5
"24663",5,6,"conf_358",1500,111,1.5964825969,1,5
"24664",5,6,"conf_358",2500,111,1.5964825969,1,5
"24665",5,6,"conf_358",5000,111,1.5964825969,1,5
"24666",5,6,"conf_358",7500,111,1.3042330623,1,5
"24667",5,6,"conf_358",250,112,76.7026784063,1,5
"24668",5,6,"conf_358",500,112,30.713423992,1,5
"24669",5,6,"conf_358",1500,112,24.3447087699,1,5
"24670",5,6,"conf_358",2500,112,1.4694653391,1,5
"24671",5,6,"conf_358",5000,112,1.1073818982,1,5
"24672",5,6,"conf_358",7500,112,0.8605818464,1,5
"24673",5,6,"conf_358",250,113,39.1652707033,1,5
"24674",5,6,"conf_358",500,113,36.171703523,1,5
"24675",5,6,"conf_358",1500,113,11.74062383,1,5
"24676",5,6,"conf_358",2500,113,4.6395481108,1,5
"24677",5,6,"conf_358",5000,113,2.150672896,1,5
"24678",5,6,"conf_358",7500,113,1.2950050934,1,5
"24679",5,6,"conf_358",250,114,32.1829415233,1,5
"24680",5,6,"conf_358",500,114,15.4071280578,1,5
"24681",5,6,"conf_358",1500,114,7.0423897496,1,5
"24682",5,6,"conf_358",2500,114,6.607411045,1,5
"24683",5,6,"conf_358",5000,114,1.9729041235,1,5
"24684",5,6,"conf_358",7500,114,1.9729041235,1,5
"24685",5,6,"conf_358",250,115,43.6537684934,1,5
"24686",5,6,"conf_358",500,115,29.3621930237,1,5
"24687",5,6,"conf_358",1500,115,12.0699375738,1,5
"24688",5,6,"conf_358",2500,115,5.1907284071,1,5
"24689",5,6,"conf_358",5000,115,1.0841407955,1,5
"24690",5,6,"conf_358",7500,115,1.0841407955,1,5
"24691",5,6,"conf_358",250,116,15.7454445557,1,5
"24692",5,6,"conf_358",500,116,11.3898706831,1,5
"24693",5,6,"conf_358",1500,116,7.5522852312,1,5
"24694",5,6,"conf_358",2500,116,5.7018239236,1,5
"24695",5,6,"conf_358",5000,116,2.3357915482,1,5
"24696",5,6,"conf_358",7500,116,0.938609006,1,5
"24697",5,6,"conf_358",250,117,49.8746274709,1,5
"24698",5,6,"conf_358",500,117,24.0614430663,1,5
"24699",5,6,"conf_358",1500,117,8.2243706139,1,5
"24700",5,6,"conf_358",2500,117,2.5856217556,1,5
"24701",5,6,"conf_358",5000,117,2.1143274969,1,5
"24702",5,6,"conf_358",7500,117,1.3343271181,1,5
"24703",5,6,"conf_358",250,118,20.9247275982,1,5
"24704",5,6,"conf_358",500,118,20.9247275982,1,5
"24705",5,6,"conf_358",1500,118,15.5779977183,1,5
"24706",5,6,"conf_358",2500,118,3.556042473,1,5
"24707",5,6,"conf_358",5000,118,1.3760656153,1,5
"24708",5,6,"conf_358",7500,118,1.0691889527,1,5
"24709",5,6,"conf_358",250,119,36.2492781169,1,5
"24710",5,6,"conf_358",500,119,36.2492781169,1,5
"24711",5,6,"conf_358",1500,119,12.4675886828,1,5
"24712",5,6,"conf_358",2500,119,8.7742916411,1,5
"24713",5,6,"conf_358",5000,119,1.4683422581,1,5
"24714",5,6,"conf_358",7500,119,1.4010992581,1,5
"24715",5,6,"conf_358",250,120,27.2049273325,1,5
"24716",5,6,"conf_358",500,120,25.8151013915,1,5
"24717",5,6,"conf_358",1500,120,10.7855061499,1,5
"24718",5,6,"conf_358",2500,120,3.4784288235,1,5
"24719",5,6,"conf_358",5000,120,2.4372878018,1,5
"24720",5,6,"conf_358",7500,120,0.7286713476,1,5
"24721",5,6,"conf_358",250,121,68.4459980046,1,5
"24722",5,6,"conf_358",500,121,31.9193293328,1,5
"24723",5,6,"conf_358",1500,121,12.5566810136,1,5
"24724",5,6,"conf_358",2500,121,8.3902139436,1,5
"24725",5,6,"conf_358",5000,121,1.4521093151,1,5
"24726",5,6,"conf_358",7500,121,1.3028044755,1,5
"24727",5,6,"conf_358",250,122,39.4941038911,1,5
"24728",5,6,"conf_358",500,122,38.8536875358,1,5
"24729",5,6,"conf_358",1500,122,13.0652866463,1,5
"24730",5,6,"conf_358",2500,122,9.1213283018,1,5
"24731",5,6,"conf_358",5000,122,3.3144645824,1,5
"24732",5,6,"conf_358",7500,122,1.3832007423,1,5
"24733",5,6,"conf_358",250,123,37.0070093114,1,5
"24734",5,6,"conf_358",500,123,24.1249558912,1,5
"24735",5,6,"conf_358",1500,123,12.5695000964,1,5
"24736",5,6,"conf_358",2500,123,4.6261792418,1,5
"24737",5,6,"conf_358",5000,123,1.5300201308,1,5
"24738",5,6,"conf_358",7500,123,1.0324676849,1,5
"24739",5,6,"conf_358",250,124,41.2218813638,1,5
"24740",5,6,"conf_358",500,124,11.5355665564,1,5
"24741",5,6,"conf_358",1500,124,3.6604780145,1,5
"24742",5,6,"conf_358",2500,124,3.2927432823,1,5
"24743",5,6,"conf_358",5000,124,1.9450073644,1,5
"24744",5,6,"conf_358",7500,124,1.3832133451,1,5
"24745",5,6,"conf_358",250,125,52.7996654195,1,5
"24746",5,6,"conf_358",500,125,51.9233249602,1,5
"24747",5,6,"conf_358",1500,125,4.7918786197,1,5
"24748",5,6,"conf_358",2500,125,3.6260817909,1,5
"24749",5,6,"conf_358",5000,125,3.2825549552,1,5
"24750",5,6,"conf_358",7500,125,1.4597604527,1,5
"24751",5,6,"conf_358",250,126,68.4598104154,1,5
"24752",5,6,"conf_358",500,126,53.6730500666,1,5
"24753",5,6,"conf_358",1500,126,12.5401531309,1,5
"24754",5,6,"conf_358",2500,126,6.5966840638,1,5
"24755",5,6,"conf_358",5000,126,3.2986691389,1,5
"24756",5,6,"conf_358",7500,126,0.4484791229,1,5
"24757",5,6,"conf_358",250,127,28.6784998193,1,5
"24758",5,6,"conf_358",500,127,17.0284938625,1,5
"24759",5,6,"conf_358",1500,127,6.7384645145,1,5
"24760",5,6,"conf_358",2500,127,4.7857889552,1,5
"24761",5,6,"conf_358",5000,127,1.7912642161,1,5
"24762",5,6,"conf_358",7500,127,0.9579837229,1,5
"24763",5,6,"conf_358",250,128,33.1924572946,1,5
"24764",5,6,"conf_358",500,128,28.8343984187,1,5
"24765",5,6,"conf_358",1500,128,7.3330978142,1,5
"24766",5,6,"conf_358",2500,128,5.3695908248,1,5
"24767",5,6,"conf_358",5000,128,1.7441562753,1,5
"24768",5,6,"conf_358",7500,128,0.5983071943,1,5
"24769",5,6,"conf_358",250,129,26.6606343496,1,5
"24770",5,6,"conf_358",500,129,26.6606343496,1,5
"24771",5,6,"conf_358",1500,129,7.3025900103,1,5
"24772",5,6,"conf_358",2500,129,4.1518430754,1,5
"24773",5,6,"conf_358",5000,129,2.4915437261,1,5
"24774",5,6,"conf_358",7500,129,1.364088952,1,5
"24775",5,6,"conf_358",250,130,44.5436114463,1,5
"24776",5,6,"conf_358",500,130,22.7748219923,1,5
"24777",5,6,"conf_358",1500,130,15.9127242515,1,5
"24778",5,6,"conf_358",2500,130,6.260675756,1,5
"24779",5,6,"conf_358",5000,130,1.606800491,1,5
"24780",5,6,"conf_358",7500,130,0.5342437313,1,5
"24781",5,6,"conf_358",250,131,43.5847435404,1,5
"24782",5,6,"conf_358",500,131,32.325912714,1,5
"24783",5,6,"conf_358",1500,131,12.5207737748,1,5
"24784",5,6,"conf_358",2500,131,6.5995922024,1,5
"24785",5,6,"conf_358",5000,131,1.4300783387,1,5
"24786",5,6,"conf_358",7500,131,0.2038508631,1,5
"24787",5,6,"conf_358",250,132,28.4559082776,1,5
"24788",5,6,"conf_358",500,132,27.1537067113,1,5
"24789",5,6,"conf_358",1500,132,12.253026389,1,5
"24790",5,6,"conf_358",2500,132,6.9084410583,1,5
"24791",5,6,"conf_358",5000,132,1.0423234496,1,5
"24792",5,6,"conf_358",7500,132,0.5560043366,1,5
"24793",5,6,"conf_358",250,133,29.4089733223,1,5
"24794",5,6,"conf_358",500,133,28.8621749387,1,5
"24795",5,6,"conf_358",1500,133,8.8147145393,1,5
"24796",5,6,"conf_358",2500,133,5.3074554764,1,5
"24797",5,6,"conf_358",5000,133,0.3809062257,1,5
"24798",5,6,"conf_358",7500,133,0.3761170401,1,5
"24799",5,6,"conf_358",250,134,20.6522931928,1,5
"24800",5,6,"conf_358",500,134,14.2621719783,1,5
"24801",5,6,"conf_358",1500,134,8.1158545998,1,5
"24802",5,6,"conf_358",2500,134,3.6488962854,1,5
"24803",5,6,"conf_358",5000,134,1.3469028456,1,5
"24804",5,6,"conf_358",7500,134,0.602800666,1,5
"24805",5,6,"conf_358",250,135,24.6471163493,1,5
"24806",5,6,"conf_358",500,135,21.8244707187,1,5
"24807",5,6,"conf_358",1500,135,12.5254829055,1,5
"24808",5,6,"conf_358",2500,135,2.2880482002,1,5
"24809",5,6,"conf_358",5000,135,0.6519958389,1,5
"24810",5,6,"conf_358",7500,135,0.6519958389,1,5
"24811",5,6,"conf_358",250,136,56.34430543,1,5
"24812",5,6,"conf_358",500,136,27.6666081571,1,5
"24813",5,6,"conf_358",1500,136,11.9860882831,1,5
"24814",5,6,"conf_358",2500,136,6.5977068879,1,5
"24815",5,6,"conf_358",5000,136,2.328569853,1,5
"24816",5,6,"conf_358",7500,136,2.0744565007,1,5
"24817",5,6,"conf_358",250,137,26.4234172542,1,5
"24818",5,6,"conf_358",500,137,26.4234172542,1,5
"24819",5,6,"conf_358",1500,137,5.6693052925,1,5
"24820",5,6,"conf_358",2500,137,3.5482520554,1,5
"24821",5,6,"conf_358",5000,137,1.3732437058,1,5
"24822",5,6,"conf_358",7500,137,0.3097798989,1,5
"24823",5,6,"conf_358",250,138,30.9722807881,1,5
"24824",5,6,"conf_358",500,138,30.9722807881,1,5
"24825",5,6,"conf_358",1500,138,12.9519273113,1,5
"24826",5,6,"conf_358",2500,138,5.9563277167,1,5
"24827",5,6,"conf_358",5000,138,2.5165577476,1,5
"24828",5,6,"conf_358",7500,138,1.4469705221,1,5
"24829",5,6,"conf_358",250,139,38.7198922628,1,5
"24830",5,6,"conf_358",500,139,36.9522293037,1,5
"24831",5,6,"conf_358",1500,139,7.0045189437,1,5
"24832",5,6,"conf_358",2500,139,6.5974066768,1,5
"24833",5,6,"conf_358",5000,139,1.9258501736,1,5
"24834",5,6,"conf_358",7500,139,0.7833100228,1,5
"24835",5,6,"conf_358",250,140,30.8875940545,1,5
"24836",5,6,"conf_358",500,140,18.6512374484,1,5
"24837",5,6,"conf_358",1500,140,8.629604765,1,5
"24838",5,6,"conf_358",2500,140,5.4568912527,1,5
"24839",5,6,"conf_358",5000,140,1.356165167,1,5
"24840",5,6,"conf_358",7500,140,0.7408444055,1,5
"24841",5,6,"conf_358",250,141,48.5169692354,1,5
"24842",5,6,"conf_358",500,141,21.5471760709,1,5
"24843",5,6,"conf_358",1500,141,6.7685135353,1,5
"24844",5,6,"conf_358",2500,141,5.9851589598,1,5
"24845",5,6,"conf_358",5000,141,1.8470036416,1,5
"24846",5,6,"conf_358",7500,141,1.404659756,1,5
"24847",5,6,"conf_358",250,142,23.9087691769,1,5
"24848",5,6,"conf_358",500,142,16.3087535679,1,5
"24849",5,6,"conf_358",1500,142,12.5144416056,1,5
"24850",5,6,"conf_358",2500,142,5.9712055211,1,5
"24851",5,6,"conf_358",5000,142,1.824347029,1,5
"24852",5,6,"conf_358",7500,142,0.7353981896,1,5
"24853",5,6,"conf_358",250,143,59.2174405588,1,5
"24854",5,6,"conf_358",500,143,43.7238268702,1,5
"24855",5,6,"conf_358",1500,143,8.4927649427,1,5
"24856",5,6,"conf_358",2500,143,7.2754753474,1,5
"24857",5,6,"conf_358",5000,143,2.5236917404,1,5
"24858",5,6,"conf_358",7500,143,1.1093778081,1,5
"24859",5,6,"conf_358",250,144,53.3042213463,1,5
"24860",5,6,"conf_358",500,144,18.115162618,1,5
"24861",5,6,"conf_358",1500,144,10.1219322467,1,5
"24862",5,6,"conf_358",2500,144,5.7868321194,1,5
"24863",5,6,"conf_358",5000,144,1.889036524,1,5
"24864",5,6,"conf_358",7500,144,1.0295879218,1,5
"24865",5,6,"conf_358",250,145,45.0375611717,1,5
"24866",5,6,"conf_358",500,145,31.0614220751,1,5
"24867",5,6,"conf_358",1500,145,11.2089938488,1,5
"24868",5,6,"conf_358",2500,145,9.7500038442,1,5
"24869",5,6,"conf_358",5000,145,4.3142962257,1,5
"24870",5,6,"conf_358",7500,145,1.2809050846,1,5
"24871",5,6,"conf_358",250,146,71.8305462656,1,5
"24872",5,6,"conf_358",500,146,34.3822961448,1,5
"24873",5,6,"conf_358",1500,146,11.1988857379,1,5
"24874",5,6,"conf_358",2500,146,4.5953060495,1,5
"24875",5,6,"conf_358",5000,146,2.7192699973,1,5
"24876",5,6,"conf_358",7500,146,0.6992204404,1,5
"24877",5,6,"conf_358",250,147,63.8506388584,1,5
"24878",5,6,"conf_358",500,147,28.0122866814,1,5
"24879",5,6,"conf_358",1500,147,12.3598500899,1,5
"24880",5,6,"conf_358",2500,147,6.9576595205,1,5
"24881",5,6,"conf_358",5000,147,1.3013615007,1,5
"24882",5,6,"conf_358",7500,147,0.7623149601,1,5
"24883",5,6,"conf_358",250,148,40.0077168563,1,5
"24884",5,6,"conf_358",500,148,27.4555655449,1,5
"24885",5,6,"conf_358",1500,148,10.8178994887,1,5
"24886",5,6,"conf_358",2500,148,3.3452879075,1,5
"24887",5,6,"conf_358",5000,148,1.2919568388,1,5
"24888",5,6,"conf_358",7500,148,1.2919568388,1,5
"24889",5,6,"conf_358",250,149,64.8379310181,1,5
"24890",5,6,"conf_358",500,149,39.6374486043,1,5
"24891",5,6,"conf_358",1500,149,12.7564232392,1,5
"24892",5,6,"conf_358",2500,149,6.4312396269,1,5
"24893",5,6,"conf_358",5000,149,2.5822695832,1,5
"24894",5,6,"conf_358",7500,149,1.2663004891,1,5
"24895",5,6,"conf_358",250,150,17.2887436825,1,5
"24896",5,6,"conf_358",500,150,17.2887436825,1,5
"24897",5,6,"conf_358",1500,150,8.6431536682,1,5
"24898",5,6,"conf_358",2500,150,4.6313049243,1,5
"24899",5,6,"conf_358",5000,150,1.6253517585,1,5
"24900",5,6,"conf_358",7500,150,1.260274341,1,5
"24901",5,6,"conf_358",250,151,7207.9474241645,4,5
"24902",5,6,"conf_358",500,151,3656.7979063768,4,5
"24903",5,6,"conf_358",1500,151,1.9575210894,4,5
"24904",5,6,"conf_358",2500,151,1.9575210894,4,5
"24905",5,6,"conf_358",5000,151,0.2517737148,4,5
"24906",5,6,"conf_358",7500,151,0.2514094323,4,5
"24907",5,6,"conf_358",250,152,2201.984391659,4,5
"24908",5,6,"conf_358",500,152,217.4306422633,4,5
"24909",5,6,"conf_358",1500,152,3.3327850261,4,5
"24910",5,6,"conf_358",2500,152,2.3589804953,4,5
"24911",5,6,"conf_358",5000,152,0.5347914683,4,5
"24912",5,6,"conf_358",7500,152,0.123140371,4,5
"24913",5,6,"conf_358",250,153,9740.3265508691,4,5
"24914",5,6,"conf_358",500,153,23.6838659718,4,5
"24915",5,6,"conf_358",1500,153,5.0822735794,4,5
"24916",5,6,"conf_358",2500,153,0.4291756539,4,5
"24917",5,6,"conf_358",5000,153,0.3378725208,4,5
"24918",5,6,"conf_358",7500,153,0.0802399717,4,5
"24919",5,6,"conf_358",250,154,12396.2090354556,4,5
"24920",5,6,"conf_358",500,154,3721.1113002797,4,5
"24921",5,6,"conf_358",1500,154,4.5802855314,4,5
"24922",5,6,"conf_358",2500,154,2.2489053291,4,5
"24923",5,6,"conf_358",5000,154,0.3997949348,4,5
"24924",5,6,"conf_358",7500,154,0.2884995171,4,5
"24925",5,6,"conf_358",250,155,6368.0263023314,4,5
"24926",5,6,"conf_358",500,155,2053.6524873508,4,5
"24927",5,6,"conf_358",1500,155,7.587157281,4,5
"24928",5,6,"conf_358",2500,155,2.5707560236,4,5
"24929",5,6,"conf_358",5000,155,1.2834949699,4,5
"24930",5,6,"conf_358",7500,155,0.2883575625,4,5
"24931",5,6,"conf_358",250,156,13671.883736371,4,5
"24932",5,6,"conf_358",500,156,19.4041508741,4,5
"24933",5,6,"conf_358",1500,156,4.6342334822,4,5
"24934",5,6,"conf_358",2500,156,2.4921155488,4,5
"24935",5,6,"conf_358",5000,156,0.3583556191,4,5
"24936",5,6,"conf_358",7500,156,0.0857368071,4,5
"24937",5,6,"conf_358",250,157,21.7324190095,4,5
"24938",5,6,"conf_358",500,157,21.7324190095,4,5
"24939",5,6,"conf_358",1500,157,5.8684235577,4,5
"24940",5,6,"conf_358",2500,157,2.687383023,4,5
"24941",5,6,"conf_358",5000,157,1.3834098043,4,5
"24942",5,6,"conf_358",7500,157,0.1918841271,4,5
"24943",5,6,"conf_358",250,158,3795.3753838839,4,5
"24944",5,6,"conf_358",500,158,3290.342652494,4,5
"24945",5,6,"conf_358",1500,158,3.9969934857,4,5
"24946",5,6,"conf_358",2500,158,2.9150830319,4,5
"24947",5,6,"conf_358",5000,158,2.4907640194,4,5
"24948",5,6,"conf_358",7500,158,2.4625039064,4,5
"24949",5,6,"conf_358",250,159,10.7284300143,4,5
"24950",5,6,"conf_358",500,159,10.7284300143,4,5
"24951",5,6,"conf_358",1500,159,4.4185983648,4,5
"24952",5,6,"conf_358",2500,159,2.6872214779,4,5
"24953",5,6,"conf_358",5000,159,2.4744487481,4,5
"24954",5,6,"conf_358",7500,159,2.448765573,4,5
"24955",5,6,"conf_358",250,160,80.495083073,4,5
"24956",5,6,"conf_358",500,160,22.2133977076,4,5
"24957",5,6,"conf_358",1500,160,2.7165510891,4,5
"24958",5,6,"conf_358",2500,160,2.7165510891,4,5
"24959",5,6,"conf_358",5000,160,0.4831186366,4,5
"24960",5,6,"conf_358",7500,160,0.2386670284,4,5
"24961",5,6,"conf_358",250,161,458.4243201114,4,5
"24962",5,6,"conf_358",500,161,458.4243201114,4,5
"24963",5,6,"conf_358",1500,161,3.3654415079,4,5
"24964",5,6,"conf_358",2500,161,2.6185197366,4,5
"24965",5,6,"conf_358",5000,161,0.3607842069,4,5
"24966",5,6,"conf_358",7500,161,0.1463998628,4,5
"24967",5,6,"conf_358",250,162,27425.5009607492,4,5
"24968",5,6,"conf_358",500,162,7700.315944549,4,5
"24969",5,6,"conf_358",1500,162,3.5587434503,4,5
"24970",5,6,"conf_358",2500,162,2.6280512747,4,5
"24971",5,6,"conf_358",5000,162,0.3866491401,4,5
"24972",5,6,"conf_358",7500,162,0.0855245222,4,5
"24973",5,6,"conf_358",250,163,7139.2467032432,4,5
"24974",5,6,"conf_358",500,163,959.3060820605,4,5
"24975",5,6,"conf_358",1500,163,3.1400528056,4,5
"24976",5,6,"conf_358",2500,163,2.5589289412,4,5
"24977",5,6,"conf_358",5000,163,0.5699368866,4,5
"24978",5,6,"conf_358",7500,163,0.151875125,4,5
"24979",5,6,"conf_358",250,164,825.7923355657,4,5
"24980",5,6,"conf_358",500,164,92.6364606225,4,5
"24981",5,6,"conf_358",1500,164,2.810287318,4,5
"24982",5,6,"conf_358",2500,164,2.617999479,4,5
"24983",5,6,"conf_358",5000,164,0.7229451828,4,5
"24984",5,6,"conf_358",7500,164,0.1498139645,4,5
"24985",5,6,"conf_358",250,165,15475.9262481344,4,5
"24986",5,6,"conf_358",500,165,14.1275927017,4,5
"24987",5,6,"conf_358",1500,165,2.7698043443,4,5
"24988",5,6,"conf_358",2500,165,2.7698043443,4,5
"24989",5,6,"conf_358",5000,165,0.7860667999,4,5
"24990",5,6,"conf_358",7500,165,0.3080397146,4,5
"24991",5,6,"conf_358",250,166,9040.3876023652,4,5
"24992",5,6,"conf_358",500,166,1984.8294486628,4,5
"24993",5,6,"conf_358",1500,166,4.7783299212,4,5
"24994",5,6,"conf_358",2500,166,2.8574687609,4,5
"24995",5,6,"conf_358",5000,166,0.4254245927,4,5
"24996",5,6,"conf_358",7500,166,0.2361840513,4,5
"24997",5,6,"conf_358",250,167,7589.94382059,4,5
"24998",5,6,"conf_358",500,167,1639.5182755193,4,5
"24999",5,6,"conf_358",1500,167,4.3141802729,4,5
"25000",5,6,"conf_358",2500,167,2.5205160075,4,5
"25001",5,6,"conf_358",5000,167,0.2884531803,4,5
"25002",5,6,"conf_358",7500,167,0.1780049437,4,5
"25003",5,6,"conf_358",250,168,4433.8563726258,4,5
"25004",5,6,"conf_358",500,168,18.9461954861,4,5
"25005",5,6,"conf_358",1500,168,2.7918436207,4,5
"25006",5,6,"conf_358",2500,168,2.4704136563,4,5
"25007",5,6,"conf_358",5000,168,0.6333137759,4,5
"25008",5,6,"conf_358",7500,168,0.1452344789,4,5
"25009",5,6,"conf_358",250,169,7146.1382462675,4,5
"25010",5,6,"conf_358",500,169,2021.6044166814,4,5
"25011",5,6,"conf_358",1500,169,2.6047646851,4,5
"25012",5,6,"conf_358",2500,169,2.5698233966,4,5
"25013",5,6,"conf_358",5000,169,0.6452033802,4,5
"25014",5,6,"conf_358",7500,169,0.0807012272,4,5
"25015",5,6,"conf_358",250,170,613.8011476558,4,5
"25016",5,6,"conf_358",500,170,301.3513780973,4,5
"25017",5,6,"conf_358",1500,170,6.9284519128,4,5
"25018",5,6,"conf_358",2500,170,2.370274955,4,5
"25019",5,6,"conf_358",5000,170,0.9978643332,4,5
"25020",5,6,"conf_358",7500,170,0.3256828784,4,5
"25021",5,6,"conf_358",250,171,127.4148405365,4,5
"25022",5,6,"conf_358",500,171,127.4148405365,4,5
"25023",5,6,"conf_358",1500,171,4.4153667362,4,5
"25024",5,6,"conf_358",2500,171,1.5399734924,4,5
"25025",5,6,"conf_358",5000,171,0.3805424501,4,5
"25026",5,6,"conf_358",7500,171,0.0933544418,4,5
"25027",5,6,"conf_358",250,172,23.3170945677,4,5
"25028",5,6,"conf_358",500,172,23.3170945677,4,5
"25029",5,6,"conf_358",1500,172,3.0334672075,4,5
"25030",5,6,"conf_358",2500,172,2.5931330626,4,5
"25031",5,6,"conf_358",5000,172,0.9353597826,4,5
"25032",5,6,"conf_358",7500,172,0.2906490192,4,5
"25033",5,6,"conf_358",250,173,3717.3907027751,4,5
"25034",5,6,"conf_358",500,173,12.7353178192,4,5
"25035",5,6,"conf_358",1500,173,3.9379347868,4,5
"25036",5,6,"conf_358",2500,173,2.445833591,4,5
"25037",5,6,"conf_358",5000,173,0.7288109487,4,5
"25038",5,6,"conf_358",7500,173,0.0709549797,4,5
"25039",5,6,"conf_358",250,174,6.356442407,4,5
"25040",5,6,"conf_358",500,174,6.356442407,4,5
"25041",5,6,"conf_358",1500,174,2.9810800564,4,5
"25042",5,6,"conf_358",2500,174,1.2891709354,4,5
"25043",5,6,"conf_358",5000,174,0.7554394827,4,5
"25044",5,6,"conf_358",7500,174,0.1450616326,4,5
"25045",5,6,"conf_358",250,175,10552.1832797377,4,5
"25046",5,6,"conf_358",500,175,924.8015461328,4,5
"25047",5,6,"conf_358",1500,175,2.7471161236,4,5
"25048",5,6,"conf_358",2500,175,1.3682928132,4,5
"25049",5,6,"conf_358",5000,175,0.7069485048,4,5
"25050",5,6,"conf_358",7500,175,0.0799187124,4,5
"25051",5,6,"conf_358",250,176,2892.1616486154,4,5
"25052",5,6,"conf_358",500,176,10.910157474,4,5
"25053",5,6,"conf_358",1500,176,3.3106394031,4,5
"25054",5,6,"conf_358",2500,176,2.7277201981,4,5
"25055",5,6,"conf_358",5000,176,0.3699017331,4,5
"25056",5,6,"conf_358",7500,176,0.0829245762,4,5
"25057",5,6,"conf_358",250,177,1688.7943284572,4,5
"25058",5,6,"conf_358",500,177,937.7293983854,4,5
"25059",5,6,"conf_358",1500,177,5.1255754906,4,5
"25060",5,6,"conf_358",2500,177,2.4027279779,4,5
"25061",5,6,"conf_358",5000,177,0.6538882388,4,5
"25062",5,6,"conf_358",7500,177,0.1277778602,4,5
"25063",5,6,"conf_358",250,178,35698.9545501182,4,5
"25064",5,6,"conf_358",500,178,3936.9953298756,4,5
"25065",5,6,"conf_358",1500,178,3.7484052171,4,5
"25066",5,6,"conf_358",2500,178,2.9702066,4,5
"25067",5,6,"conf_358",5000,178,0.327067086,4,5
"25068",5,6,"conf_358",7500,178,0.2045009339,4,5
"25069",5,6,"conf_358",250,179,112.7952945063,4,5
"25070",5,6,"conf_358",500,179,112.7952945063,4,5
"25071",5,6,"conf_358",1500,179,2.6382704707,4,5
"25072",5,6,"conf_358",2500,179,2.4096962708,4,5
"25073",5,6,"conf_358",5000,179,0.355954125,4,5
"25074",5,6,"conf_358",7500,179,0.2169453415,4,5
"25075",5,6,"conf_358",250,180,1159.3150202931,4,5
"25076",5,6,"conf_358",500,180,1159.3150202931,4,5
"25077",5,6,"conf_358",1500,180,4.105804168,4,5
"25078",5,6,"conf_358",2500,180,2.5163031562,4,5
"25079",5,6,"conf_358",5000,180,0.7293651905,4,5
"25080",5,6,"conf_358",7500,180,0.1509653787,4,5
"25081",5,6,"conf_358",250,181,397.9453445739,4,5
"25082",5,6,"conf_358",500,181,397.9453445739,4,5
"25083",5,6,"conf_358",1500,181,3.2288185481,4,5
"25084",5,6,"conf_358",2500,181,2.7141784332,4,5
"25085",5,6,"conf_358",5000,181,0.4163221597,4,5
"25086",5,6,"conf_358",7500,181,0.1038021095,4,5
"25087",5,6,"conf_358",250,182,5197.7966686822,4,5
"25088",5,6,"conf_358",500,182,394.3027438082,4,5
"25089",5,6,"conf_358",1500,182,4.1144344328,4,5
"25090",5,6,"conf_358",2500,182,2.4821614497,4,5
"25091",5,6,"conf_358",5000,182,0.5956617252,4,5
"25092",5,6,"conf_358",7500,182,0.0639584744,4,5
"25093",5,6,"conf_358",250,183,11937.130833701,4,5
"25094",5,6,"conf_358",500,183,3748.2922854157,4,5
"25095",5,6,"conf_358",1500,183,2.7751724367,4,5
"25096",5,6,"conf_358",2500,183,2.7733201041,4,5
"25097",5,6,"conf_358",5000,183,0.3870577278,4,5
"25098",5,6,"conf_358",7500,183,0.3015418851,4,5
"25099",5,6,"conf_358",250,184,9840.0098793855,4,5
"25100",5,6,"conf_358",500,184,19.3993909982,4,5
"25101",5,6,"conf_358",1500,184,4.0917220264,4,5
"25102",5,6,"conf_358",2500,184,1.7397671122,4,5
"25103",5,6,"conf_358",5000,184,0.3962964313,4,5
"25104",5,6,"conf_358",7500,184,0.2586652366,4,5
"25105",5,6,"conf_358",250,185,9021.4685753638,4,5
"25106",5,6,"conf_358",500,185,833.081637633,4,5
"25107",5,6,"conf_358",1500,185,3.0491372839,4,5
"25108",5,6,"conf_358",2500,185,0.8601444276,4,5
"25109",5,6,"conf_358",5000,185,0.3747774041,4,5
"25110",5,6,"conf_358",7500,185,0.3642442368,4,5
"25111",5,6,"conf_358",250,186,14750.5680196219,4,5
"25112",5,6,"conf_358",500,186,3797.4726182804,4,5
"25113",5,6,"conf_358",1500,186,4.1219016335,4,5
"25114",5,6,"conf_358",2500,186,2.6834156319,4,5
"25115",5,6,"conf_358",5000,186,2.4899965826,4,5
"25116",5,6,"conf_358",7500,186,2.450486524,4,5
"25117",5,6,"conf_358",250,187,1134.0500602523,4,5
"25118",5,6,"conf_358",500,187,12.4862192573,4,5
"25119",5,6,"conf_358",1500,187,4.3453855882,4,5
"25120",5,6,"conf_358",2500,187,1.389304255,4,5
"25121",5,6,"conf_358",5000,187,0.2431413195,4,5
"25122",5,6,"conf_358",7500,187,0.1895748204,4,5
"25123",5,6,"conf_358",250,188,1905.6473991458,4,5
"25124",5,6,"conf_358",500,188,370.9092111576,4,5
"25125",5,6,"conf_358",1500,188,4.7778737478,4,5
"25126",5,6,"conf_358",2500,188,2.2308446014,4,5
"25127",5,6,"conf_358",5000,188,0.4796575383,4,5
"25128",5,6,"conf_358",7500,188,0.2225507753,4,5
"25129",5,6,"conf_358",250,189,329.0017377984,4,5
"25130",5,6,"conf_358",500,189,329.0017377984,4,5
"25131",5,6,"conf_358",1500,189,3.4322239194,4,5
"25132",5,6,"conf_358",2500,189,2.543911441,4,5
"25133",5,6,"conf_358",5000,189,1.3347474585,4,5
"25134",5,6,"conf_358",7500,189,0.2527834363,4,5
"25135",5,6,"conf_358",250,190,18601.6375819516,4,5
"25136",5,6,"conf_358",500,190,6149.0122666623,4,5
"25137",5,6,"conf_358",1500,190,8.8174332499,4,5
"25138",5,6,"conf_358",2500,190,2.5915583496,4,5
"25139",5,6,"conf_358",5000,190,0.5947091696,4,5
"25140",5,6,"conf_358",7500,190,0.1502982551,4,5
"25141",5,6,"conf_358",250,191,494.2579330505,4,5
"25142",5,6,"conf_358",500,191,66.2241528724,4,5
"25143",5,6,"conf_358",1500,191,3.0503457191,4,5
"25144",5,6,"conf_358",2500,191,1.5889173005,4,5
"25145",5,6,"conf_358",5000,191,0.4056099576,4,5
"25146",5,6,"conf_358",7500,191,0.1918004936,4,5
"25147",5,6,"conf_358",250,192,16.2435761264,4,5
"25148",5,6,"conf_358",500,192,16.2435761264,4,5
"25149",5,6,"conf_358",1500,192,3.9623705589,4,5
"25150",5,6,"conf_358",2500,192,2.7036226289,4,5
"25151",5,6,"conf_358",5000,192,0.5015424861,4,5
"25152",5,6,"conf_358",7500,192,0.1744261508,4,5
"25153",5,6,"conf_358",250,193,702.1837175931,4,5
"25154",5,6,"conf_358",500,193,22.4106647928,4,5
"25155",5,6,"conf_358",1500,193,2.5176629936,4,5
"25156",5,6,"conf_358",2500,193,1.7957775658,4,5
"25157",5,6,"conf_358",5000,193,0.7662819658,4,5
"25158",5,6,"conf_358",7500,193,0.249032362,4,5
"25159",5,6,"conf_358",250,194,4612.6545729128,4,5
"25160",5,6,"conf_358",500,194,22.9568922804,4,5
"25161",5,6,"conf_358",1500,194,8.2833675701,4,5
"25162",5,6,"conf_358",2500,194,2.5499072266,4,5
"25163",5,6,"conf_358",5000,194,0.7504370312,4,5
"25164",5,6,"conf_358",7500,194,0.0508758285,4,5
"25165",5,6,"conf_358",250,195,4750.6340904992,4,5
"25166",5,6,"conf_358",500,195,2071.085137871,4,5
"25167",5,6,"conf_358",1500,195,2.8989836142,4,5
"25168",5,6,"conf_358",2500,195,0.7290468151,4,5
"25169",5,6,"conf_358",5000,195,0.3483321593,4,5
"25170",5,6,"conf_358",7500,195,0.2724683979,4,5
"25171",5,6,"conf_358",250,196,6761.0738912963,4,5
"25172",5,6,"conf_358",500,196,3638.6898276585,4,5
"25173",5,6,"conf_358",1500,196,1.1726527794,4,5
"25174",5,6,"conf_358",2500,196,1.1177289279,4,5
"25175",5,6,"conf_358",5000,196,0.6377616227,4,5
"25176",5,6,"conf_358",7500,196,0.2832838502,4,5
"25177",5,6,"conf_358",250,197,3248.7383124333,4,5
"25178",5,6,"conf_358",500,197,281.7822739471,4,5
"25179",5,6,"conf_358",1500,197,3.9595464319,4,5
"25180",5,6,"conf_358",2500,197,2.7108026137,4,5
"25181",5,6,"conf_358",5000,197,2.4715901031,4,5
"25182",5,6,"conf_358",7500,197,2.4096224511,4,5
"25183",5,6,"conf_358",250,198,10836.7290212846,4,5
"25184",5,6,"conf_358",500,198,366.5938319603,4,5
"25185",5,6,"conf_358",1500,198,2.6974352332,4,5
"25186",5,6,"conf_358",2500,198,1.580729091,4,5
"25187",5,6,"conf_358",5000,198,0.3563434197,4,5
"25188",5,6,"conf_358",7500,198,0.1746613517,4,5
"25189",5,6,"conf_358",250,199,519.4525837502,4,5
"25190",5,6,"conf_358",500,199,519.4525837502,4,5
"25191",5,6,"conf_358",1500,199,3.3474726611,4,5
"25192",5,6,"conf_358",2500,199,2.2538699448,4,5
"25193",5,6,"conf_358",5000,199,0.7304976752,4,5
"25194",5,6,"conf_358",7500,199,0.2102808332,4,5
"25195",5,6,"conf_358",250,200,1934.4312937635,4,5
"25196",5,6,"conf_358",500,200,1038.8707836684,4,5
"25197",5,6,"conf_358",1500,200,4.56999879,4,5
"25198",5,6,"conf_358",2500,200,1.799142187,4,5
"25199",5,6,"conf_358",5000,200,0.4215102831,4,5
"25200",5,6,"conf_358",7500,200,0.1487969201,4,5
"25201",5,7,"conf_358",250,1,13.100099607,2,5
"25202",5,7,"conf_358",500,1,13.100099607,2,5
"25203",5,7,"conf_358",1500,1,0.8092251164,2,5
"25204",5,7,"conf_358",2500,1,0.4023354947,2,5
"25205",5,7,"conf_358",5000,1,0.0672871529,2,5
"25206",5,7,"conf_358",7500,1,0.0307410213,2,5
"25207",5,7,"conf_358",250,2,13.4212782339,2,5
"25208",5,7,"conf_358",500,2,3.1702475691,2,5
"25209",5,7,"conf_358",1500,2,1.8515944431,2,5
"25210",5,7,"conf_358",2500,2,1.7002973031,2,5
"25211",5,7,"conf_358",5000,2,0.3288566348,2,5
"25212",5,7,"conf_358",7500,2,0.0256321515,2,5
"25213",5,7,"conf_358",250,3,17.0390732766,2,5
"25214",5,7,"conf_358",500,3,16.1360564563,2,5
"25215",5,7,"conf_358",1500,3,2.50624758,2,5
"25216",5,7,"conf_358",2500,3,0.3596446826,2,5
"25217",5,7,"conf_358",5000,3,0.1024007557,2,5
"25218",5,7,"conf_358",7500,3,0,2,5
"25219",5,7,"conf_358",250,4,13.9238741533,2,5
"25220",5,7,"conf_358",500,4,9.4994170663,2,5
"25221",5,7,"conf_358",1500,4,2.6403633478,2,5
"25222",5,7,"conf_358",2500,4,1.0545049523,2,5
"25223",5,7,"conf_358",5000,4,0.1901429891,2,5
"25224",5,7,"conf_358",7500,4,0.0249618614,2,5
"25225",5,7,"conf_358",250,5,15.2456430877,2,5
"25226",5,7,"conf_358",500,5,13.2380851175,2,5
"25227",5,7,"conf_358",1500,5,1.6265491277,2,5
"25228",5,7,"conf_358",2500,5,0.7083067022,2,5
"25229",5,7,"conf_358",5000,5,0.0853593398,2,5
"25230",5,7,"conf_358",7500,5,0.0246957412,2,5
"25231",5,7,"conf_358",250,6,21.7915593341,2,5
"25232",5,7,"conf_358",500,6,11.0992450257,2,5
"25233",5,7,"conf_358",1500,6,3.5006334111,2,5
"25234",5,7,"conf_358",2500,6,2.386620401,2,5
"25235",5,7,"conf_358",5000,6,0.261114695,2,5
"25236",5,7,"conf_358",7500,6,0.063662374,2,5
"25237",5,7,"conf_358",250,7,17.7659895597,2,5
"25238",5,7,"conf_358",500,7,13.7586573314,2,5
"25239",5,7,"conf_358",1500,7,4.4053775338,2,5
"25240",5,7,"conf_358",2500,7,1.3226270885,2,5
"25241",5,7,"conf_358",5000,7,0.171721671,2,5
"25242",5,7,"conf_358",7500,7,0.0246957412,2,5
"25243",5,7,"conf_358",250,8,13.7002276431,2,5
"25244",5,7,"conf_358",500,8,7.8830687233,2,5
"25245",5,7,"conf_358",1500,8,2.1382386116,2,5
"25246",5,7,"conf_358",2500,8,1.175004739,2,5
"25247",5,7,"conf_358",5000,8,0.3256792159,2,5
"25248",5,7,"conf_358",7500,8,0.0137409795,2,5
"25249",5,7,"conf_358",250,9,22.3032051037,2,5
"25250",5,7,"conf_358",500,9,13.6734471363,2,5
"25251",5,7,"conf_358",1500,9,1.7570483318,2,5
"25252",5,7,"conf_358",2500,9,1.7546617895,2,5
"25253",5,7,"conf_358",5000,9,0.3276579356,2,5
"25254",5,7,"conf_358",7500,9,0.0754814082,2,5
"25255",5,7,"conf_358",250,10,29.8854276321,2,5
"25256",5,7,"conf_358",500,10,11.97305965,2,5
"25257",5,7,"conf_358",1500,10,1.5464105886,2,5
"25258",5,7,"conf_358",2500,10,1.1826198591,2,5
"25259",5,7,"conf_358",5000,10,0.1510299475,2,5
"25260",5,7,"conf_358",7500,10,0.0137409795,2,5
"25261",5,7,"conf_358",250,11,13.6499951899,2,5
"25262",5,7,"conf_358",500,11,13.1491498872,2,5
"25263",5,7,"conf_358",1500,11,1.0560130962,2,5
"25264",5,7,"conf_358",2500,11,0.9139565271,2,5
"25265",5,7,"conf_358",5000,11,0.1294664757,2,5
"25266",5,7,"conf_358",7500,11,0.0315912975,2,5
"25267",5,7,"conf_358",250,12,28.8664148308,2,5
"25268",5,7,"conf_358",500,12,3.9201837653,2,5
"25269",5,7,"conf_358",1500,12,1.8519458165,2,5
"25270",5,7,"conf_358",2500,12,0.2572831379,2,5
"25271",5,7,"conf_358",5000,12,0.0531530288,2,5
"25272",5,7,"conf_358",7500,12,0.0336302326,2,5
"25273",5,7,"conf_358",250,13,10.7413882127,2,5
"25274",5,7,"conf_358",500,13,10.7413882127,2,5
"25275",5,7,"conf_358",1500,13,1.5197860771,2,5
"25276",5,7,"conf_358",2500,13,0.4025657968,2,5
"25277",5,7,"conf_358",5000,13,0.0642400177,2,5
"25278",5,7,"conf_358",7500,13,0.0216419826,2,5
"25279",5,7,"conf_358",250,14,17.0295922801,2,5
"25280",5,7,"conf_358",500,14,8.503207418,2,5
"25281",5,7,"conf_358",1500,14,2.8508158838,2,5
"25282",5,7,"conf_358",2500,14,0.7296759228,2,5
"25283",5,7,"conf_358",5000,14,0.2197576408,2,5
"25284",5,7,"conf_358",7500,14,0.0170001368,2,5
"25285",5,7,"conf_358",250,15,14.9404666334,2,5
"25286",5,7,"conf_358",500,15,7.6992924168,2,5
"25287",5,7,"conf_358",1500,15,4.1323679421,2,5
"25288",5,7,"conf_358",2500,15,2.1203707876,2,5
"25289",5,7,"conf_358",5000,15,0.3483536693,2,5
"25290",5,7,"conf_358",7500,15,0.029356822,2,5
"25291",5,7,"conf_358",250,16,8.5313878785,2,5
"25292",5,7,"conf_358",500,16,3.58020616,2,5
"25293",5,7,"conf_358",1500,16,1.7795693922,2,5
"25294",5,7,"conf_358",2500,16,1.2149265581,2,5
"25295",5,7,"conf_358",5000,16,0.1222922603,2,5
"25296",5,7,"conf_358",7500,16,0.0351003626,2,5
"25297",5,7,"conf_358",250,17,20.5618534302,2,5
"25298",5,7,"conf_358",500,17,9.7849704474,2,5
"25299",5,7,"conf_358",1500,17,4.1487557563,2,5
"25300",5,7,"conf_358",2500,17,2.1972623885,2,5
"25301",5,7,"conf_358",5000,17,0.1715941683,2,5
"25302",5,7,"conf_358",7500,17,0.0249618614,2,5
"25303",5,7,"conf_358",250,18,18.4586104197,2,5
"25304",5,7,"conf_358",500,18,11.9530956075,2,5
"25305",5,7,"conf_358",1500,18,3.5670259674,2,5
"25306",5,7,"conf_358",2500,18,1.3668745761,2,5
"25307",5,7,"conf_358",5000,18,0.1089234416,2,5
"25308",5,7,"conf_358",7500,18,0.0368503039,2,5
"25309",5,7,"conf_358",250,19,4.5381088908,2,5
"25310",5,7,"conf_358",500,19,4.5381088908,2,5
"25311",5,7,"conf_358",1500,19,2.7103750749,2,5
"25312",5,7,"conf_358",2500,19,1.1980901782,2,5
"25313",5,7,"conf_358",5000,19,0.029356822,2,5
"25314",5,7,"conf_358",7500,19,0.029356822,2,5
"25315",5,7,"conf_358",250,20,15.0752078544,2,5
"25316",5,7,"conf_358",500,20,12.7505710789,2,5
"25317",5,7,"conf_358",1500,20,3.4188992404,2,5
"25318",5,7,"conf_358",2500,20,0.6410287155,2,5
"25319",5,7,"conf_358",5000,20,0.1469353194,2,5
"25320",5,7,"conf_358",7500,20,0.038282093,2,5
"25321",5,7,"conf_358",250,21,20.4971607941,2,5
"25322",5,7,"conf_358",500,21,15.6776549603,2,5
"25323",5,7,"conf_358",1500,21,4.036491837,2,5
"25324",5,7,"conf_358",2500,21,0.1771675126,2,5
"25325",5,7,"conf_358",5000,21,0.095425147,2,5
"25326",5,7,"conf_358",7500,21,0.024695919,2,5
"25327",5,7,"conf_358",250,22,13.6147859705,2,5
"25328",5,7,"conf_358",500,22,6.7406762296,2,5
"25329",5,7,"conf_358",1500,22,5.143136563,2,5
"25330",5,7,"conf_358",2500,22,1.310300271,2,5
"25331",5,7,"conf_358",5000,22,0.168682039,2,5
"25332",5,7,"conf_358",7500,22,0.0640747923,2,5
"25333",5,7,"conf_358",250,23,13.1502504007,2,5
"25334",5,7,"conf_358",500,23,3.6695111684,2,5
"25335",5,7,"conf_358",1500,23,1.0718515498,2,5
"25336",5,7,"conf_358",2500,23,0.6284848884,2,5
"25337",5,7,"conf_358",5000,23,0.1346329793,2,5
"25338",5,7,"conf_358",7500,23,0.0254475728,2,5
"25339",5,7,"conf_358",250,24,20.883065748,2,5
"25340",5,7,"conf_358",500,24,9.4009137415,2,5
"25341",5,7,"conf_358",1500,24,0.7664255238,2,5
"25342",5,7,"conf_358",2500,24,0.2111470967,2,5
"25343",5,7,"conf_358",5000,24,0.2004251301,2,5
"25344",5,7,"conf_358",7500,24,0.0305290347,2,5
"25345",5,7,"conf_358",250,25,5.7925715415,2,5
"25346",5,7,"conf_358",500,25,5.7925715415,2,5
"25347",5,7,"conf_358",1500,25,2.6736523068,2,5
"25348",5,7,"conf_358",2500,25,1.1115638366,2,5
"25349",5,7,"conf_358",5000,25,0.1128397181,2,5
"25350",5,7,"conf_358",7500,25,0.0246957412,2,5
"25351",5,7,"conf_358",250,26,10.0884556511,2,5
"25352",5,7,"conf_358",500,26,9.2844124409,2,5
"25353",5,7,"conf_358",1500,26,2.6684486555,2,5
"25354",5,7,"conf_358",2500,26,1.1004652552,2,5
"25355",5,7,"conf_358",5000,26,0.0773801729,2,5
"25356",5,7,"conf_358",7500,26,0.0249251912,2,5
"25357",5,7,"conf_358",250,27,12.3325206621,2,5
"25358",5,7,"conf_358",500,27,6.8755206236,2,5
"25359",5,7,"conf_358",1500,27,4.0757159612,2,5
"25360",5,7,"conf_358",2500,27,1.19779092,2,5
"25361",5,7,"conf_358",5000,27,0.1394390963,2,5
"25362",5,7,"conf_358",7500,27,0.024695919,2,5
"25363",5,7,"conf_358",250,28,4.83804162,2,5
"25364",5,7,"conf_358",500,28,4.3576363296,2,5
"25365",5,7,"conf_358",1500,28,1.9368022717,2,5
"25366",5,7,"conf_358",2500,28,0.4096917835,2,5
"25367",5,7,"conf_358",5000,28,0.1701878018,2,5
"25368",5,7,"conf_358",7500,28,0.0160600044,2,5
"25369",5,7,"conf_358",250,29,30.1771019197,2,5
"25370",5,7,"conf_358",500,29,14.87417025,2,5
"25371",5,7,"conf_358",1500,29,1.9171004572,2,5
"25372",5,7,"conf_358",2500,29,0.4672258459,2,5
"25373",5,7,"conf_358",5000,29,0.0470806491,2,5
"25374",5,7,"conf_358",7500,29,0.0304070545,2,5
"25375",5,7,"conf_358",250,30,8.605486748,2,5
"25376",5,7,"conf_358",500,30,8.605486748,2,5
"25377",5,7,"conf_358",1500,30,3.5100362625,2,5
"25378",5,7,"conf_358",2500,30,1.4155856555,2,5
"25379",5,7,"conf_358",5000,30,0.037269361,2,5
"25380",5,7,"conf_358",7500,30,0.0216419826,2,5
"25381",5,7,"conf_358",250,31,19.0060197934,2,5
"25382",5,7,"conf_358",500,31,9.7571386942,2,5
"25383",5,7,"conf_358",1500,31,2.8152031876,2,5
"25384",5,7,"conf_358",2500,31,1.597076315,2,5
"25385",5,7,"conf_358",5000,31,0.243606697,2,5
"25386",5,7,"conf_358",7500,31,0.0315912975,2,5
"25387",5,7,"conf_358",250,32,26.4833791691,2,5
"25388",5,7,"conf_358",500,32,7.6990999902,2,5
"25389",5,7,"conf_358",1500,32,0.7574786308,2,5
"25390",5,7,"conf_358",2500,32,0.4375569368,2,5
"25391",5,7,"conf_358",5000,32,0.0490478323,2,5
"25392",5,7,"conf_358",7500,32,0.0049467812,2,5
"25393",5,7,"conf_358",250,33,25.851217966,2,5
"25394",5,7,"conf_358",500,33,12.8315150607,2,5
"25395",5,7,"conf_358",1500,33,1.8667435461,2,5
"25396",5,7,"conf_358",2500,33,1.5687554799,2,5
"25397",5,7,"conf_358",5000,33,0.1554197912,2,5
"25398",5,7,"conf_358",7500,33,0.0137409795,2,5
"25399",5,7,"conf_358",250,34,14.0703887345,2,5
"25400",5,7,"conf_358",500,34,6.0161255101,2,5
"25401",5,7,"conf_358",1500,34,2.2657068312,2,5
"25402",5,7,"conf_358",2500,34,0.6963412428,2,5
"25403",5,7,"conf_358",5000,34,0.2991716571,2,5
"25404",5,7,"conf_358",7500,34,0.0513191997,2,5
"25405",5,7,"conf_358",250,35,12.6796187728,2,5
"25406",5,7,"conf_358",500,35,12.0027505281,2,5
"25407",5,7,"conf_358",1500,35,4.5683476052,2,5
"25408",5,7,"conf_358",2500,35,0.7332006849,2,5
"25409",5,7,"conf_358",5000,35,0.1545099677,2,5
"25410",5,7,"conf_358",7500,35,0.0160600044,2,5
"25411",5,7,"conf_358",250,36,16.028845316,2,5
"25412",5,7,"conf_358",500,36,16.028845316,2,5
"25413",5,7,"conf_358",1500,36,2.1894070313,2,5
"25414",5,7,"conf_358",2500,36,0.8803202296,2,5
"25415",5,7,"conf_358",5000,36,0.1896543809,2,5
"25416",5,7,"conf_358",7500,36,0.0274218107,2,5
"25417",5,7,"conf_358",250,37,10.9522717264,2,5
"25418",5,7,"conf_358",500,37,10.9522717264,2,5
"25419",5,7,"conf_358",1500,37,0.7721205924,2,5
"25420",5,7,"conf_358",2500,37,0.6700909402,2,5
"25421",5,7,"conf_358",5000,37,0.0923197549,2,5
"25422",5,7,"conf_358",7500,37,0.0254475728,2,5
"25423",5,7,"conf_358",250,38,17.7452255952,2,5
"25424",5,7,"conf_358",500,38,10.5306792784,2,5
"25425",5,7,"conf_358",1500,38,1.9212692661,2,5
"25426",5,7,"conf_358",2500,38,1.7464366485,2,5
"25427",5,7,"conf_358",5000,38,0.0956065058,2,5
"25428",5,7,"conf_358",7500,38,0.0434835736,2,5
"25429",5,7,"conf_358",250,39,14.7583461751,2,5
"25430",5,7,"conf_358",500,39,7.4146888603,2,5
"25431",5,7,"conf_358",1500,39,2.0020745505,2,5
"25432",5,7,"conf_358",2500,39,0.5952831402,2,5
"25433",5,7,"conf_358",5000,39,0.1140498571,2,5
"25434",5,7,"conf_358",7500,39,0.0330774486,2,5
"25435",5,7,"conf_358",250,40,11.2496805378,2,5
"25436",5,7,"conf_358",500,40,9.2989837821,2,5
"25437",5,7,"conf_358",1500,40,2.4668314403,2,5
"25438",5,7,"conf_358",2500,40,1.1517530746,2,5
"25439",5,7,"conf_358",5000,40,0.1368496271,2,5
"25440",5,7,"conf_358",7500,40,0.0434835736,2,5
"25441",5,7,"conf_358",250,41,10.9168479777,2,5
"25442",5,7,"conf_358",500,41,10.9168479777,2,5
"25443",5,7,"conf_358",1500,41,2.1943319838,2,5
"25444",5,7,"conf_358",2500,41,0.5293364242,2,5
"25445",5,7,"conf_358",5000,41,0.0758080891,2,5
"25446",5,7,"conf_358",7500,41,0.0229669813,2,5
"25447",5,7,"conf_358",250,42,31.5650865067,2,5
"25448",5,7,"conf_358",500,42,10.9997951627,2,5
"25449",5,7,"conf_358",1500,42,2.6906824021,2,5
"25450",5,7,"conf_358",2500,42,1.9454426414,2,5
"25451",5,7,"conf_358",5000,42,0.1073520835,2,5
"25452",5,7,"conf_358",7500,42,0.0486579084,2,5
"25453",5,7,"conf_358",250,43,12.8531143611,2,5
"25454",5,7,"conf_358",500,43,12.8531143611,2,5
"25455",5,7,"conf_358",1500,43,1.6757613984,2,5
"25456",5,7,"conf_358",2500,43,1.1995512389,2,5
"25457",5,7,"conf_358",5000,43,0.4467789183,2,5
"25458",5,7,"conf_358",7500,43,0.0556365194,2,5
"25459",5,7,"conf_358",250,44,15.9981408762,2,5
"25460",5,7,"conf_358",500,44,13.5654569444,2,5
"25461",5,7,"conf_358",1500,44,2.7302307486,2,5
"25462",5,7,"conf_358",2500,44,0.7575271796,2,5
"25463",5,7,"conf_358",5000,44,0.3266676637,2,5
"25464",5,7,"conf_358",7500,44,0.020693942,2,5
"25465",5,7,"conf_358",250,45,12.7285140098,2,5
"25466",5,7,"conf_358",500,45,12.3557690016,2,5
"25467",5,7,"conf_358",1500,45,4.2501068742,2,5
"25468",5,7,"conf_358",2500,45,1.9594925606,2,5
"25469",5,7,"conf_358",5000,45,0.1896543809,2,5
"25470",5,7,"conf_358",7500,45,0.0182616846,2,5
"25471",5,7,"conf_358",250,46,8.9972551063,2,5
"25472",5,7,"conf_358",500,46,8.9972551063,2,5
"25473",5,7,"conf_358",1500,46,2.8227588311,2,5
"25474",5,7,"conf_358",2500,46,1.6224791689,2,5
"25475",5,7,"conf_358",5000,46,0.1807037339,2,5
"25476",5,7,"conf_358",7500,46,0.0306563884,2,5
"25477",5,7,"conf_358",250,47,9.7974696083,2,5
"25478",5,7,"conf_358",500,47,4.6345254341,2,5
"25479",5,7,"conf_358",1500,47,2.7061584682,2,5
"25480",5,7,"conf_358",2500,47,1.650454854,2,5
"25481",5,7,"conf_358",5000,47,0.2101643154,2,5
"25482",5,7,"conf_358",7500,47,0.0229669813,2,5
"25483",5,7,"conf_358",250,48,24.0564208886,2,5
"25484",5,7,"conf_358",500,48,13.5351939666,2,5
"25485",5,7,"conf_358",1500,48,1.9685789132,2,5
"25486",5,7,"conf_358",2500,48,1.0615655729,2,5
"25487",5,7,"conf_358",5000,48,0.078166176,2,5
"25488",5,7,"conf_358",7500,48,0.020693942,2,5
"25489",5,7,"conf_358",250,49,15.0074853619,2,5
"25490",5,7,"conf_358",500,49,10.2719079397,2,5
"25491",5,7,"conf_358",1500,49,1.7296504443,2,5
"25492",5,7,"conf_358",2500,49,1.3118014956,2,5
"25493",5,7,"conf_358",5000,49,0.0475153272,2,5
"25494",5,7,"conf_358",7500,49,0.0351003626,2,5
"25495",5,7,"conf_358",250,50,6.4498242118,2,5
"25496",5,7,"conf_358",500,50,4.6700907649,2,5
"25497",5,7,"conf_358",1500,50,2.8781339527,2,5
"25498",5,7,"conf_358",2500,50,1.4624232571,2,5
"25499",5,7,"conf_358",5000,50,0.1582727327,2,5
"25500",5,7,"conf_358",7500,50,0.0137409795,2,5
"25501",5,7,"conf_358",250,51,21.4159548505,1,5
"25502",5,7,"conf_358",500,51,19.062778154,1,5
"25503",5,7,"conf_358",1500,51,1.0714496254,1,5
"25504",5,7,"conf_358",2500,51,1.0714496254,1,5
"25505",5,7,"conf_358",5000,51,0.4444559989,1,5
"25506",5,7,"conf_358",7500,51,0.0783149363,1,5
"25507",5,7,"conf_358",250,52,19.0522190265,1,5
"25508",5,7,"conf_358",500,52,19.0522190265,1,5
"25509",5,7,"conf_358",1500,52,6.7287752495,1,5
"25510",5,7,"conf_358",2500,52,2.26486761,1,5
"25511",5,7,"conf_358",5000,52,0.3336911219,1,5
"25512",5,7,"conf_358",7500,52,0.0355951668,1,5
"25513",5,7,"conf_358",250,53,5.2656736197,1,5
"25514",5,7,"conf_358",500,53,5.2656736197,1,5
"25515",5,7,"conf_358",1500,53,4.0689768888,1,5
"25516",5,7,"conf_358",2500,53,0.1860850069,1,5
"25517",5,7,"conf_358",5000,53,0.0773663923,1,5
"25518",5,7,"conf_358",7500,53,0.0180755311,1,5
"25519",5,7,"conf_358",250,54,18.8179828007,1,5
"25520",5,7,"conf_358",500,54,6.8561660006,1,5
"25521",5,7,"conf_358",1500,54,2.6420231149,1,5
"25522",5,7,"conf_358",2500,54,2.4559552147,1,5
"25523",5,7,"conf_358",5000,54,0.2841209561,1,5
"25524",5,7,"conf_358",7500,54,0.0433617109,1,5
"25525",5,7,"conf_358",250,55,16.3716416264,1,5
"25526",5,7,"conf_358",500,55,14.6634103263,1,5
"25527",5,7,"conf_358",1500,55,4.6531940948,1,5
"25528",5,7,"conf_358",2500,55,1.4130881429,1,5
"25529",5,7,"conf_358",5000,55,0.2538107047,1,5
"25530",5,7,"conf_358",7500,55,0.0205991359,1,5
"25531",5,7,"conf_358",250,56,29.7243756131,1,5
"25532",5,7,"conf_358",500,56,10.7802727581,1,5
"25533",5,7,"conf_358",1500,56,3.6285412106,1,5
"25534",5,7,"conf_358",2500,56,1.997810845,1,5
"25535",5,7,"conf_358",5000,56,0.2665350869,1,5
"25536",5,7,"conf_358",7500,56,0.0803372559,1,5
"25537",5,7,"conf_358",250,57,18.6341578143,1,5
"25538",5,7,"conf_358",500,57,12.7280956463,1,5
"25539",5,7,"conf_358",1500,57,4.8907948563,1,5
"25540",5,7,"conf_358",2500,57,2.2434378916,1,5
"25541",5,7,"conf_358",5000,57,0.3555055958,1,5
"25542",5,7,"conf_358",7500,57,0.1024964501,1,5
"25543",5,7,"conf_358",250,58,16.0550254694,1,5
"25544",5,7,"conf_358",500,58,8.5556455676,1,5
"25545",5,7,"conf_358",1500,58,0.7299341378,1,5
"25546",5,7,"conf_358",2500,58,0.7299341378,1,5
"25547",5,7,"conf_358",5000,58,0.5782001286,1,5
"25548",5,7,"conf_358",7500,58,0.0741398184,1,5
"25549",5,7,"conf_358",250,59,34.5000838534,1,5
"25550",5,7,"conf_358",500,59,8.1243467416,1,5
"25551",5,7,"conf_358",1500,59,2.4559552147,1,5
"25552",5,7,"conf_358",2500,59,1.076929022,1,5
"25553",5,7,"conf_358",5000,59,0.6390287434,1,5
"25554",5,7,"conf_358",7500,59,0.1343280265,1,5
"25555",5,7,"conf_358",250,60,12.1162972943,1,5
"25556",5,7,"conf_358",500,60,12.1162972943,1,5
"25557",5,7,"conf_358",1500,60,3.6007754643,1,5
"25558",5,7,"conf_358",2500,60,3.5897438517,1,5
"25559",5,7,"conf_358",5000,60,0.2593243983,1,5
"25560",5,7,"conf_358",7500,60,0.0571588563,1,5
"25561",5,7,"conf_358",250,61,16.8685367617,1,5
"25562",5,7,"conf_358",500,61,16.8685367617,1,5
"25563",5,7,"conf_358",1500,61,2.6966295244,1,5
"25564",5,7,"conf_358",2500,61,1.7351530873,1,5
"25565",5,7,"conf_358",5000,61,0.5356083838,1,5
"25566",5,7,"conf_358",7500,61,0.0249532417,1,5
"25567",5,7,"conf_358",250,62,30.0593777826,1,5
"25568",5,7,"conf_358",500,62,30.0593777826,1,5
"25569",5,7,"conf_358",1500,62,7.0700118671,1,5
"25570",5,7,"conf_358",2500,62,4.2914357829,1,5
"25571",5,7,"conf_358",5000,62,0.6905329911,1,5
"25572",5,7,"conf_358",7500,62,0.0155797582,1,5
"25573",5,7,"conf_358",250,63,13.7146085982,1,5
"25574",5,7,"conf_358",500,63,13.7146085982,1,5
"25575",5,7,"conf_358",1500,63,2.5561149737,1,5
"25576",5,7,"conf_358",2500,63,0.473978761,1,5
"25577",5,7,"conf_358",5000,63,0.1495399413,1,5
"25578",5,7,"conf_358",7500,63,0.1073180017,1,5
"25579",5,7,"conf_358",250,64,19.2895949048,1,5
"25580",5,7,"conf_358",500,64,19.2895949048,1,5
"25581",5,7,"conf_358",1500,64,2.544687876,1,5
"25582",5,7,"conf_358",2500,64,1.8336524316,1,5
"25583",5,7,"conf_358",5000,64,0.648261141,1,5
"25584",5,7,"conf_358",7500,64,0.0609019253,1,5
"25585",5,7,"conf_358",250,65,21.0365934816,1,5
"25586",5,7,"conf_358",500,65,21.0365934816,1,5
"25587",5,7,"conf_358",1500,65,3.9678824169,1,5
"25588",5,7,"conf_358",2500,65,1.0485666924,1,5
"25589",5,7,"conf_358",5000,65,0.3370482842,1,5
"25590",5,7,"conf_358",7500,65,0.0521438435,1,5
"25591",5,7,"conf_358",250,66,13.8910837974,1,5
"25592",5,7,"conf_358",500,66,7.2879408631,1,5
"25593",5,7,"conf_358",1500,66,2.5275129702,1,5
"25594",5,7,"conf_358",2500,66,1.3762896036,1,5
"25595",5,7,"conf_358",5000,66,0.5119048387,1,5
"25596",5,7,"conf_358",7500,66,0.0585590828,1,5
"25597",5,7,"conf_358",250,67,4.8240898304,1,5
"25598",5,7,"conf_358",500,67,4.2831564184,1,5
"25599",5,7,"conf_358",1500,67,4.2831564184,1,5
"25600",5,7,"conf_358",2500,67,2.2602903038,1,5
"25601",5,7,"conf_358",5000,67,0.5400382088,1,5
"25602",5,7,"conf_358",7500,67,0.1801644355,1,5
"25603",5,7,"conf_358",250,68,13.5133738696,1,5
"25604",5,7,"conf_358",500,68,8.8507205407,1,5
"25605",5,7,"conf_358",1500,68,2.9331058693,1,5
"25606",5,7,"conf_358",2500,68,1.3879824939,1,5
"25607",5,7,"conf_358",5000,68,0.5446768407,1,5
"25608",5,7,"conf_358",7500,68,0.0803372559,1,5
"25609",5,7,"conf_358",250,69,5.5307084011,1,5
"25610",5,7,"conf_358",500,69,5.5307084011,1,5
"25611",5,7,"conf_358",1500,69,2.3050981021,1,5
"25612",5,7,"conf_358",2500,69,1.3582915675,1,5
"25613",5,7,"conf_358",5000,69,0.113121365,1,5
"25614",5,7,"conf_358",7500,69,0.0430086497,1,5
"25615",5,7,"conf_358",250,70,18.7405337156,1,5
"25616",5,7,"conf_358",500,70,18.7405337156,1,5
"25617",5,7,"conf_358",1500,70,1.2041251548,1,5
"25618",5,7,"conf_358",2500,70,1.2041251548,1,5
"25619",5,7,"conf_358",5000,70,0.1043273028,1,5
"25620",5,7,"conf_358",7500,70,0.0337699271,1,5
"25621",5,7,"conf_358",250,71,14.0502897746,1,5
"25622",5,7,"conf_358",500,71,14.0502897746,1,5
"25623",5,7,"conf_358",1500,71,3.7590138185,1,5
"25624",5,7,"conf_358",2500,71,0.7299341378,1,5
"25625",5,7,"conf_358",5000,71,0.0518145226,1,5
"25626",5,7,"conf_358",7500,71,0.0518145226,1,5
"25627",5,7,"conf_358",250,72,22.5097244422,1,5
"25628",5,7,"conf_358",500,72,22.5097244422,1,5
"25629",5,7,"conf_358",1500,72,1.5886154988,1,5
"25630",5,7,"conf_358",2500,72,1.5886154988,1,5
"25631",5,7,"conf_358",5000,72,0.0797658046,1,5
"25632",5,7,"conf_358",7500,72,0.0587738946,1,5
"25633",5,7,"conf_358",250,73,15.0914279942,1,5
"25634",5,7,"conf_358",500,73,14.9320200793,1,5
"25635",5,7,"conf_358",1500,73,2.473247656,1,5
"25636",5,7,"conf_358",2500,73,0.7299341378,1,5
"25637",5,7,"conf_358",5000,73,0.1349998051,1,5
"25638",5,7,"conf_358",7500,73,0.0822811065,1,5
"25639",5,7,"conf_358",250,74,35.8931380223,1,5
"25640",5,7,"conf_358",500,74,20.5441895688,1,5
"25641",5,7,"conf_358",1500,74,0.3548635786,1,5
"25642",5,7,"conf_358",2500,74,0.3548635786,1,5
"25643",5,7,"conf_358",5000,74,0.1912285364,1,5
"25644",5,7,"conf_358",7500,74,0.06138832,1,5
"25645",5,7,"conf_358",250,75,22.6634035658,1,5
"25646",5,7,"conf_358",500,75,16.3820625851,1,5
"25647",5,7,"conf_358",1500,75,1.4130881429,1,5
"25648",5,7,"conf_358",2500,75,1.4130881429,1,5
"25649",5,7,"conf_358",5000,75,0.2591161421,1,5
"25650",5,7,"conf_358",7500,75,0.0291973655,1,5
"25651",5,7,"conf_358",250,76,15.8067844009,1,5
"25652",5,7,"conf_358",500,76,6.653501675,1,5
"25653",5,7,"conf_358",1500,76,3.8447472,1,5
"25654",5,7,"conf_358",2500,76,1.4528341654,1,5
"25655",5,7,"conf_358",5000,76,0.5991083064,1,5
"25656",5,7,"conf_358",7500,76,0.0922810477,1,5
"25657",5,7,"conf_358",250,77,14.7181384718,1,5
"25658",5,7,"conf_358",500,77,10.6194992873,1,5
"25659",5,7,"conf_358",1500,77,2.5510130238,1,5
"25660",5,7,"conf_358",2500,77,1.2432854968,1,5
"25661",5,7,"conf_358",5000,77,0.2806137556,1,5
"25662",5,7,"conf_358",7500,77,0.0318500076,1,5
"25663",5,7,"conf_358",250,78,22.5982820705,1,5
"25664",5,7,"conf_358",500,78,9.0633669465,1,5
"25665",5,7,"conf_358",1500,78,4.0689768888,1,5
"25666",5,7,"conf_358",2500,78,1.3553975888,1,5
"25667",5,7,"conf_358",5000,78,0.3556322637,1,5
"25668",5,7,"conf_358",7500,78,0.0469098383,1,5
"25669",5,7,"conf_358",250,79,17.1409408653,1,5
"25670",5,7,"conf_358",500,79,12.4956553722,1,5
"25671",5,7,"conf_358",1500,79,3.4521209887,1,5
"25672",5,7,"conf_358",2500,79,0.7299341378,1,5
"25673",5,7,"conf_358",5000,79,0.4104460416,1,5
"25674",5,7,"conf_358",7500,79,0.0800899196,1,5
"25675",5,7,"conf_358",250,80,11.002676021,1,5
"25676",5,7,"conf_358",500,80,11.002676021,1,5
"25677",5,7,"conf_358",1500,80,3.7691622903,1,5
"25678",5,7,"conf_358",2500,80,2.5680971479,1,5
"25679",5,7,"conf_358",5000,80,0.6195872106,1,5
"25680",5,7,"conf_358",7500,80,0.0690928717,1,5
"25681",5,7,"conf_358",250,81,30.054438761,1,5
"25682",5,7,"conf_358",500,81,22.878968695,1,5
"25683",5,7,"conf_358",1500,81,1.6227297313,1,5
"25684",5,7,"conf_358",2500,81,0.1484534676,1,5
"25685",5,7,"conf_358",5000,81,0.0930974101,1,5
"25686",5,7,"conf_358",7500,81,0.0555093015,1,5
"25687",5,7,"conf_358",250,82,29.0783423139,1,5
"25688",5,7,"conf_358",500,82,12.3146872482,1,5
"25689",5,7,"conf_358",1500,82,3.4845293511,1,5
"25690",5,7,"conf_358",2500,82,3.293166962,1,5
"25691",5,7,"conf_358",5000,82,0.7299341378,1,5
"25692",5,7,"conf_358",7500,82,0.233948962,1,5
"25693",5,7,"conf_358",250,83,10.3256593171,1,5
"25694",5,7,"conf_358",500,83,7.2043559974,1,5
"25695",5,7,"conf_358",1500,83,2.1167897712,1,5
"25696",5,7,"conf_358",2500,83,2.1167897712,1,5
"25697",5,7,"conf_358",5000,83,0.3697429405,1,5
"25698",5,7,"conf_358",7500,83,0.0358356123,1,5
"25699",5,7,"conf_358",250,84,8.9158597357,1,5
"25700",5,7,"conf_358",500,84,8.9158597357,1,5
"25701",5,7,"conf_358",1500,84,1.6904303648,1,5
"25702",5,7,"conf_358",2500,84,0.7299341378,1,5
"25703",5,7,"conf_358",5000,84,0.3776900472,1,5
"25704",5,7,"conf_358",7500,84,0.0450444109,1,5
"25705",5,7,"conf_358",250,85,15.6714390434,1,5
"25706",5,7,"conf_358",500,85,8.5505568144,1,5
"25707",5,7,"conf_358",1500,85,2.5561149737,1,5
"25708",5,7,"conf_358",2500,85,1.1587595343,1,5
"25709",5,7,"conf_358",5000,85,0.4694115089,1,5
"25710",5,7,"conf_358",7500,85,0.031965995,1,5
"25711",5,7,"conf_358",250,86,22.3597975947,1,5
"25712",5,7,"conf_358",500,86,12.4378378085,1,5
"25713",5,7,"conf_358",1500,86,3.2723391238,1,5
"25714",5,7,"conf_358",2500,86,1.4104231963,1,5
"25715",5,7,"conf_358",5000,86,0.5963590751,1,5
"25716",5,7,"conf_358",7500,86,0.0636269171,1,5
"25717",5,7,"conf_358",250,87,19.2553078452,1,5
"25718",5,7,"conf_358",500,87,4.2571818164,1,5
"25719",5,7,"conf_358",1500,87,4.2571818164,1,5
"25720",5,7,"conf_358",2500,87,0.6893448365,1,5
"25721",5,7,"conf_358",5000,87,0.2516795135,1,5
"25722",5,7,"conf_358",7500,87,0.0255611497,1,5
"25723",5,7,"conf_358",250,88,18.7691672967,1,5
"25724",5,7,"conf_358",500,88,4.4069651865,1,5
"25725",5,7,"conf_358",1500,88,3.697533328,1,5
"25726",5,7,"conf_358",2500,88,2.919736551,1,5
"25727",5,7,"conf_358",5000,88,0.7299341378,1,5
"25728",5,7,"conf_358",7500,88,0.0670547342,1,5
"25729",5,7,"conf_358",250,89,26.0700805965,1,5
"25730",5,7,"conf_358",500,89,8.6748291381,1,5
"25731",5,7,"conf_358",1500,89,7.2701615137,1,5
"25732",5,7,"conf_358",2500,89,1.5212116756,1,5
"25733",5,7,"conf_358",5000,89,0.296270149,1,5
"25734",5,7,"conf_358",7500,89,0.0832227823,1,5
"25735",5,7,"conf_358",250,90,17.6735132097,1,5
"25736",5,7,"conf_358",500,90,17.6735132097,1,5
"25737",5,7,"conf_358",1500,90,1.279717493,1,5
"25738",5,7,"conf_358",2500,90,1.0616656228,1,5
"25739",5,7,"conf_358",5000,90,0.578866546,1,5
"25740",5,7,"conf_358",7500,90,0.1400521913,1,5
"25741",5,7,"conf_358",250,91,11.6094694672,1,5
"25742",5,7,"conf_358",500,91,5.0631325684,1,5
"25743",5,7,"conf_358",1500,91,1.5748829979,1,5
"25744",5,7,"conf_358",2500,91,1.346146855,1,5
"25745",5,7,"conf_358",5000,91,0.3816777254,1,5
"25746",5,7,"conf_358",7500,91,0.0527704859,1,5
"25747",5,7,"conf_358",250,92,19.6768149533,1,5
"25748",5,7,"conf_358",500,92,16.2962212835,1,5
"25749",5,7,"conf_358",1500,92,4.8382752314,1,5
"25750",5,7,"conf_358",2500,92,1.354992677,1,5
"25751",5,7,"conf_358",5000,92,0.7299341378,1,5
"25752",5,7,"conf_358",7500,92,0.1634401014,1,5
"25753",5,7,"conf_358",250,93,9.1697311354,1,5
"25754",5,7,"conf_358",500,93,7.8870744862,1,5
"25755",5,7,"conf_358",1500,93,3.6390091267,1,5
"25756",5,7,"conf_358",2500,93,1.539974511,1,5
"25757",5,7,"conf_358",5000,93,0.3056265227,1,5
"25758",5,7,"conf_358",7500,93,0.0385937258,1,5
"25759",5,7,"conf_358",250,94,26.2123587099,1,5
"25760",5,7,"conf_358",500,94,26.2123587099,1,5
"25761",5,7,"conf_358",1500,94,7.5417257863,1,5
"25762",5,7,"conf_358",2500,94,1.5903531862,1,5
"25763",5,7,"conf_358",5000,94,0.7299341378,1,5
"25764",5,7,"conf_358",7500,94,0.1398516014,1,5
"25765",5,7,"conf_358",250,95,21.4021934297,1,5
"25766",5,7,"conf_358",500,95,12.9310034199,1,5
"25767",5,7,"conf_358",1500,95,2.3370900465,1,5
"25768",5,7,"conf_358",2500,95,1.8336524316,1,5
"25769",5,7,"conf_358",5000,95,0.7299341378,1,5
"25770",5,7,"conf_358",7500,95,0.0722832836,1,5
"25771",5,7,"conf_358",250,96,20.4936408297,1,5
"25772",5,7,"conf_358",500,96,8.086031991,1,5
"25773",5,7,"conf_358",1500,96,3.8444769452,1,5
"25774",5,7,"conf_358",2500,96,1.1228748558,1,5
"25775",5,7,"conf_358",5000,96,0.5615564368,1,5
"25776",5,7,"conf_358",7500,96,0.1000912145,1,5
"25777",5,7,"conf_358",250,97,32.3265718239,1,5
"25778",5,7,"conf_358",500,97,20.7030866149,1,5
"25779",5,7,"conf_358",1500,97,2.6447925848,1,5
"25780",5,7,"conf_358",2500,97,1.3071929553,1,5
"25781",5,7,"conf_358",5000,97,0.3842343222,1,5
"25782",5,7,"conf_358",7500,97,0.047089512,1,5
"25783",5,7,"conf_358",250,98,0.7312869912,1,5
"25784",5,7,"conf_358",500,98,0.7312869912,1,5
"25785",5,7,"conf_358",1500,98,0.7299341378,1,5
"25786",5,7,"conf_358",2500,98,0.7299341378,1,5
"25787",5,7,"conf_358",5000,98,0.1111625532,1,5
"25788",5,7,"conf_358",7500,98,0.0519160399,1,5
"25789",5,7,"conf_358",250,99,10.887133713,1,5
"25790",5,7,"conf_358",500,99,9.657340314,1,5
"25791",5,7,"conf_358",1500,99,3.6958455387,1,5
"25792",5,7,"conf_358",2500,99,2.1773407376,1,5
"25793",5,7,"conf_358",5000,99,0.6702561248,1,5
"25794",5,7,"conf_358",7500,99,0.0708298238,1,5
"25795",5,7,"conf_358",250,100,13.2338525108,1,5
"25796",5,7,"conf_358",500,100,12.4048869298,1,5
"25797",5,7,"conf_358",1500,100,1.7894551123,1,5
"25798",5,7,"conf_358",2500,100,1.7894551123,1,5
"25799",5,7,"conf_358",5000,100,0.7299341378,1,5
"25800",5,7,"conf_358",7500,100,0.071292126,1,5
"25801",5,7,"conf_358",250,101,8.027317472,3,5
"25802",5,7,"conf_358",500,101,7.4547963697,3,5
"25803",5,7,"conf_358",1500,101,3.2191160123,3,5
"25804",5,7,"conf_358",2500,101,0.599947583,3,5
"25805",5,7,"conf_358",5000,101,0.2706327733,3,5
"25806",5,7,"conf_358",7500,101,0.0248550485,3,5
"25807",5,7,"conf_358",250,102,9.4716576532,3,5
"25808",5,7,"conf_358",500,102,9.4716576532,3,5
"25809",5,7,"conf_358",1500,102,1.4498871806,3,5
"25810",5,7,"conf_358",2500,102,0.1434414525,3,5
"25811",5,7,"conf_358",5000,102,0.0670235196,3,5
"25812",5,7,"conf_358",7500,102,0.0376705735,3,5
"25813",5,7,"conf_358",250,103,13.2728925264,3,5
"25814",5,7,"conf_358",500,103,9.1921770577,3,5
"25815",5,7,"conf_358",1500,103,2.9226011151,3,5
"25816",5,7,"conf_358",2500,103,1.4212724114,3,5
"25817",5,7,"conf_358",5000,103,0.4941438733,3,5
"25818",5,7,"conf_358",7500,103,0.0238022468,3,5
"25819",5,7,"conf_358",250,104,26.1206588668,3,5
"25820",5,7,"conf_358",500,104,9.2892825909,3,5
"25821",5,7,"conf_358",1500,104,1.2536673185,3,5
"25822",5,7,"conf_358",2500,104,1.1204012377,3,5
"25823",5,7,"conf_358",5000,104,0.360086538,3,5
"25824",5,7,"conf_358",7500,104,0.0238022468,3,5
"25825",5,7,"conf_358",250,105,22.2343786026,3,5
"25826",5,7,"conf_358",500,105,22.2343786026,3,5
"25827",5,7,"conf_358",1500,105,1.2024333093,3,5
"25828",5,7,"conf_358",2500,105,0.4594784275,3,5
"25829",5,7,"conf_358",5000,105,0.379931707,3,5
"25830",5,7,"conf_358",7500,105,0.057313163,3,5
"25831",5,7,"conf_358",250,106,43.646568953,3,5
"25832",5,7,"conf_358",500,106,29.3472200577,3,5
"25833",5,7,"conf_358",1500,106,4.2447857446,3,5
"25834",5,7,"conf_358",2500,106,1.3529033128,3,5
"25835",5,7,"conf_358",5000,106,0.1615571867,3,5
"25836",5,7,"conf_358",7500,106,0.0387278222,3,5
"25837",5,7,"conf_358",250,107,12.1119144722,3,5
"25838",5,7,"conf_358",500,107,9.9439384525,3,5
"25839",5,7,"conf_358",1500,107,2.4352555754,3,5
"25840",5,7,"conf_358",2500,107,1.2404665319,3,5
"25841",5,7,"conf_358",5000,107,0.1115081595,3,5
"25842",5,7,"conf_358",7500,107,0.0547128811,3,5
"25843",5,7,"conf_358",250,108,16.2009308297,3,5
"25844",5,7,"conf_358",500,108,15.4092482972,3,5
"25845",5,7,"conf_358",1500,108,4.6917410297,3,5
"25846",5,7,"conf_358",2500,108,1.5805502657,3,5
"25847",5,7,"conf_358",5000,108,0.1099501347,3,5
"25848",5,7,"conf_358",7500,108,0.056548188,3,5
"25849",5,7,"conf_358",250,109,14.8922800827,3,5
"25850",5,7,"conf_358",500,109,7.4547963697,3,5
"25851",5,7,"conf_358",1500,109,1.5369941009,3,5
"25852",5,7,"conf_358",2500,109,0.5665623775,3,5
"25853",5,7,"conf_358",5000,109,0.3093428969,3,5
"25854",5,7,"conf_358",7500,109,0.0960019269,3,5
"25855",5,7,"conf_358",250,110,2.9204859437,3,5
"25856",5,7,"conf_358",500,110,2.9204859437,3,5
"25857",5,7,"conf_358",1500,110,2.419401166,3,5
"25858",5,7,"conf_358",2500,110,1.1494955031,3,5
"25859",5,7,"conf_358",5000,110,0.3427131539,3,5
"25860",5,7,"conf_358",7500,110,0.0204530631,3,5
"25861",5,7,"conf_358",250,111,21.8018885612,3,5
"25862",5,7,"conf_358",500,111,5.7105940305,3,5
"25863",5,7,"conf_358",1500,111,2.9134422955,3,5
"25864",5,7,"conf_358",2500,111,0.5173780986,3,5
"25865",5,7,"conf_358",5000,111,0.1582852837,3,5
"25866",5,7,"conf_358",7500,111,0.0595450832,3,5
"25867",5,7,"conf_358",250,112,6.2854214927,3,5
"25868",5,7,"conf_358",500,112,6.2854214927,3,5
"25869",5,7,"conf_358",1500,112,2.291600418,3,5
"25870",5,7,"conf_358",2500,112,0.6335738849,3,5
"25871",5,7,"conf_358",5000,112,0.2518367533,3,5
"25872",5,7,"conf_358",7500,112,0.0792160755,3,5
"25873",5,7,"conf_358",250,113,9.0373397796,3,5
"25874",5,7,"conf_358",500,113,6.4117970189,3,5
"25875",5,7,"conf_358",1500,113,2.9226011151,3,5
"25876",5,7,"conf_358",2500,113,1.9640616417,3,5
"25877",5,7,"conf_358",5000,113,0.2973637295,3,5
"25878",5,7,"conf_358",7500,113,0.0565524705,3,5
"25879",5,7,"conf_358",250,114,23.6413035126,3,5
"25880",5,7,"conf_358",500,114,8.35080849,3,5
"25881",5,7,"conf_358",1500,114,2.7818152554,3,5
"25882",5,7,"conf_358",2500,114,0.4666181632,3,5
"25883",5,7,"conf_358",5000,114,0.1520342244,3,5
"25884",5,7,"conf_358",7500,114,0.0460308891,3,5
"25885",5,7,"conf_358",250,115,10.6873888394,3,5
"25886",5,7,"conf_358",500,115,10.0162241111,3,5
"25887",5,7,"conf_358",1500,115,4.1571965427,3,5
"25888",5,7,"conf_358",2500,115,1.0244517667,3,5
"25889",5,7,"conf_358",5000,115,0.1245118895,3,5
"25890",5,7,"conf_358",7500,115,0.0309728012,3,5
"25891",5,7,"conf_358",250,116,8.0495994279,3,5
"25892",5,7,"conf_358",500,116,6.1873058768,3,5
"25893",5,7,"conf_358",1500,116,1.9539179963,3,5
"25894",5,7,"conf_358",2500,116,1.2287736632,3,5
"25895",5,7,"conf_358",5000,116,0.0853675935,3,5
"25896",5,7,"conf_358",7500,116,0.0326378834,3,5
"25897",5,7,"conf_358",250,117,7.0446163239,3,5
"25898",5,7,"conf_358",500,117,7.0446163239,3,5
"25899",5,7,"conf_358",1500,117,1.6647390211,3,5
"25900",5,7,"conf_358",2500,117,0.8425862687,3,5
"25901",5,7,"conf_358",5000,117,0.1773902236,3,5
"25902",5,7,"conf_358",7500,117,0.0294820755,3,5
"25903",5,7,"conf_358",250,118,7.9720453727,3,5
"25904",5,7,"conf_358",500,118,7.1958626085,3,5
"25905",5,7,"conf_358",1500,118,2.779355735,3,5
"25906",5,7,"conf_358",2500,118,1.815100834,3,5
"25907",5,7,"conf_358",5000,118,0.3531376563,3,5
"25908",5,7,"conf_358",7500,118,0.0130544729,3,5
"25909",5,7,"conf_358",250,119,15.403510519,3,5
"25910",5,7,"conf_358",500,119,12.9576437475,3,5
"25911",5,7,"conf_358",1500,119,2.1201943656,3,5
"25912",5,7,"conf_358",2500,119,2.1201943656,3,5
"25913",5,7,"conf_358",5000,119,0.2973566938,3,5
"25914",5,7,"conf_358",7500,119,0.0124459104,3,5
"25915",5,7,"conf_358",250,120,10.317187189,3,5
"25916",5,7,"conf_358",500,120,10.317187189,3,5
"25917",5,7,"conf_358",1500,120,2.9226011151,3,5
"25918",5,7,"conf_358",2500,120,0.3863024366,3,5
"25919",5,7,"conf_358",5000,120,0.2540579509,3,5
"25920",5,7,"conf_358",7500,120,0.0310613685,3,5
"25921",5,7,"conf_358",250,121,41.6167738021,3,5
"25922",5,7,"conf_358",500,121,31.0804801759,3,5
"25923",5,7,"conf_358",1500,121,2.9990679074,3,5
"25924",5,7,"conf_358",2500,121,1.2260916912,3,5
"25925",5,7,"conf_358",5000,121,0.4200139902,3,5
"25926",5,7,"conf_358",7500,121,0.0206157484,3,5
"25927",5,7,"conf_358",250,122,8.4105772368,3,5
"25928",5,7,"conf_358",500,122,8.4105772368,3,5
"25929",5,7,"conf_358",1500,122,0.5249550966,3,5
"25930",5,7,"conf_358",2500,122,0.0996827395,3,5
"25931",5,7,"conf_358",5000,122,0.0914775667,3,5
"25932",5,7,"conf_358",7500,122,0.0191598614,3,5
"25933",5,7,"conf_358",250,123,6.3897622967,3,5
"25934",5,7,"conf_358",500,123,6.3897622967,3,5
"25935",5,7,"conf_358",1500,123,2.4238529095,3,5
"25936",5,7,"conf_358",2500,123,1.5363726742,3,5
"25937",5,7,"conf_358",5000,123,0.379931707,3,5
"25938",5,7,"conf_358",7500,123,0.0528272843,3,5
"25939",5,7,"conf_358",250,124,12.5538618989,3,5
"25940",5,7,"conf_358",500,124,12.5538618989,3,5
"25941",5,7,"conf_358",1500,124,5.3682306071,3,5
"25942",5,7,"conf_358",2500,124,0.8845367877,3,5
"25943",5,7,"conf_358",5000,124,0.2672232096,3,5
"25944",5,7,"conf_358",7500,124,0.0288504987,3,5
"25945",5,7,"conf_358",250,125,6.4439076884,3,5
"25946",5,7,"conf_358",500,125,6.2843159486,3,5
"25947",5,7,"conf_358",1500,125,2.2488028677,3,5
"25948",5,7,"conf_358",2500,125,0.7036377334,3,5
"25949",5,7,"conf_358",5000,125,0.2453242602,3,5
"25950",5,7,"conf_358",7500,125,0.0473799652,3,5
"25951",5,7,"conf_358",250,126,18.8272635003,3,5
"25952",5,7,"conf_358",500,126,17.0059999228,3,5
"25953",5,7,"conf_358",1500,126,1.6218657446,3,5
"25954",5,7,"conf_358",2500,126,0.6149679903,3,5
"25955",5,7,"conf_358",5000,126,0.3773770705,3,5
"25956",5,7,"conf_358",7500,126,0.0235935222,3,5
"25957",5,7,"conf_358",250,127,20.56192052,3,5
"25958",5,7,"conf_358",500,127,20.56192052,3,5
"25959",5,7,"conf_358",1500,127,3.0972801245,3,5
"25960",5,7,"conf_358",2500,127,1.6891043084,3,5
"25961",5,7,"conf_358",5000,127,0.1531648903,3,5
"25962",5,7,"conf_358",7500,127,0.0107401338,3,5
"25963",5,7,"conf_358",250,128,8.6197555118,3,5
"25964",5,7,"conf_358",500,128,8.6197555118,3,5
"25965",5,7,"conf_358",1500,128,4.9718614944,3,5
"25966",5,7,"conf_358",2500,128,1.528525404,3,5
"25967",5,7,"conf_358",5000,128,0.0632438924,3,5
"25968",5,7,"conf_358",7500,128,0.0166473902,3,5
"25969",5,7,"conf_358",250,129,23.8913339584,3,5
"25970",5,7,"conf_358",500,129,3.0111062506,3,5
"25971",5,7,"conf_358",1500,129,2.93397289,3,5
"25972",5,7,"conf_358",2500,129,1.2260916912,3,5
"25973",5,7,"conf_358",5000,129,0.0711029295,3,5
"25974",5,7,"conf_358",7500,129,0.0313535374,3,5
"25975",5,7,"conf_358",250,130,10.0686761215,3,5
"25976",5,7,"conf_358",500,130,10.0686761215,3,5
"25977",5,7,"conf_358",1500,130,1.8008373832,3,5
"25978",5,7,"conf_358",2500,130,1.8008373832,3,5
"25979",5,7,"conf_358",5000,130,0.2172968626,3,5
"25980",5,7,"conf_358",7500,130,0.0779006188,3,5
"25981",5,7,"conf_358",250,131,5.9144783093,3,5
"25982",5,7,"conf_358",500,131,5.9144783093,3,5
"25983",5,7,"conf_358",1500,131,2.1107142687,3,5
"25984",5,7,"conf_358",2500,131,2.1107142687,3,5
"25985",5,7,"conf_358",5000,131,0.4382180112,3,5
"25986",5,7,"conf_358",7500,131,0.0386855593,3,5
"25987",5,7,"conf_358",250,132,10.8090186646,3,5
"25988",5,7,"conf_358",500,132,10.8090186646,3,5
"25989",5,7,"conf_358",1500,132,2.377850386,3,5
"25990",5,7,"conf_358",2500,132,1.7528720448,3,5
"25991",5,7,"conf_358",5000,132,0.0627364837,3,5
"25992",5,7,"conf_358",7500,132,0.0213418984,3,5
"25993",5,7,"conf_358",250,133,18.9219639695,3,5
"25994",5,7,"conf_358",500,133,8.9780007966,3,5
"25995",5,7,"conf_358",1500,133,3.388942488,3,5
"25996",5,7,"conf_358",2500,133,1.9742898408,3,5
"25997",5,7,"conf_358",5000,133,0.3693838501,3,5
"25998",5,7,"conf_358",7500,133,0.0410599125,3,5
"25999",5,7,"conf_358",250,134,15.6751836215,3,5
"26000",5,7,"conf_358",500,134,8.702329338,3,5
"26001",5,7,"conf_358",1500,134,3.4575118249,3,5
"26002",5,7,"conf_358",2500,134,1.7902429688,3,5
"26003",5,7,"conf_358",5000,134,0.2223283575,3,5
"26004",5,7,"conf_358",7500,134,0.051718154,3,5
"26005",5,7,"conf_358",250,135,16.6668336512,3,5
"26006",5,7,"conf_358",500,135,10.4044567126,3,5
"26007",5,7,"conf_358",1500,135,1.6647390211,3,5
"26008",5,7,"conf_358",2500,135,1.6647390211,3,5
"26009",5,7,"conf_358",5000,135,0.3097168065,3,5
"26010",5,7,"conf_358",7500,135,0.0423319192,3,5
"26011",5,7,"conf_358",250,136,21.2571869512,3,5
"26012",5,7,"conf_358",500,136,9.2270907513,3,5
"26013",5,7,"conf_358",1500,136,4.7324124624,3,5
"26014",5,7,"conf_358",2500,136,1.4712272762,3,5
"26015",5,7,"conf_358",5000,136,0.4317615613,3,5
"26016",5,7,"conf_358",7500,136,0.0386855593,3,5
"26017",5,7,"conf_358",250,137,3.8785506247,3,5
"26018",5,7,"conf_358",500,137,3.8785506247,3,5
"26019",5,7,"conf_358",1500,137,2.157928225,3,5
"26020",5,7,"conf_358",2500,137,1.4558484377,3,5
"26021",5,7,"conf_358",5000,137,0.165387341,3,5
"26022",5,7,"conf_358",7500,137,0.0130544729,3,5
"26023",5,7,"conf_358",250,138,14.985169424,3,5
"26024",5,7,"conf_358",500,138,14.3247303289,3,5
"26025",5,7,"conf_358",1500,138,1.5369941009,3,5
"26026",5,7,"conf_358",2500,138,0.599947583,3,5
"26027",5,7,"conf_358",5000,138,0.4464509859,3,5
"26028",5,7,"conf_358",7500,138,0.0386855593,3,5
"26029",5,7,"conf_358",250,139,26.3481631379,3,5
"26030",5,7,"conf_358",500,139,13.9628573726,3,5
"26031",5,7,"conf_358",1500,139,1.694190788,3,5
"26032",5,7,"conf_358",2500,139,0.9206244005,3,5
"26033",5,7,"conf_358",5000,139,0.2075171981,3,5
"26034",5,7,"conf_358",7500,139,0.0191598614,3,5
"26035",5,7,"conf_358",250,140,11.4829669998,3,5
"26036",5,7,"conf_358",500,140,11.4829669998,3,5
"26037",5,7,"conf_358",1500,140,2.0136253447,3,5
"26038",5,7,"conf_358",2500,140,1.5026941214,3,5
"26039",5,7,"conf_358",5000,140,0.3930659181,3,5
"26040",5,7,"conf_358",7500,140,0.0391852365,3,5
"26041",5,7,"conf_358",250,141,9.4260753568,3,5
"26042",5,7,"conf_358",500,141,9.4260753568,3,5
"26043",5,7,"conf_358",1500,141,2.6826750958,3,5
"26044",5,7,"conf_358",2500,141,0.5665623775,3,5
"26045",5,7,"conf_358",5000,141,0.0371386995,3,5
"26046",5,7,"conf_358",7500,141,0.0309728012,3,5
"26047",5,7,"conf_358",250,142,22.6391651647,3,5
"26048",5,7,"conf_358",500,142,14.9187957187,3,5
"26049",5,7,"conf_358",1500,142,3.0972801245,3,5
"26050",5,7,"conf_358",2500,142,0.7301214859,3,5
"26051",5,7,"conf_358",5000,142,0.2202747286,3,5
"26052",5,7,"conf_358",7500,142,0.0213418984,3,5
"26053",5,7,"conf_358",250,143,14.7153584264,3,5
"26054",5,7,"conf_358",500,143,3.4193135037,3,5
"26055",5,7,"conf_358",1500,143,2.3369849814,3,5
"26056",5,7,"conf_358",2500,143,1.6425607759,3,5
"26057",5,7,"conf_358",5000,143,0.3470185644,3,5
"26058",5,7,"conf_358",7500,143,0.0310613685,3,5
"26059",5,7,"conf_358",250,144,32.3733309945,3,5
"26060",5,7,"conf_358",500,144,32.3733309945,3,5
"26061",5,7,"conf_358",1500,144,3.4163458963,3,5
"26062",5,7,"conf_358",2500,144,1.2464293474,3,5
"26063",5,7,"conf_358",5000,144,0.3200119258,3,5
"26064",5,7,"conf_358",7500,144,0.0190643046,3,5
"26065",5,7,"conf_358",250,145,31.0211886754,3,5
"26066",5,7,"conf_358",500,145,8.973578581,3,5
"26067",5,7,"conf_358",1500,145,4.206630024,3,5
"26068",5,7,"conf_358",2500,145,1.8418000032,3,5
"26069",5,7,"conf_358",5000,145,0.2677586756,3,5
"26070",5,7,"conf_358",7500,145,0.0447383045,3,5
"26071",5,7,"conf_358",250,146,13.1030510741,3,5
"26072",5,7,"conf_358",500,146,13.1030510741,3,5
"26073",5,7,"conf_358",1500,146,2.6011552567,3,5
"26074",5,7,"conf_358",2500,146,1.3227198361,3,5
"26075",5,7,"conf_358",5000,146,0.0866834035,3,5
"26076",5,7,"conf_358",7500,146,0.0206157484,3,5
"26077",5,7,"conf_358",250,147,3.9097664125,3,5
"26078",5,7,"conf_358",500,147,3.9097664125,3,5
"26079",5,7,"conf_358",1500,147,2.0859927102,3,5
"26080",5,7,"conf_358",2500,147,1.0026810377,3,5
"26081",5,7,"conf_358",5000,147,0.101838134,3,5
"26082",5,7,"conf_358",7500,147,0.019084878,3,5
"26083",5,7,"conf_358",250,148,15.0579808801,3,5
"26084",5,7,"conf_358",500,148,9.8544603301,3,5
"26085",5,7,"conf_358",1500,148,2.8351851772,3,5
"26086",5,7,"conf_358",2500,148,2.0781237934,3,5
"26087",5,7,"conf_358",5000,148,0.1665581234,3,5
"26088",5,7,"conf_358",7500,148,0.0514586046,3,5
"26089",5,7,"conf_358",250,149,9.2687476642,3,5
"26090",5,7,"conf_358",500,149,9.2687476642,3,5
"26091",5,7,"conf_358",1500,149,4.2331919232,3,5
"26092",5,7,"conf_358",2500,149,0.5499138144,3,5
"26093",5,7,"conf_358",5000,149,0.085178296,3,5
"26094",5,7,"conf_358",7500,149,0.0191598614,3,5
"26095",5,7,"conf_358",250,150,33.3824738052,3,5
"26096",5,7,"conf_358",500,150,27.723061063,3,5
"26097",5,7,"conf_358",1500,150,4.0774341957,3,5
"26098",5,7,"conf_358",2500,150,1.5571053106,3,5
"26099",5,7,"conf_358",5000,150,0.2666087101,3,5
"26100",5,7,"conf_358",7500,150,0.0899723296,3,5
"26101",5,7,"conf_358",250,151,11.1861902331,4,5
"26102",5,7,"conf_358",500,151,11.1861902331,4,5
"26103",5,7,"conf_358",1500,151,2.410788363,4,5
"26104",5,7,"conf_358",2500,151,1.469303259,4,5
"26105",5,7,"conf_358",5000,151,0.1398479575,4,5
"26106",5,7,"conf_358",7500,151,0.0222706377,4,5
"26107",5,7,"conf_358",250,152,33.9731718623,4,5
"26108",5,7,"conf_358",500,152,16.1933908914,4,5
"26109",5,7,"conf_358",1500,152,4.6921378505,4,5
"26110",5,7,"conf_358",2500,152,0.8462174328,4,5
"26111",5,7,"conf_358",5000,152,0.2335961993,4,5
"26112",5,7,"conf_358",7500,152,0.0788146024,4,5
"26113",5,7,"conf_358",250,153,21.7287274755,4,5
"26114",5,7,"conf_358",500,153,4.231701369,4,5
"26115",5,7,"conf_358",1500,153,2.4851793636,4,5
"26116",5,7,"conf_358",2500,153,1.4247801274,4,5
"26117",5,7,"conf_358",5000,153,0.1484308733,4,5
"26118",5,7,"conf_358",7500,153,0.048602129,4,5
"26119",5,7,"conf_358",250,154,8.9244271677,4,5
"26120",5,7,"conf_358",500,154,5.5221518671,4,5
"26121",5,7,"conf_358",1500,154,1.3863870117,4,5
"26122",5,7,"conf_358",2500,154,1.1949619709,4,5
"26123",5,7,"conf_358",5000,154,0.092981784,4,5
"26124",5,7,"conf_358",7500,154,0.0130986668,4,5
"26125",5,7,"conf_358",250,155,32.6195071117,4,5
"26126",5,7,"conf_358",500,155,5.7067729236,4,5
"26127",5,7,"conf_358",1500,155,2.3607014163,4,5
"26128",5,7,"conf_358",2500,155,1.4574763492,4,5
"26129",5,7,"conf_358",5000,155,0.3007957308,4,5
"26130",5,7,"conf_358",7500,155,0.0901906091,4,5
"26131",5,7,"conf_358",250,156,13.7019727253,4,5
"26132",5,7,"conf_358",500,156,13.7019727253,4,5
"26133",5,7,"conf_358",1500,156,2.1150693987,4,5
"26134",5,7,"conf_358",2500,156,1.015143282,4,5
"26135",5,7,"conf_358",5000,156,0.1198519368,4,5
"26136",5,7,"conf_358",7500,156,0.0229664298,4,5
"26137",5,7,"conf_358",250,157,12.4652988511,4,5
"26138",5,7,"conf_358",500,157,10.7430314096,4,5
"26139",5,7,"conf_358",1500,157,2.5514632504,4,5
"26140",5,7,"conf_358",2500,157,0.505543476,4,5
"26141",5,7,"conf_358",5000,157,0.2875308366,4,5
"26142",5,7,"conf_358",7500,157,0.0412039676,4,5
"26143",5,7,"conf_358",250,158,14.5759050674,4,5
"26144",5,7,"conf_358",500,158,14.5759050674,4,5
"26145",5,7,"conf_358",1500,158,2.12535548,4,5
"26146",5,7,"conf_358",2500,158,0.5098702122,4,5
"26147",5,7,"conf_358",5000,158,0.1162685037,4,5
"26148",5,7,"conf_358",7500,158,0.0276576788,4,5
"26149",5,7,"conf_358",250,159,4.4577806391,4,5
"26150",5,7,"conf_358",500,159,4.4577806391,4,5
"26151",5,7,"conf_358",1500,159,1.682905405,4,5
"26152",5,7,"conf_358",2500,159,1.2228350888,4,5
"26153",5,7,"conf_358",5000,159,0.3046900204,4,5
"26154",5,7,"conf_358",7500,159,0.2151000003,4,5
"26155",5,7,"conf_358",250,160,16.437982232,4,5
"26156",5,7,"conf_358",500,160,16.437982232,4,5
"26157",5,7,"conf_358",1500,160,2.6883207342,4,5
"26158",5,7,"conf_358",2500,160,2.1336156683,4,5
"26159",5,7,"conf_358",5000,160,0.5232191278,4,5
"26160",5,7,"conf_358",7500,160,0.037609066,4,5
"26161",5,7,"conf_358",250,161,5.829905397,4,5
"26162",5,7,"conf_358",500,161,5.829905397,4,5
"26163",5,7,"conf_358",1500,161,2.1370536722,4,5
"26164",5,7,"conf_358",2500,161,0.9979401802,4,5
"26165",5,7,"conf_358",5000,161,0.1306257431,4,5
"26166",5,7,"conf_358",7500,161,0.0145747635,4,5
"26167",5,7,"conf_358",250,162,11.4608911795,4,5
"26168",5,7,"conf_358",500,162,11.4608911795,4,5
"26169",5,7,"conf_358",1500,162,2.3285233487,4,5
"26170",5,7,"conf_358",2500,162,1.1835450825,4,5
"26171",5,7,"conf_358",5000,162,0.2093164979,4,5
"26172",5,7,"conf_358",7500,162,0.057450549,4,5
"26173",5,7,"conf_358",250,163,6.3937793009,4,5
"26174",5,7,"conf_358",500,163,3.8612571142,4,5
"26175",5,7,"conf_358",1500,163,0.3721237163,4,5
"26176",5,7,"conf_358",2500,163,0.3721237163,4,5
"26177",5,7,"conf_358",5000,163,0.0866822431,4,5
"26178",5,7,"conf_358",7500,163,0.0236498126,4,5
"26179",5,7,"conf_358",250,164,14.4617423355,4,5
"26180",5,7,"conf_358",500,164,4.8127420659,4,5
"26181",5,7,"conf_358",1500,164,0.3714509104,4,5
"26182",5,7,"conf_358",2500,164,0.3435871513,4,5
"26183",5,7,"conf_358",5000,164,0.1807686146,4,5
"26184",5,7,"conf_358",7500,164,0.0231455419,4,5
"26185",5,7,"conf_358",250,165,15.2096313197,4,5
"26186",5,7,"conf_358",500,165,4.4017825029,4,5
"26187",5,7,"conf_358",1500,165,2.3230597982,4,5
"26188",5,7,"conf_358",2500,165,1.0882040279,4,5
"26189",5,7,"conf_358",5000,165,0.2335961993,4,5
"26190",5,7,"conf_358",7500,165,0.0161476426,4,5
"26191",5,7,"conf_358",250,166,21.9699483163,4,5
"26192",5,7,"conf_358",500,166,17.2008122687,4,5
"26193",5,7,"conf_358",1500,166,1.4718813499,4,5
"26194",5,7,"conf_358",2500,166,0.7515471058,4,5
"26195",5,7,"conf_358",5000,166,0.2129265495,4,5
"26196",5,7,"conf_358",7500,166,0.0276576788,4,5
"26197",5,7,"conf_358",250,167,12.1280192003,4,5
"26198",5,7,"conf_358",500,167,7.537058984,4,5
"26199",5,7,"conf_358",1500,167,2.2677990447,4,5
"26200",5,7,"conf_358",2500,167,1.5844698015,4,5
"26201",5,7,"conf_358",5000,167,0.3214204229,4,5
"26202",5,7,"conf_358",7500,167,0.1278034537,4,5
"26203",5,7,"conf_358",250,168,12.0692254213,4,5
"26204",5,7,"conf_358",500,168,3.3460640424,4,5
"26205",5,7,"conf_358",1500,168,1.3875593143,4,5
"26206",5,7,"conf_358",2500,168,1.2350177317,4,5
"26207",5,7,"conf_358",5000,168,0.2385168641,4,5
"26208",5,7,"conf_358",7500,168,0.0251924748,4,5
"26209",5,7,"conf_358",250,169,19.6982644446,4,5
"26210",5,7,"conf_358",500,169,19.6982644446,4,5
"26211",5,7,"conf_358",1500,169,1.2487070237,4,5
"26212",5,7,"conf_358",2500,169,1.2487070237,4,5
"26213",5,7,"conf_358",5000,169,0.0705007488,4,5
"26214",5,7,"conf_358",7500,169,0.0469173069,4,5
"26215",5,7,"conf_358",250,170,14.2739000464,4,5
"26216",5,7,"conf_358",500,170,14.2739000464,4,5
"26217",5,7,"conf_358",1500,170,2.394446288,4,5
"26218",5,7,"conf_358",2500,170,0.8688405269,4,5
"26219",5,7,"conf_358",5000,170,0.1088791067,4,5
"26220",5,7,"conf_358",7500,170,0.0430083065,4,5
"26221",5,7,"conf_358",250,171,14.5916271022,4,5
"26222",5,7,"conf_358",500,171,10.3230117543,4,5
"26223",5,7,"conf_358",1500,171,2.4356343986,4,5
"26224",5,7,"conf_358",2500,171,1.2466919992,4,5
"26225",5,7,"conf_358",5000,171,0.2747968011,4,5
"26226",5,7,"conf_358",7500,171,0.0211211481,4,5
"26227",5,7,"conf_358",250,172,7.0312243853,4,5
"26228",5,7,"conf_358",500,172,7.0312243853,4,5
"26229",5,7,"conf_358",1500,172,2.3415975759,4,5
"26230",5,7,"conf_358",2500,172,1.0135201178,4,5
"26231",5,7,"conf_358",5000,172,0.4248030103,4,5
"26232",5,7,"conf_358",7500,172,0.1513449488,4,5
"26233",5,7,"conf_358",250,173,23.5788126901,4,5
"26234",5,7,"conf_358",500,173,9.3970357908,4,5
"26235",5,7,"conf_358",1500,173,2.497844996,4,5
"26236",5,7,"conf_358",2500,173,0.6097124047,4,5
"26237",5,7,"conf_358",5000,173,0.458535573,4,5
"26238",5,7,"conf_358",7500,173,0.0272719967,4,5
"26239",5,7,"conf_358",250,174,13.2504996038,4,5
"26240",5,7,"conf_358",500,174,8.434181095,4,5
"26241",5,7,"conf_358",1500,174,3.1562052873,4,5
"26242",5,7,"conf_358",2500,174,0.9373260248,4,5
"26243",5,7,"conf_358",5000,174,0.06826068,4,5
"26244",5,7,"conf_358",7500,174,0.0654080019,4,5
"26245",5,7,"conf_358",250,175,7.222097023,4,5
"26246",5,7,"conf_358",500,175,6.4526002242,4,5
"26247",5,7,"conf_358",1500,175,1.2201691872,4,5
"26248",5,7,"conf_358",2500,175,1.0400565018,4,5
"26249",5,7,"conf_358",5000,175,0.2315477296,4,5
"26250",5,7,"conf_358",7500,175,0.0299679881,4,5
"26251",5,7,"conf_358",250,176,5.9306991138,4,5
"26252",5,7,"conf_358",500,176,5.9306991138,4,5
"26253",5,7,"conf_358",1500,176,1.6705981353,4,5
"26254",5,7,"conf_358",2500,176,1.2074040166,4,5
"26255",5,7,"conf_358",5000,176,0.3294785681,4,5
"26256",5,7,"conf_358",7500,176,0.096376081,4,5
"26257",5,7,"conf_358",250,177,7.0420813941,4,5
"26258",5,7,"conf_358",500,177,7.0420813941,4,5
"26259",5,7,"conf_358",1500,177,1.5742550823,4,5
"26260",5,7,"conf_358",2500,177,1.5742550823,4,5
"26261",5,7,"conf_358",5000,177,0.2374200757,4,5
"26262",5,7,"conf_358",7500,177,0.0929518207,4,5
"26263",5,7,"conf_358",250,178,12.5968184874,4,5
"26264",5,7,"conf_358",500,178,2.8260743467,4,5
"26265",5,7,"conf_358",1500,178,2.8260743467,4,5
"26266",5,7,"conf_358",2500,178,0.3406529269,4,5
"26267",5,7,"conf_358",5000,178,0.2940008504,4,5
"26268",5,7,"conf_358",7500,178,0.0606810834,4,5
"26269",5,7,"conf_358",250,179,20.3536566077,4,5
"26270",5,7,"conf_358",500,179,9.1852939825,4,5
"26271",5,7,"conf_358",1500,179,1.707705867,4,5
"26272",5,7,"conf_358",2500,179,0.9325300994,4,5
"26273",5,7,"conf_358",5000,179,0.2726288714,4,5
"26274",5,7,"conf_358",7500,179,0.0897103764,4,5
"26275",5,7,"conf_358",250,180,25.3739708434,4,5
"26276",5,7,"conf_358",500,180,19.9436036063,4,5
"26277",5,7,"conf_358",1500,180,2.5075948902,4,5
"26278",5,7,"conf_358",2500,180,1.461984003,4,5
"26279",5,7,"conf_358",5000,180,0.0787422145,4,5
"26280",5,7,"conf_358",7500,180,0.0534355438,4,5
"26281",5,7,"conf_358",250,181,12.3640630454,4,5
"26282",5,7,"conf_358",500,181,12.3640630454,4,5
"26283",5,7,"conf_358",1500,181,1.6503256165,4,5
"26284",5,7,"conf_358",2500,181,1.3400937949,4,5
"26285",5,7,"conf_358",5000,181,0.121533264,4,5
"26286",5,7,"conf_358",7500,181,0.0229664298,4,5
"26287",5,7,"conf_358",250,182,28.5051806789,4,5
"26288",5,7,"conf_358",500,182,15.8363317331,4,5
"26289",5,7,"conf_358",1500,182,2.6657748015,4,5
"26290",5,7,"conf_358",2500,182,1.1874859577,4,5
"26291",5,7,"conf_358",5000,182,0.3624651295,4,5
"26292",5,7,"conf_358",7500,182,0.0823491217,4,5
"26293",5,7,"conf_358",250,183,9.7508649709,4,5
"26294",5,7,"conf_358",500,183,8.5995196959,4,5
"26295",5,7,"conf_358",1500,183,1.9908388535,4,5
"26296",5,7,"conf_358",2500,183,1.4574763492,4,5
"26297",5,7,"conf_358",5000,183,0.1839731756,4,5
"26298",5,7,"conf_358",7500,183,0.0852221956,4,5
"26299",5,7,"conf_358",250,184,16.5494880165,4,5
"26300",5,7,"conf_358",500,184,2.1636058246,4,5
"26301",5,7,"conf_358",1500,184,2.1636058246,4,5
"26302",5,7,"conf_358",2500,184,1.4574763492,4,5
"26303",5,7,"conf_358",5000,184,0.1370695839,4,5
"26304",5,7,"conf_358",7500,184,0.0462111946,4,5
"26305",5,7,"conf_358",250,185,21.5043800186,4,5
"26306",5,7,"conf_358",500,185,7.2064050382,4,5
"26307",5,7,"conf_358",1500,185,2.2156891931,4,5
"26308",5,7,"conf_358",2500,185,1.1265402212,4,5
"26309",5,7,"conf_358",5000,185,0.0486199918,4,5
"26310",5,7,"conf_358",7500,185,0.0299679881,4,5
"26311",5,7,"conf_358",250,186,17.3307151131,4,5
"26312",5,7,"conf_358",500,186,3.0927299227,4,5
"26313",5,7,"conf_358",1500,186,2.212094493,4,5
"26314",5,7,"conf_358",2500,186,1.6282904458,4,5
"26315",5,7,"conf_358",5000,186,0.2692505436,4,5
"26316",5,7,"conf_358",7500,186,0.037609066,4,5
"26317",5,7,"conf_358",250,187,24.9519007782,4,5
"26318",5,7,"conf_358",500,187,8.1235382157,4,5
"26319",5,7,"conf_358",1500,187,2.6795570934,4,5
"26320",5,7,"conf_358",2500,187,0.7448024915,4,5
"26321",5,7,"conf_358",5000,187,0.4452520298,4,5
"26322",5,7,"conf_358",7500,187,0.0535264927,4,5
"26323",5,7,"conf_358",250,188,10.7430314096,4,5
"26324",5,7,"conf_358",500,188,7.3161989334,4,5
"26325",5,7,"conf_358",1500,188,2.6375516842,4,5
"26326",5,7,"conf_358",2500,188,1.4574763492,4,5
"26327",5,7,"conf_358",5000,188,0.2552113559,4,5
"26328",5,7,"conf_358",7500,188,0.0707200884,4,5
"26329",5,7,"conf_358",250,189,21.8026485979,4,5
"26330",5,7,"conf_358",500,189,9.955789629,4,5
"26331",5,7,"conf_358",1500,189,3.3460640424,4,5
"26332",5,7,"conf_358",2500,189,1.2776903445,4,5
"26333",5,7,"conf_358",5000,189,0.092076368,4,5
"26334",5,7,"conf_358",7500,189,0.0335717017,4,5
"26335",5,7,"conf_358",250,190,24.7548640935,4,5
"26336",5,7,"conf_358",500,190,12.5377908538,4,5
"26337",5,7,"conf_358",1500,190,3.6396608547,4,5
"26338",5,7,"conf_358",2500,190,1.3083129177,4,5
"26339",5,7,"conf_358",5000,190,0.0537858627,4,5
"26340",5,7,"conf_358",7500,190,0.0440809916,4,5
"26341",5,7,"conf_358",250,191,19.2801513618,4,5
"26342",5,7,"conf_358",500,191,3.7378580336,4,5
"26343",5,7,"conf_358",1500,191,3.7378580336,4,5
"26344",5,7,"conf_358",2500,191,0.9006770678,4,5
"26345",5,7,"conf_358",5000,191,0.1473246457,4,5
"26346",5,7,"conf_358",7500,191,0.0712766698,4,5
"26347",5,7,"conf_358",250,192,6.2944151287,4,5
"26348",5,7,"conf_358",500,192,3.0381914526,4,5
"26349",5,7,"conf_358",1500,192,1.4574763492,4,5
"26350",5,7,"conf_358",2500,192,1.4272030083,4,5
"26351",5,7,"conf_358",5000,192,0.0665062665,4,5
"26352",5,7,"conf_358",7500,192,0.0256710801,4,5
"26353",5,7,"conf_358",250,193,4.4048792193,4,5
"26354",5,7,"conf_358",500,193,3.27223427,4,5
"26355",5,7,"conf_358",1500,193,2.5075948902,4,5
"26356",5,7,"conf_358",2500,193,1.6036033211,4,5
"26357",5,7,"conf_358",5000,193,0.1524034219,4,5
"26358",5,7,"conf_358",7500,193,0.048602129,4,5
"26359",5,7,"conf_358",250,194,19.7174964598,4,5
"26360",5,7,"conf_358",500,194,7.1444013955,4,5
"26361",5,7,"conf_358",1500,194,2.2915854491,4,5
"26362",5,7,"conf_358",2500,194,1.328905068,4,5
"26363",5,7,"conf_358",5000,194,0.1385889635,4,5
"26364",5,7,"conf_358",7500,194,0.0262765305,4,5
"26365",5,7,"conf_358",250,195,3.4934138849,4,5
"26366",5,7,"conf_358",500,195,3.4934138849,4,5
"26367",5,7,"conf_358",1500,195,0.3245849358,4,5
"26368",5,7,"conf_358",2500,195,0.2875308366,4,5
"26369",5,7,"conf_358",5000,195,0.0565988264,4,5
"26370",5,7,"conf_358",7500,195,0.0387148881,4,5
"26371",5,7,"conf_358",250,196,15.4851664043,4,5
"26372",5,7,"conf_358",500,196,15.4851664043,4,5
"26373",5,7,"conf_358",1500,196,3.3460640424,4,5
"26374",5,7,"conf_358",2500,196,1.3727271656,4,5
"26375",5,7,"conf_358",5000,196,0.2372757013,4,5
"26376",5,7,"conf_358",7500,196,0.0302365478,4,5
"26377",5,7,"conf_358",250,197,20.3586437737,4,5
"26378",5,7,"conf_358",500,197,9.9913799839,4,5
"26379",5,7,"conf_358",1500,197,3.4459117621,4,5
"26380",5,7,"conf_358",2500,197,0.8997250887,4,5
"26381",5,7,"conf_358",5000,197,0.39886958,4,5
"26382",5,7,"conf_358",7500,197,0.0544051775,4,5
"26383",5,7,"conf_358",250,198,26.7168177158,4,5
"26384",5,7,"conf_358",500,198,3.904578675,4,5
"26385",5,7,"conf_358",1500,198,2.4494846677,4,5
"26386",5,7,"conf_358",2500,198,0.7482574229,4,5
"26387",5,7,"conf_358",5000,198,0.2678831255,4,5
"26388",5,7,"conf_358",7500,198,0.0392991876,4,5
"26389",5,7,"conf_358",250,199,5.7715331871,4,5
"26390",5,7,"conf_358",500,199,5.7715331871,4,5
"26391",5,7,"conf_358",1500,199,2.2482600588,4,5
"26392",5,7,"conf_358",2500,199,1.1671383615,4,5
"26393",5,7,"conf_358",5000,199,0.1704395792,4,5
"26394",5,7,"conf_358",7500,199,0.0276576788,4,5
"26395",5,7,"conf_358",250,200,25.0169982976,4,5
"26396",5,7,"conf_358",500,200,20.8615164048,4,5
"26397",5,7,"conf_358",1500,200,3.5915022349,4,5
"26398",5,7,"conf_358",2500,200,1.7062654174,4,5
"26399",5,7,"conf_358",5000,200,0.1306978637,4,5
"26400",5,7,"conf_358",7500,200,0.0130986668,4,5
"26401",5,8,"conf_358",250,1,71.4895836272,2,5
"26402",5,8,"conf_358",500,1,71.4895836272,2,5
"26403",5,8,"conf_358",1500,1,41.6804012762,2,5
"26404",5,8,"conf_358",2500,1,18.5842118888,2,5
"26405",5,8,"conf_358",5000,1,3.1901742018,2,5
"26406",5,8,"conf_358",7500,1,0.9564885634,2,5
"26407",5,8,"conf_358",250,2,663.2480925133,2,5
"26408",5,8,"conf_358",500,2,296.4835198015,2,5
"26409",5,8,"conf_358",1500,2,22.0931319139,2,5
"26410",5,8,"conf_358",2500,2,19.5426199535,2,5
"26411",5,8,"conf_358",5000,2,9.4537122635,2,5
"26412",5,8,"conf_358",7500,2,5.0410465804,2,5
"26413",5,8,"conf_358",250,3,296.2353557075,2,5
"26414",5,8,"conf_358",500,3,296.2353557075,2,5
"26415",5,8,"conf_358",1500,3,29.761463148,2,5
"26416",5,8,"conf_358",2500,3,7.3046597474,2,5
"26417",5,8,"conf_358",5000,3,1.356070573,2,5
"26418",5,8,"conf_358",7500,3,0.9724383576,2,5
"26419",5,8,"conf_358",250,4,971.234404578,2,5
"26420",5,8,"conf_358",500,4,717.3904176575,2,5
"26421",5,8,"conf_358",1500,4,22.6177953321,2,5
"26422",5,8,"conf_358",2500,4,8.227494759,2,5
"26423",5,8,"conf_358",5000,4,3.769090119,2,5
"26424",5,8,"conf_358",7500,4,2.3608267579,2,5
"26425",5,8,"conf_358",250,5,190.2673161572,2,5
"26426",5,8,"conf_358",500,5,145.8752830404,2,5
"26427",5,8,"conf_358",1500,5,24.6235035,2,5
"26428",5,8,"conf_358",2500,5,17.0709744378,2,5
"26429",5,8,"conf_358",5000,5,3.6658228531,2,5
"26430",5,8,"conf_358",7500,5,0.9242476205,2,5
"26431",5,8,"conf_358",250,6,411.2634004675,2,5
"26432",5,8,"conf_358",500,6,71.4018429588,2,5
"26433",5,8,"conf_358",1500,6,50.1254542617,2,5
"26434",5,8,"conf_358",2500,6,6.8431012058,2,5
"26435",5,8,"conf_358",5000,6,3.0552620874,2,5
"26436",5,8,"conf_358",7500,6,0.7006321955,2,5
"26437",5,8,"conf_358",250,7,1262.4730310162,2,5
"26438",5,8,"conf_358",500,7,239.6326103893,2,5
"26439",5,8,"conf_358",1500,7,11.6344536494,2,5
"26440",5,8,"conf_358",2500,7,11.6344536494,2,5
"26441",5,8,"conf_358",5000,7,2.1623109255,2,5
"26442",5,8,"conf_358",7500,7,1.3064385684,2,5
"26443",5,8,"conf_358",250,8,498.5861080648,2,5
"26444",5,8,"conf_358",500,8,435.8438027063,2,5
"26445",5,8,"conf_358",1500,8,24.6736402405,2,5
"26446",5,8,"conf_358",2500,8,6.0503695622,2,5
"26447",5,8,"conf_358",5000,8,2.3304843703,2,5
"26448",5,8,"conf_358",7500,8,2.1706582267,2,5
"26449",5,8,"conf_358",250,9,117.4129467628,2,5
"26450",5,8,"conf_358",500,9,50.4352424999,2,5
"26451",5,8,"conf_358",1500,9,48.6964449549,2,5
"26452",5,8,"conf_358",2500,9,9.2024568888,2,5
"26453",5,8,"conf_358",5000,9,2.2065078734,2,5
"26454",5,8,"conf_358",7500,9,1.4952392416,2,5
"26455",5,8,"conf_358",250,10,258.8223012194,2,5
"26456",5,8,"conf_358",500,10,258.8223012194,2,5
"26457",5,8,"conf_358",1500,10,47.2430037089,2,5
"26458",5,8,"conf_358",2500,10,7.8033930491,2,5
"26459",5,8,"conf_358",5000,10,4.459547366,2,5
"26460",5,8,"conf_358",7500,10,0.8102293992,2,5
"26461",5,8,"conf_358",250,11,1524.7339652384,2,5
"26462",5,8,"conf_358",500,11,249.5705724915,2,5
"26463",5,8,"conf_358",1500,11,19.9959095496,2,5
"26464",5,8,"conf_358",2500,11,4.8858636449,2,5
"26465",5,8,"conf_358",5000,11,2.8221481251,2,5
"26466",5,8,"conf_358",7500,11,1.5385299506,2,5
"26467",5,8,"conf_358",250,12,839.4934639951,2,5
"26468",5,8,"conf_358",500,12,211.4676960981,2,5
"26469",5,8,"conf_358",1500,12,29.2681144173,2,5
"26470",5,8,"conf_358",2500,12,12.916280427,2,5
"26471",5,8,"conf_358",5000,12,3.6975696241,2,5
"26472",5,8,"conf_358",7500,12,1.2934087582,2,5
"26473",5,8,"conf_358",250,13,861.7461319217,2,5
"26474",5,8,"conf_358",500,13,230.5323447362,2,5
"26475",5,8,"conf_358",1500,13,118.4461032941,2,5
"26476",5,8,"conf_358",2500,13,26.2299224907,2,5
"26477",5,8,"conf_358",5000,13,5.356894888,2,5
"26478",5,8,"conf_358",7500,13,2.1656233336,2,5
"26479",5,8,"conf_358",250,14,901.0967392299,2,5
"26480",5,8,"conf_358",500,14,293.887347682,2,5
"26481",5,8,"conf_358",1500,14,6.050502825,2,5
"26482",5,8,"conf_358",2500,14,6.050502825,2,5
"26483",5,8,"conf_358",5000,14,2.0571980928,2,5
"26484",5,8,"conf_358",7500,14,0.2824085016,2,5
"26485",5,8,"conf_358",250,15,518.190310013,2,5
"26486",5,8,"conf_358",500,15,518.190310013,2,5
"26487",5,8,"conf_358",1500,15,8.9815398354,2,5
"26488",5,8,"conf_358",2500,15,8.9815398354,2,5
"26489",5,8,"conf_358",5000,15,8.6332881548,2,5
"26490",5,8,"conf_358",7500,15,4.4305508692,2,5
"26491",5,8,"conf_358",250,16,892.8410519005,2,5
"26492",5,8,"conf_358",500,16,116.1235693431,2,5
"26493",5,8,"conf_358",1500,16,61.4778277047,2,5
"26494",5,8,"conf_358",2500,16,10.5526222292,2,5
"26495",5,8,"conf_358",5000,16,3.3688193524,2,5
"26496",5,8,"conf_358",7500,16,1.4219071284,2,5
"26497",5,8,"conf_358",250,17,135.8291314076,2,5
"26498",5,8,"conf_358",500,17,135.8291314076,2,5
"26499",5,8,"conf_358",1500,17,81.8624230283,2,5
"26500",5,8,"conf_358",2500,17,18.9681653041,2,5
"26501",5,8,"conf_358",5000,17,7.1956412497,2,5
"26502",5,8,"conf_358",7500,17,4.5732640669,2,5
"26503",5,8,"conf_358",250,18,238.6883696585,2,5
"26504",5,8,"conf_358",500,18,190.4008045294,2,5
"26505",5,8,"conf_358",1500,18,7.7674829513,2,5
"26506",5,8,"conf_358",2500,18,7.7674829513,2,5
"26507",5,8,"conf_358",5000,18,3.3460090795,2,5
"26508",5,8,"conf_358",7500,18,0.9034809289,2,5
"26509",5,8,"conf_358",250,19,1408.3652860656,2,5
"26510",5,8,"conf_358",500,19,322.9681872337,2,5
"26511",5,8,"conf_358",1500,19,68.8206539858,2,5
"26512",5,8,"conf_358",2500,19,8.0742473558,2,5
"26513",5,8,"conf_358",5000,19,3.1940759481,2,5
"26514",5,8,"conf_358",7500,19,1.3076871034,2,5
"26515",5,8,"conf_358",250,20,516.514711962,2,5
"26516",5,8,"conf_358",500,20,516.514711962,2,5
"26517",5,8,"conf_358",1500,20,29.8123300969,2,5
"26518",5,8,"conf_358",2500,20,6.2148491737,2,5
"26519",5,8,"conf_358",5000,20,4.2586403533,2,5
"26520",5,8,"conf_358",7500,20,1.0953146784,2,5
"26521",5,8,"conf_358",250,21,1704.081358891,2,5
"26522",5,8,"conf_358",500,21,433.1849167367,2,5
"26523",5,8,"conf_358",1500,21,120.712050165,2,5
"26524",5,8,"conf_358",2500,21,7.4097695402,2,5
"26525",5,8,"conf_358",5000,21,4.9881466505,2,5
"26526",5,8,"conf_358",7500,21,2.5113173745,2,5
"26527",5,8,"conf_358",250,22,456.7890235636,2,5
"26528",5,8,"conf_358",500,22,70.9927896866,2,5
"26529",5,8,"conf_358",1500,22,28.2466332731,2,5
"26530",5,8,"conf_358",2500,22,7.8251688195,2,5
"26531",5,8,"conf_358",5000,22,0.9344851355,2,5
"26532",5,8,"conf_358",7500,22,0.9344851355,2,5
"26533",5,8,"conf_358",250,23,1638.3375916357,2,5
"26534",5,8,"conf_358",500,23,465.0368566499,2,5
"26535",5,8,"conf_358",1500,23,65.1833839059,2,5
"26536",5,8,"conf_358",2500,23,12.7002512419,2,5
"26537",5,8,"conf_358",5000,23,5.8012108529,2,5
"26538",5,8,"conf_358",7500,23,1.0926387634,2,5
"26539",5,8,"conf_358",250,24,794.3421516931,2,5
"26540",5,8,"conf_358",500,24,680.2974714555,2,5
"26541",5,8,"conf_358",1500,24,11.28909973,2,5
"26542",5,8,"conf_358",2500,24,10.5728956276,2,5
"26543",5,8,"conf_358",5000,24,3.5201253304,2,5
"26544",5,8,"conf_358",7500,24,1.5600604845,2,5
"26545",5,8,"conf_358",250,25,585.8853651452,2,5
"26546",5,8,"conf_358",500,25,239.8605026046,2,5
"26547",5,8,"conf_358",1500,25,32.5868489008,2,5
"26548",5,8,"conf_358",2500,25,15.1494026991,2,5
"26549",5,8,"conf_358",5000,25,4.6932871249,2,5
"26550",5,8,"conf_358",7500,25,3.5851008748,2,5
"26551",5,8,"conf_358",250,26,537.0323256753,2,5
"26552",5,8,"conf_358",500,26,145.9437789805,2,5
"26553",5,8,"conf_358",1500,26,31.498899819,2,5
"26554",5,8,"conf_358",2500,26,10.1083160348,2,5
"26555",5,8,"conf_358",5000,26,4.1151214416,2,5
"26556",5,8,"conf_358",7500,26,1.0763245141,2,5
"26557",5,8,"conf_358",250,27,908.7389152685,2,5
"26558",5,8,"conf_358",500,27,436.3681184501,2,5
"26559",5,8,"conf_358",1500,27,5.6553298903,2,5
"26560",5,8,"conf_358",2500,27,5.6553298903,2,5
"26561",5,8,"conf_358",5000,27,2.717324033,2,5
"26562",5,8,"conf_358",7500,27,1.4589358002,2,5
"26563",5,8,"conf_358",250,28,296.0749249511,2,5
"26564",5,8,"conf_358",500,28,244.8545044017,2,5
"26565",5,8,"conf_358",1500,28,50.5459204302,2,5
"26566",5,8,"conf_358",2500,28,23.4534244429,2,5
"26567",5,8,"conf_358",5000,28,4.1283290668,2,5
"26568",5,8,"conf_358",7500,28,1.9538052299,2,5
"26569",5,8,"conf_358",250,29,345.3004418609,2,5
"26570",5,8,"conf_358",500,29,304.1201411184,2,5
"26571",5,8,"conf_358",1500,29,39.8625375484,2,5
"26572",5,8,"conf_358",2500,29,6.6082142521,2,5
"26573",5,8,"conf_358",5000,29,4.689459437,2,5
"26574",5,8,"conf_358",7500,29,1.3466035608,2,5
"26575",5,8,"conf_358",250,30,244.110113695,2,5
"26576",5,8,"conf_358",500,30,244.110113695,2,5
"26577",5,8,"conf_358",1500,30,8.6562891532,2,5
"26578",5,8,"conf_358",2500,30,8.3091836879,2,5
"26579",5,8,"conf_358",5000,30,3.0469516065,2,5
"26580",5,8,"conf_358",7500,30,0.9682252402,2,5
"26581",5,8,"conf_358",250,31,462.8503908518,2,5
"26582",5,8,"conf_358",500,31,357.6114591394,2,5
"26583",5,8,"conf_358",1500,31,56.2074732414,2,5
"26584",5,8,"conf_358",2500,31,20.6895949884,2,5
"26585",5,8,"conf_358",5000,31,5.5222781838,2,5
"26586",5,8,"conf_358",7500,31,1.2052630698,2,5
"26587",5,8,"conf_358",250,32,898.5302707891,2,5
"26588",5,8,"conf_358",500,32,200.1401102746,2,5
"26589",5,8,"conf_358",1500,32,89.6533973271,2,5
"26590",5,8,"conf_358",2500,32,18.8849826443,2,5
"26591",5,8,"conf_358",5000,32,6.8479883399,2,5
"26592",5,8,"conf_358",7500,32,3.1447939161,2,5
"26593",5,8,"conf_358",250,33,848.0064968077,2,5
"26594",5,8,"conf_358",500,33,164.3272813579,2,5
"26595",5,8,"conf_358",1500,33,30.555318803,2,5
"26596",5,8,"conf_358",2500,33,9.6463523409,2,5
"26597",5,8,"conf_358",5000,33,2.1950341225,2,5
"26598",5,8,"conf_358",7500,33,0.9376523487,2,5
"26599",5,8,"conf_358",250,34,188.3292227083,2,5
"26600",5,8,"conf_358",500,34,157.0741962096,2,5
"26601",5,8,"conf_358",1500,34,10.7565738747,2,5
"26602",5,8,"conf_358",2500,34,7.824229435,2,5
"26603",5,8,"conf_358",5000,34,3.6023012462,2,5
"26604",5,8,"conf_358",7500,34,1.0635667134,2,5
"26605",5,8,"conf_358",250,35,461.4062839279,2,5
"26606",5,8,"conf_358",500,35,298.906621309,2,5
"26607",5,8,"conf_358",1500,35,70.641439091,2,5
"26608",5,8,"conf_358",2500,35,12.1848452873,2,5
"26609",5,8,"conf_358",5000,35,5.9475776901,2,5
"26610",5,8,"conf_358",7500,35,3.2971849618,2,5
"26611",5,8,"conf_358",250,36,337.6973135551,2,5
"26612",5,8,"conf_358",500,36,65.757947253,2,5
"26613",5,8,"conf_358",1500,36,25.2977864438,2,5
"26614",5,8,"conf_358",2500,36,5.3059633728,2,5
"26615",5,8,"conf_358",5000,36,1.2940109653,2,5
"26616",5,8,"conf_358",7500,36,1.2940109653,2,5
"26617",5,8,"conf_358",250,37,532.5987033702,2,5
"26618",5,8,"conf_358",500,37,420.2297869587,2,5
"26619",5,8,"conf_358",1500,37,53.8054621354,2,5
"26620",5,8,"conf_358",2500,37,16.0342903412,2,5
"26621",5,8,"conf_358",5000,37,2.5660285034,2,5
"26622",5,8,"conf_358",7500,37,0.5345469965,2,5
"26623",5,8,"conf_358",250,38,156.9273939143,2,5
"26624",5,8,"conf_358",500,38,125.635487872,2,5
"26625",5,8,"conf_358",1500,38,9.6782159943,2,5
"26626",5,8,"conf_358",2500,38,7.4598411948,2,5
"26627",5,8,"conf_358",5000,38,4.0742539116,2,5
"26628",5,8,"conf_358",7500,38,0.9993779202,2,5
"26629",5,8,"conf_358",250,39,627.3135915208,2,5
"26630",5,8,"conf_358",500,39,89.0761145487,2,5
"26631",5,8,"conf_358",1500,39,29.4275187625,2,5
"26632",5,8,"conf_358",2500,39,15.0211232351,2,5
"26633",5,8,"conf_358",5000,39,8.1647003451,2,5
"26634",5,8,"conf_358",7500,39,4.5877195542,2,5
"26635",5,8,"conf_358",250,40,306.5864855915,2,5
"26636",5,8,"conf_358",500,40,84.891648334,2,5
"26637",5,8,"conf_358",1500,40,64.1132346009,2,5
"26638",5,8,"conf_358",2500,40,7.3357345746,2,5
"26639",5,8,"conf_358",5000,40,1.0387297036,2,5
"26640",5,8,"conf_358",7500,40,1.0232379382,2,5
"26641",5,8,"conf_358",250,41,445.5357485522,2,5
"26642",5,8,"conf_358",500,41,32.2657302245,2,5
"26643",5,8,"conf_358",1500,41,32.2657302245,2,5
"26644",5,8,"conf_358",2500,41,32.2657302245,2,5
"26645",5,8,"conf_358",5000,41,8.2399022864,2,5
"26646",5,8,"conf_358",7500,41,5.0480842534,2,5
"26647",5,8,"conf_358",250,42,795.7927984461,2,5
"26648",5,8,"conf_358",500,42,535.4669244491,2,5
"26649",5,8,"conf_358",1500,42,77.4678830167,2,5
"26650",5,8,"conf_358",2500,42,34.3478690973,2,5
"26651",5,8,"conf_358",5000,42,5.6030398919,2,5
"26652",5,8,"conf_358",7500,42,2.0749721111,2,5
"26653",5,8,"conf_358",250,43,660.5974758288,2,5
"26654",5,8,"conf_358",500,43,269.041460628,2,5
"26655",5,8,"conf_358",1500,43,41.4860749967,2,5
"26656",5,8,"conf_358",2500,43,9.4754164343,2,5
"26657",5,8,"conf_358",5000,43,4.3031030358,2,5
"26658",5,8,"conf_358",7500,43,4.3031030358,2,5
"26659",5,8,"conf_358",250,44,138.9851994805,2,5
"26660",5,8,"conf_358",500,44,106.7617893264,2,5
"26661",5,8,"conf_358",1500,44,35.4448267642,2,5
"26662",5,8,"conf_358",2500,44,8.8226869873,2,5
"26663",5,8,"conf_358",5000,44,4.8597516986,2,5
"26664",5,8,"conf_358",7500,44,1.4070907542,2,5
"26665",5,8,"conf_358",250,45,109.8081246428,2,5
"26666",5,8,"conf_358",500,45,109.8081246428,2,5
"26667",5,8,"conf_358",1500,45,29.3031346404,2,5
"26668",5,8,"conf_358",2500,45,4.394462208,2,5
"26669",5,8,"conf_358",5000,45,2.5604981588,2,5
"26670",5,8,"conf_358",7500,45,1.1367032166,2,5
"26671",5,8,"conf_358",250,46,694.7661370528,2,5
"26672",5,8,"conf_358",500,46,269.1553729637,2,5
"26673",5,8,"conf_358",1500,46,42.8251896561,2,5
"26674",5,8,"conf_358",2500,46,7.726019707,2,5
"26675",5,8,"conf_358",5000,46,2.4898759142,2,5
"26676",5,8,"conf_358",7500,46,1.3128417935,2,5
"26677",5,8,"conf_358",250,47,683.8161697756,2,5
"26678",5,8,"conf_358",500,47,186.9516022572,2,5
"26679",5,8,"conf_358",1500,47,109.3334911895,2,5
"26680",5,8,"conf_358",2500,47,45.9122252722,2,5
"26681",5,8,"conf_358",5000,47,1.7373264608,2,5
"26682",5,8,"conf_358",7500,47,0.8693563361,2,5
"26683",5,8,"conf_358",250,48,516.916716318,2,5
"26684",5,8,"conf_358",500,48,361.8378201631,2,5
"26685",5,8,"conf_358",1500,48,30.5612693205,2,5
"26686",5,8,"conf_358",2500,48,10.0669489165,2,5
"26687",5,8,"conf_358",5000,48,2.9608551048,2,5
"26688",5,8,"conf_358",7500,48,1.8271329653,2,5
"26689",5,8,"conf_358",250,49,709.6888559586,2,5
"26690",5,8,"conf_358",500,49,224.0542459172,2,5
"26691",5,8,"conf_358",1500,49,34.8432680489,2,5
"26692",5,8,"conf_358",2500,49,10.6444033664,2,5
"26693",5,8,"conf_358",5000,49,3.6018685173,2,5
"26694",5,8,"conf_358",7500,49,1.7654364492,2,5
"26695",5,8,"conf_358",250,50,838.7748043246,2,5
"26696",5,8,"conf_358",500,50,311.6580004381,2,5
"26697",5,8,"conf_358",1500,50,70.4456302318,2,5
"26698",5,8,"conf_358",2500,50,9.0197399349,2,5
"26699",5,8,"conf_358",5000,50,2.3752775639,2,5
"26700",5,8,"conf_358",7500,50,0.6663635419,2,5
"26701",5,8,"conf_358",250,51,585.3795604056,3,5
"26702",5,8,"conf_358",500,51,242.658900768,3,5
"26703",5,8,"conf_358",1500,51,37.7570500013,3,5
"26704",5,8,"conf_358",2500,51,12.0407829923,3,5
"26705",5,8,"conf_358",5000,51,3.4948261755,3,5
"26706",5,8,"conf_358",7500,51,1.0991142511,3,5
"26707",5,8,"conf_358",250,52,416.1435042799,3,5
"26708",5,8,"conf_358",500,52,197.5239136283,3,5
"26709",5,8,"conf_358",1500,52,48.0461592782,3,5
"26710",5,8,"conf_358",2500,52,29.4420064943,3,5
"26711",5,8,"conf_358",5000,52,4.9535690718,3,5
"26712",5,8,"conf_358",7500,52,1.5643516226,3,5
"26713",5,8,"conf_358",250,53,1453.5515159244,3,5
"26714",5,8,"conf_358",500,53,228.2482574184,3,5
"26715",5,8,"conf_358",1500,53,49.9741796035,3,5
"26716",5,8,"conf_358",2500,53,24.0081071228,3,5
"26717",5,8,"conf_358",5000,53,7.2955225074,3,5
"26718",5,8,"conf_358",7500,53,2.2041588278,3,5
"26719",5,8,"conf_358",250,54,863.6497609764,3,5
"26720",5,8,"conf_358",500,54,450.0428405641,3,5
"26721",5,8,"conf_358",1500,54,14.0128186818,3,5
"26722",5,8,"conf_358",2500,54,7.2004101138,3,5
"26723",5,8,"conf_358",5000,54,3.0648904214,3,5
"26724",5,8,"conf_358",7500,54,1.5176055101,3,5
"26725",5,8,"conf_358",250,55,3654.0611648123,3,5
"26726",5,8,"conf_358",500,55,764.569050747,3,5
"26727",5,8,"conf_358",1500,55,227.0115488218,3,5
"26728",5,8,"conf_358",2500,55,37.7948934179,3,5
"26729",5,8,"conf_358",5000,55,4.8464101963,3,5
"26730",5,8,"conf_358",7500,55,2.448942042,3,5
"26731",5,8,"conf_358",250,56,276.6256309957,3,5
"26732",5,8,"conf_358",500,56,276.6256309957,3,5
"26733",5,8,"conf_358",1500,56,39.7400450854,3,5
"26734",5,8,"conf_358",2500,56,6.0196611968,3,5
"26735",5,8,"conf_358",5000,56,3.1237063261,3,5
"26736",5,8,"conf_358",7500,56,0.8692802802,3,5
"26737",5,8,"conf_358",250,57,488.6199252229,3,5
"26738",5,8,"conf_358",500,57,208.9058868455,3,5
"26739",5,8,"conf_358",1500,57,44.8806072631,3,5
"26740",5,8,"conf_358",2500,57,3.8241179252,3,5
"26741",5,8,"conf_358",5000,57,3.3156617317,3,5
"26742",5,8,"conf_358",7500,57,2.5261319534,3,5
"26743",5,8,"conf_358",250,58,837.6572764757,3,5
"26744",5,8,"conf_358",500,58,458.9357474567,3,5
"26745",5,8,"conf_358",1500,58,42.2345804412,3,5
"26746",5,8,"conf_358",2500,58,16.7328399288,3,5
"26747",5,8,"conf_358",5000,58,2.1645737559,3,5
"26748",5,8,"conf_358",7500,58,0.834686165,3,5
"26749",5,8,"conf_358",250,59,758.0123387973,3,5
"26750",5,8,"conf_358",500,59,730.870540319,3,5
"26751",5,8,"conf_358",1500,59,24.8345909016,3,5
"26752",5,8,"conf_358",2500,59,7.5936663016,3,5
"26753",5,8,"conf_358",5000,59,1.583503951,3,5
"26754",5,8,"conf_358",7500,59,1.2472600499,3,5
"26755",5,8,"conf_358",250,60,824.8543561411,3,5
"26756",5,8,"conf_358",500,60,211.2553007449,3,5
"26757",5,8,"conf_358",1500,60,90.1597613318,3,5
"26758",5,8,"conf_358",2500,60,16.2443456488,3,5
"26759",5,8,"conf_358",5000,60,4.237382089,3,5
"26760",5,8,"conf_358",7500,60,1.1512977944,3,5
"26761",5,8,"conf_358",250,61,1188.4232039259,3,5
"26762",5,8,"conf_358",500,61,339.4427910321,3,5
"26763",5,8,"conf_358",1500,61,34.028721183,3,5
"26764",5,8,"conf_358",2500,61,3.8945278213,3,5
"26765",5,8,"conf_358",5000,61,0.9035760414,3,5
"26766",5,8,"conf_358",7500,61,0.9035760414,3,5
"26767",5,8,"conf_358",250,62,880.4782108567,3,5
"26768",5,8,"conf_358",500,62,427.9421287164,3,5
"26769",5,8,"conf_358",1500,62,12.1948387594,3,5
"26770",5,8,"conf_358",2500,62,12.1948387594,3,5
"26771",5,8,"conf_358",5000,62,3.7313714308,3,5
"26772",5,8,"conf_358",7500,62,1.9006871491,3,5
"26773",5,8,"conf_358",250,63,192.9221934191,3,5
"26774",5,8,"conf_358",500,63,192.9221934191,3,5
"26775",5,8,"conf_358",1500,63,17.0677317158,3,5
"26776",5,8,"conf_358",2500,63,11.907407657,3,5
"26777",5,8,"conf_358",5000,63,2.6059929093,3,5
"26778",5,8,"conf_358",7500,63,1.240567617,3,5
"26779",5,8,"conf_358",250,64,792.1177916537,3,5
"26780",5,8,"conf_358",500,64,180.0116008282,3,5
"26781",5,8,"conf_358",1500,64,37.0756301743,3,5
"26782",5,8,"conf_358",2500,64,10.8337500327,3,5
"26783",5,8,"conf_358",5000,64,3.2066183852,3,5
"26784",5,8,"conf_358",7500,64,0.866610664,3,5
"26785",5,8,"conf_358",250,65,754.1005942604,3,5
"26786",5,8,"conf_358",500,65,409.5655675883,3,5
"26787",5,8,"conf_358",1500,65,141.3978573583,3,5
"26788",5,8,"conf_358",2500,65,23.9059658515,3,5
"26789",5,8,"conf_358",5000,65,5.7354143882,3,5
"26790",5,8,"conf_358",7500,65,2.7272434953,3,5
"26791",5,8,"conf_358",250,66,854.3175945135,3,5
"26792",5,8,"conf_358",500,66,168.5870800596,3,5
"26793",5,8,"conf_358",1500,66,99.1943718937,3,5
"26794",5,8,"conf_358",2500,66,12.6972971993,3,5
"26795",5,8,"conf_358",5000,66,4.5974330583,3,5
"26796",5,8,"conf_358",7500,66,1.2395026185,3,5
"26797",5,8,"conf_358",250,67,340.3693244173,3,5
"26798",5,8,"conf_358",500,67,339.9823316413,3,5
"26799",5,8,"conf_358",1500,67,63.2121290325,3,5
"26800",5,8,"conf_358",2500,67,15.3628778987,3,5
"26801",5,8,"conf_358",5000,67,2.4340388722,3,5
"26802",5,8,"conf_358",7500,67,0.4320146103,3,5
"26803",5,8,"conf_358",250,68,437.3971895605,3,5
"26804",5,8,"conf_358",500,68,437.3971895605,3,5
"26805",5,8,"conf_358",1500,68,17.5921843625,3,5
"26806",5,8,"conf_358",2500,68,17.5921843625,3,5
"26807",5,8,"conf_358",5000,68,8.6296363574,3,5
"26808",5,8,"conf_358",7500,68,1.8454048446,3,5
"26809",5,8,"conf_358",250,69,1049.5405839417,3,5
"26810",5,8,"conf_358",500,69,192.7362487339,3,5
"26811",5,8,"conf_358",1500,69,22.4316913836,3,5
"26812",5,8,"conf_358",2500,69,12.1905220905,3,5
"26813",5,8,"conf_358",5000,69,7.8411369891,3,5
"26814",5,8,"conf_358",7500,69,0.8083609294,3,5
"26815",5,8,"conf_358",250,70,1042.7970767029,3,5
"26816",5,8,"conf_358",500,70,363.8281597623,3,5
"26817",5,8,"conf_358",1500,70,35.5075360603,3,5
"26818",5,8,"conf_358",2500,70,14.5968204791,3,5
"26819",5,8,"conf_358",5000,70,4.2560914312,3,5
"26820",5,8,"conf_358",7500,70,1.951757375,3,5
"26821",5,8,"conf_358",250,71,182.2637589095,3,5
"26822",5,8,"conf_358",500,71,118.8008477673,3,5
"26823",5,8,"conf_358",1500,71,22.8631481455,3,5
"26824",5,8,"conf_358",2500,71,7.147028781,3,5
"26825",5,8,"conf_358",5000,71,1.8550362285,3,5
"26826",5,8,"conf_358",7500,71,1.2162551819,3,5
"26827",5,8,"conf_358",250,72,1047.3363250154,3,5
"26828",5,8,"conf_358",500,72,549.7680534002,3,5
"26829",5,8,"conf_358",1500,72,24.230166539,3,5
"26830",5,8,"conf_358",2500,72,14.5458325622,3,5
"26831",5,8,"conf_358",5000,72,5.4391879994,3,5
"26832",5,8,"conf_358",7500,72,1.5150889972,3,5
"26833",5,8,"conf_358",250,73,1160.197492912,3,5
"26834",5,8,"conf_358",500,73,495.52934258,3,5
"26835",5,8,"conf_358",1500,73,60.1563199759,3,5
"26836",5,8,"conf_358",2500,73,23.4708529554,3,5
"26837",5,8,"conf_358",5000,73,3.452376305,3,5
"26838",5,8,"conf_358",7500,73,2.3545115235,3,5
"26839",5,8,"conf_358",250,74,534.9356290891,3,5
"26840",5,8,"conf_358",500,74,163.0451965342,3,5
"26841",5,8,"conf_358",1500,74,33.2769363313,3,5
"26842",5,8,"conf_358",2500,74,19.0463049453,3,5
"26843",5,8,"conf_358",5000,74,9.5515351402,3,5
"26844",5,8,"conf_358",7500,74,2.235924395,3,5
"26845",5,8,"conf_358",250,75,555.1312356543,3,5
"26846",5,8,"conf_358",500,75,450.63298724,3,5
"26847",5,8,"conf_358",1500,75,16.9401059384,3,5
"26848",5,8,"conf_358",2500,75,8.4685981191,3,5
"26849",5,8,"conf_358",5000,75,3.3653079671,3,5
"26850",5,8,"conf_358",7500,75,0.935473071,3,5
"26851",5,8,"conf_358",250,76,405.8684385883,3,5
"26852",5,8,"conf_358",500,76,339.3290962028,3,5
"26853",5,8,"conf_358",1500,76,20.7690185162,3,5
"26854",5,8,"conf_358",2500,76,19.4067208851,3,5
"26855",5,8,"conf_358",5000,76,3.6889024827,3,5
"26856",5,8,"conf_358",7500,76,1.0798044901,3,5
"26857",5,8,"conf_358",250,77,231.2523110571,3,5
"26858",5,8,"conf_358",500,77,231.2523110571,3,5
"26859",5,8,"conf_358",1500,77,35.3811447511,3,5
"26860",5,8,"conf_358",2500,77,27.2632810093,3,5
"26861",5,8,"conf_358",5000,77,0.8904840125,3,5
"26862",5,8,"conf_358",7500,77,0.6331192004,3,5
"26863",5,8,"conf_358",250,78,269.5199802822,3,5
"26864",5,8,"conf_358",500,78,193.7739210419,3,5
"26865",5,8,"conf_358",1500,78,73.4363982394,3,5
"26866",5,8,"conf_358",2500,78,7.3446928919,3,5
"26867",5,8,"conf_358",5000,78,4.7224203134,3,5
"26868",5,8,"conf_358",7500,78,2.326742169,3,5
"26869",5,8,"conf_358",250,79,228.7746634168,3,5
"26870",5,8,"conf_358",500,79,228.7746634168,3,5
"26871",5,8,"conf_358",1500,79,15.7076934402,3,5
"26872",5,8,"conf_358",2500,79,6.2088313832,3,5
"26873",5,8,"conf_358",5000,79,2.0576089167,3,5
"26874",5,8,"conf_358",7500,79,0.774496705,3,5
"26875",5,8,"conf_358",250,80,178.475435937,3,5
"26876",5,8,"conf_358",500,80,178.475435937,3,5
"26877",5,8,"conf_358",1500,80,48.2226731444,3,5
"26878",5,8,"conf_358",2500,80,14.4949351582,3,5
"26879",5,8,"conf_358",5000,80,4.5849658336,3,5
"26880",5,8,"conf_358",7500,80,1.9884972974,3,5
"26881",5,8,"conf_358",250,81,290.5737666074,3,5
"26882",5,8,"conf_358",500,81,290.5737666074,3,5
"26883",5,8,"conf_358",1500,81,32.7063930072,3,5
"26884",5,8,"conf_358",2500,81,12.6380274516,3,5
"26885",5,8,"conf_358",5000,81,6.7382031001,3,5
"26886",5,8,"conf_358",7500,81,2.7826995301,3,5
"26887",5,8,"conf_358",250,82,334.3381434069,3,5
"26888",5,8,"conf_358",500,82,270.3605019691,3,5
"26889",5,8,"conf_358",1500,82,16.388243034,3,5
"26890",5,8,"conf_358",2500,82,16.388243034,3,5
"26891",5,8,"conf_358",5000,82,3.2437633449,3,5
"26892",5,8,"conf_358",7500,82,1.3910727906,3,5
"26893",5,8,"conf_358",250,83,466.5433892502,3,5
"26894",5,8,"conf_358",500,83,282.4400883119,3,5
"26895",5,8,"conf_358",1500,83,29.3466511363,3,5
"26896",5,8,"conf_358",2500,83,12.3558387386,3,5
"26897",5,8,"conf_358",5000,83,3.1304740312,3,5
"26898",5,8,"conf_358",7500,83,1.6641412074,3,5
"26899",5,8,"conf_358",250,84,311.2290260895,3,5
"26900",5,8,"conf_358",500,84,67.2075632035,3,5
"26901",5,8,"conf_358",1500,84,15.3850575111,3,5
"26902",5,8,"conf_358",2500,84,5.4721718507,3,5
"26903",5,8,"conf_358",5000,84,3.1003007991,3,5
"26904",5,8,"conf_358",7500,84,0.6822559184,3,5
"26905",5,8,"conf_358",250,85,582.3514560251,3,5
"26906",5,8,"conf_358",500,85,414.4674527043,3,5
"26907",5,8,"conf_358",1500,85,69.1786310312,3,5
"26908",5,8,"conf_358",2500,85,6.1599717068,3,5
"26909",5,8,"conf_358",5000,85,2.1740364846,3,5
"26910",5,8,"conf_358",7500,85,0.4377887029,3,5
"26911",5,8,"conf_358",250,86,1584.4405757882,3,5
"26912",5,8,"conf_358",500,86,542.1752597449,3,5
"26913",5,8,"conf_358",1500,86,32.4352954513,3,5
"26914",5,8,"conf_358",2500,86,8.8592798175,3,5
"26915",5,8,"conf_358",5000,86,2.8157449407,3,5
"26916",5,8,"conf_358",7500,86,0.880083768,3,5
"26917",5,8,"conf_358",250,87,133.4945527326,3,5
"26918",5,8,"conf_358",500,87,133.4945527326,3,5
"26919",5,8,"conf_358",1500,87,29.8534433133,3,5
"26920",5,8,"conf_358",2500,87,19.6326074406,3,5
"26921",5,8,"conf_358",5000,87,5.7324623325,3,5
"26922",5,8,"conf_358",7500,87,1.1394456936,3,5
"26923",5,8,"conf_358",250,88,312.084834886,3,5
"26924",5,8,"conf_358",500,88,147.6126074182,3,5
"26925",5,8,"conf_358",1500,88,39.2035144469,3,5
"26926",5,8,"conf_358",2500,88,15.7520864334,3,5
"26927",5,8,"conf_358",5000,88,4.562264693,3,5
"26928",5,8,"conf_358",7500,88,0.8547709286,3,5
"26929",5,8,"conf_358",250,89,335.6570175025,3,5
"26930",5,8,"conf_358",500,89,335.6570175025,3,5
"26931",5,8,"conf_358",1500,89,37.6516957458,3,5
"26932",5,8,"conf_358",2500,89,11.8340496063,3,5
"26933",5,8,"conf_358",5000,89,4.3027348231,3,5
"26934",5,8,"conf_358",7500,89,1.9208164183,3,5
"26935",5,8,"conf_358",250,90,275.452448969,3,5
"26936",5,8,"conf_358",500,90,275.452448969,3,5
"26937",5,8,"conf_358",1500,90,82.2148634979,3,5
"26938",5,8,"conf_358",2500,90,40.3149428097,3,5
"26939",5,8,"conf_358",5000,90,1.4671461023,3,5
"26940",5,8,"conf_358",7500,90,1.4671461023,3,5
"26941",5,8,"conf_358",250,91,82.8489552456,3,5
"26942",5,8,"conf_358",500,91,82.8489552456,3,5
"26943",5,8,"conf_358",1500,91,76.4726426858,3,5
"26944",5,8,"conf_358",2500,91,27.616747038,3,5
"26945",5,8,"conf_358",5000,91,5.1273054054,3,5
"26946",5,8,"conf_358",7500,91,4.4590729925,3,5
"26947",5,8,"conf_358",250,92,662.2844097951,3,5
"26948",5,8,"conf_358",500,92,555.6824654427,3,5
"26949",5,8,"conf_358",1500,92,237.579413709,3,5
"26950",5,8,"conf_358",2500,92,26.9994438035,3,5
"26951",5,8,"conf_358",5000,92,4.2952716469,3,5
"26952",5,8,"conf_358",7500,92,1.3973140919,3,5
"26953",5,8,"conf_358",250,93,225.4818646864,3,5
"26954",5,8,"conf_358",500,93,225.4818646864,3,5
"26955",5,8,"conf_358",1500,93,18.1384050099,3,5
"26956",5,8,"conf_358",2500,93,8.6816489892,3,5
"26957",5,8,"conf_358",5000,93,1.9017908661,3,5
"26958",5,8,"conf_358",7500,93,1.230498141,3,5
"26959",5,8,"conf_358",250,94,542.6436026675,3,5
"26960",5,8,"conf_358",500,94,8.0208577378,3,5
"26961",5,8,"conf_358",1500,94,8.0208577378,3,5
"26962",5,8,"conf_358",2500,94,6.6187009365,3,5
"26963",5,8,"conf_358",5000,94,2.6008541488,3,5
"26964",5,8,"conf_358",7500,94,0.9737417595,3,5
"26965",5,8,"conf_358",250,95,426.8150966171,3,5
"26966",5,8,"conf_358",500,95,340.8691005779,3,5
"26967",5,8,"conf_358",1500,95,71.218374395,3,5
"26968",5,8,"conf_358",2500,95,24.4876861066,3,5
"26969",5,8,"conf_358",5000,95,6.342145472,3,5
"26970",5,8,"conf_358",7500,95,4.1875607757,3,5
"26971",5,8,"conf_358",250,96,462.0893604572,3,5
"26972",5,8,"conf_358",500,96,462.0893604572,3,5
"26973",5,8,"conf_358",1500,96,106.7704535112,3,5
"26974",5,8,"conf_358",2500,96,14.8955363287,3,5
"26975",5,8,"conf_358",5000,96,5.5149573562,3,5
"26976",5,8,"conf_358",7500,96,1.5495009623,3,5
"26977",5,8,"conf_358",250,97,1442.0034550733,3,5
"26978",5,8,"conf_358",500,97,99.2812205254,3,5
"26979",5,8,"conf_358",1500,97,37.6824766981,3,5
"26980",5,8,"conf_358",2500,97,16.7856886843,3,5
"26981",5,8,"conf_358",5000,97,3.5341618692,3,5
"26982",5,8,"conf_358",7500,97,1.3926052851,3,5
"26983",5,8,"conf_358",250,98,700.5094035327,3,5
"26984",5,8,"conf_358",500,98,38.3020957009,3,5
"26985",5,8,"conf_358",1500,98,38.3020957009,3,5
"26986",5,8,"conf_358",2500,98,6.4145423424,3,5
"26987",5,8,"conf_358",5000,98,3.4796644314,3,5
"26988",5,8,"conf_358",7500,98,1.1435997877,3,5
"26989",5,8,"conf_358",250,99,214.1654998261,3,5
"26990",5,8,"conf_358",500,99,189.2177814454,3,5
"26991",5,8,"conf_358",1500,99,65.3786233849,3,5
"26992",5,8,"conf_358",2500,99,19.4718534041,3,5
"26993",5,8,"conf_358",5000,99,5.5837426877,3,5
"26994",5,8,"conf_358",7500,99,1.5253212012,3,5
"26995",5,8,"conf_358",250,100,1832.9483398227,3,5
"26996",5,8,"conf_358",500,100,502.1464427417,3,5
"26997",5,8,"conf_358",1500,100,35.8839636289,3,5
"26998",5,8,"conf_358",2500,100,21.4270349539,3,5
"26999",5,8,"conf_358",5000,100,4.6327252163,3,5
"27000",5,8,"conf_358",7500,100,2.5437175178,3,5
"27001",5,8,"conf_358",250,101,40.2677076971,4,5
"27002",5,8,"conf_358",500,101,36.6034948788,4,5
"27003",5,8,"conf_358",1500,101,22.8719542163,4,5
"27004",5,8,"conf_358",2500,101,15.3790663215,4,5
"27005",5,8,"conf_358",5000,101,2.30526817,4,5
"27006",5,8,"conf_358",7500,101,0.7124368536,4,5
"27007",5,8,"conf_358",250,102,512.7295923747,4,5
"27008",5,8,"conf_358",500,102,236.9451872082,4,5
"27009",5,8,"conf_358",1500,102,29.5148744256,4,5
"27010",5,8,"conf_358",2500,102,24.1686556709,4,5
"27011",5,8,"conf_358",5000,102,3.3717701216,4,5
"27012",5,8,"conf_358",7500,102,0.6402684898,4,5
"27013",5,8,"conf_358",250,103,159.0906528188,4,5
"27014",5,8,"conf_358",500,103,48.0694362953,4,5
"27015",5,8,"conf_358",1500,103,48.0694362953,4,5
"27016",5,8,"conf_358",2500,103,20.654626331,4,5
"27017",5,8,"conf_358",5000,103,2.4863652958,4,5
"27018",5,8,"conf_358",7500,103,1.1198063658,4,5
"27019",5,8,"conf_358",250,104,1133.5472493971,4,5
"27020",5,8,"conf_358",500,104,383.6978861182,4,5
"27021",5,8,"conf_358",1500,104,68.0263319494,4,5
"27022",5,8,"conf_358",2500,104,21.1764261238,4,5
"27023",5,8,"conf_358",5000,104,7.2412586595,4,5
"27024",5,8,"conf_358",7500,104,1.2212043444,4,5
"27025",5,8,"conf_358",250,105,293.5992878749,4,5
"27026",5,8,"conf_358",500,105,293.5992878749,4,5
"27027",5,8,"conf_358",1500,105,36.7309621425,4,5
"27028",5,8,"conf_358",2500,105,14.1608404323,4,5
"27029",5,8,"conf_358",5000,105,1.55083963,4,5
"27030",5,8,"conf_358",7500,105,1.206357272,4,5
"27031",5,8,"conf_358",250,106,115.7772050184,4,5
"27032",5,8,"conf_358",500,106,115.7772050184,4,5
"27033",5,8,"conf_358",1500,106,16.6028722259,4,5
"27034",5,8,"conf_358",2500,106,7.1599645785,4,5
"27035",5,8,"conf_358",5000,106,3.3509202062,4,5
"27036",5,8,"conf_358",7500,106,1.9795697916,4,5
"27037",5,8,"conf_358",250,107,741.5716086886,4,5
"27038",5,8,"conf_358",500,107,219.5653857821,4,5
"27039",5,8,"conf_358",1500,107,19.7569712842,4,5
"27040",5,8,"conf_358",2500,107,9.4258918093,4,5
"27041",5,8,"conf_358",5000,107,4.0084146181,4,5
"27042",5,8,"conf_358",7500,107,2.3539341917,4,5
"27043",5,8,"conf_358",250,108,303.2547901871,4,5
"27044",5,8,"conf_358",500,108,303.2547901871,4,5
"27045",5,8,"conf_358",1500,108,23.7131609785,4,5
"27046",5,8,"conf_358",2500,108,12.4121221035,4,5
"27047",5,8,"conf_358",5000,108,1.6674378789,4,5
"27048",5,8,"conf_358",7500,108,1.0174590752,4,5
"27049",5,8,"conf_358",250,109,883.0566196448,4,5
"27050",5,8,"conf_358",500,109,425.9879270969,4,5
"27051",5,8,"conf_358",1500,109,24.9847158695,4,5
"27052",5,8,"conf_358",2500,109,10.6203843707,4,5
"27053",5,8,"conf_358",5000,109,2.3128028125,4,5
"27054",5,8,"conf_358",7500,109,1.110723757,4,5
"27055",5,8,"conf_358",250,110,774.3222840587,4,5
"27056",5,8,"conf_358",500,110,111.0140397472,4,5
"27057",5,8,"conf_358",1500,110,78.7894492199,4,5
"27058",5,8,"conf_358",2500,110,8.9340626745,4,5
"27059",5,8,"conf_358",5000,110,4.4513740527,4,5
"27060",5,8,"conf_358",7500,110,0.8116137126,4,5
"27061",5,8,"conf_358",250,111,182.7746609837,4,5
"27062",5,8,"conf_358",500,111,182.7746609837,4,5
"27063",5,8,"conf_358",1500,111,45.5069870601,4,5
"27064",5,8,"conf_358",2500,111,18.9494420666,4,5
"27065",5,8,"conf_358",5000,111,3.2517258937,4,5
"27066",5,8,"conf_358",7500,111,1.1571168823,4,5
"27067",5,8,"conf_358",250,112,407.7376597271,4,5
"27068",5,8,"conf_358",500,112,407.7376597271,4,5
"27069",5,8,"conf_358",1500,112,38.6923125802,4,5
"27070",5,8,"conf_358",2500,112,16.6673555034,4,5
"27071",5,8,"conf_358",5000,112,3.700915922,4,5
"27072",5,8,"conf_358",7500,112,1.0651780917,4,5
"27073",5,8,"conf_358",250,113,448.2594104062,4,5
"27074",5,8,"conf_358",500,113,370.9434398545,4,5
"27075",5,8,"conf_358",1500,113,25.6098113327,4,5
"27076",5,8,"conf_358",2500,113,8.7500953804,4,5
"27077",5,8,"conf_358",5000,113,2.1693041144,4,5
"27078",5,8,"conf_358",7500,113,1.4169048351,4,5
"27079",5,8,"conf_358",250,114,614.8199137021,4,5
"27080",5,8,"conf_358",500,114,296.2317258592,4,5
"27081",5,8,"conf_358",1500,114,22.3309588974,4,5
"27082",5,8,"conf_358",2500,114,13.6423274536,4,5
"27083",5,8,"conf_358",5000,114,3.6737063412,4,5
"27084",5,8,"conf_358",7500,114,1.6564503936,4,5
"27085",5,8,"conf_358",250,115,300.7180302097,4,5
"27086",5,8,"conf_358",500,115,270.4166295611,4,5
"27087",5,8,"conf_358",1500,115,21.2344506146,4,5
"27088",5,8,"conf_358",2500,115,6.9613433567,4,5
"27089",5,8,"conf_358",5000,115,2.8414572845,4,5
"27090",5,8,"conf_358",7500,115,1.2319169257,4,5
"27091",5,8,"conf_358",250,116,606.8622534834,4,5
"27092",5,8,"conf_358",500,116,425.1211204529,4,5
"27093",5,8,"conf_358",1500,116,33.8239879013,4,5
"27094",5,8,"conf_358",2500,116,12.2506793971,4,5
"27095",5,8,"conf_358",5000,116,1.9006615649,4,5
"27096",5,8,"conf_358",7500,116,1.8496275638,4,5
"27097",5,8,"conf_358",250,117,980.5027039966,4,5
"27098",5,8,"conf_358",500,117,469.5203065161,4,5
"27099",5,8,"conf_358",1500,117,22.0481472858,4,5
"27100",5,8,"conf_358",2500,117,21.3702188193,4,5
"27101",5,8,"conf_358",5000,117,3.2178634197,4,5
"27102",5,8,"conf_358",7500,117,2.0267586596,4,5
"27103",5,8,"conf_358",250,118,341.6411066896,4,5
"27104",5,8,"conf_358",500,118,341.6411066896,4,5
"27105",5,8,"conf_358",1500,118,98.0176840332,4,5
"27106",5,8,"conf_358",2500,118,17.8957043129,4,5
"27107",5,8,"conf_358",5000,118,3.0064692913,4,5
"27108",5,8,"conf_358",7500,118,0.8505981012,4,5
"27109",5,8,"conf_358",250,119,1319.6712646977,4,5
"27110",5,8,"conf_358",500,119,185.8454049224,4,5
"27111",5,8,"conf_358",1500,119,11.6417205337,4,5
"27112",5,8,"conf_358",2500,119,10.1676231827,4,5
"27113",5,8,"conf_358",5000,119,2.9955894064,4,5
"27114",5,8,"conf_358",7500,119,0.178422194,4,5
"27115",5,8,"conf_358",250,120,484.1766007978,4,5
"27116",5,8,"conf_358",500,120,484.1766007978,4,5
"27117",5,8,"conf_358",1500,120,13.4161267864,4,5
"27118",5,8,"conf_358",2500,120,9.0171068265,4,5
"27119",5,8,"conf_358",5000,120,3.5553021267,4,5
"27120",5,8,"conf_358",7500,120,0.488309277,4,5
"27121",5,8,"conf_358",250,121,644.5244888667,4,5
"27122",5,8,"conf_358",500,121,216.9963066068,4,5
"27123",5,8,"conf_358",1500,121,26.1304908549,4,5
"27124",5,8,"conf_358",2500,121,18.4362304465,4,5
"27125",5,8,"conf_358",5000,121,6.3682319624,4,5
"27126",5,8,"conf_358",7500,121,1.7107476112,4,5
"27127",5,8,"conf_358",250,122,825.0335145991,4,5
"27128",5,8,"conf_358",500,122,432.214624013,4,5
"27129",5,8,"conf_358",1500,122,56.1797377216,4,5
"27130",5,8,"conf_358",2500,122,30.0783668208,4,5
"27131",5,8,"conf_358",5000,122,5.2682442985,4,5
"27132",5,8,"conf_358",7500,122,3.5232456479,4,5
"27133",5,8,"conf_358",250,123,186.9788107219,4,5
"27134",5,8,"conf_358",500,123,186.9788107219,4,5
"27135",5,8,"conf_358",1500,123,26.8087627663,4,5
"27136",5,8,"conf_358",2500,123,8.4797396177,4,5
"27137",5,8,"conf_358",5000,123,3.8640444941,4,5
"27138",5,8,"conf_358",7500,123,0.8474882026,4,5
"27139",5,8,"conf_358",250,124,1126.3757428541,4,5
"27140",5,8,"conf_358",500,124,154.3794353644,4,5
"27141",5,8,"conf_358",1500,124,78.0075741947,4,5
"27142",5,8,"conf_358",2500,124,10.6226257635,4,5
"27143",5,8,"conf_358",5000,124,3.7130867053,4,5
"27144",5,8,"conf_358",7500,124,1.84058956,4,5
"27145",5,8,"conf_358",250,125,261.4577861229,4,5
"27146",5,8,"conf_358",500,125,261.4577861229,4,5
"27147",5,8,"conf_358",1500,125,34.5404615012,4,5
"27148",5,8,"conf_358",2500,125,9.7066448388,4,5
"27149",5,8,"conf_358",5000,125,2.8160781827,4,5
"27150",5,8,"conf_358",7500,125,2.0620840172,4,5
"27151",5,8,"conf_358",250,126,723.3065925075,4,5
"27152",5,8,"conf_358",500,126,378.6915722908,4,5
"27153",5,8,"conf_358",1500,126,46.7628285399,4,5
"27154",5,8,"conf_358",2500,126,8.4752211866,4,5
"27155",5,8,"conf_358",5000,126,2.279397376,4,5
"27156",5,8,"conf_358",7500,126,2.053028001,4,5
"27157",5,8,"conf_358",250,127,377.944772529,4,5
"27158",5,8,"conf_358",500,127,150.7317257798,4,5
"27159",5,8,"conf_358",1500,127,32.7999326488,4,5
"27160",5,8,"conf_358",2500,127,22.2758142153,4,5
"27161",5,8,"conf_358",5000,127,1.0040829835,4,5
"27162",5,8,"conf_358",7500,127,1.0040829835,4,5
"27163",5,8,"conf_358",250,128,1472.6731773044,4,5
"27164",5,8,"conf_358",500,128,655.5003708387,4,5
"27165",5,8,"conf_358",1500,128,33.4156919178,4,5
"27166",5,8,"conf_358",2500,128,29.1024100684,4,5
"27167",5,8,"conf_358",5000,128,4.4119159117,4,5
"27168",5,8,"conf_358",7500,128,2.2192923134,4,5
"27169",5,8,"conf_358",250,129,576.529259846,4,5
"27170",5,8,"conf_358",500,129,395.5580847106,4,5
"27171",5,8,"conf_358",1500,129,69.9801674848,4,5
"27172",5,8,"conf_358",2500,129,28.4236044736,4,5
"27173",5,8,"conf_358",5000,129,4.0540400912,4,5
"27174",5,8,"conf_358",7500,129,1.3109492012,4,5
"27175",5,8,"conf_358",250,130,424.5590204197,4,5
"27176",5,8,"conf_358",500,130,210.2900091428,4,5
"27177",5,8,"conf_358",1500,130,28.4804038727,4,5
"27178",5,8,"conf_358",2500,130,8.7992071625,4,5
"27179",5,8,"conf_358",5000,130,4.6955407868,4,5
"27180",5,8,"conf_358",7500,130,1.4012046317,4,5
"27181",5,8,"conf_358",250,131,313.6833367151,4,5
"27182",5,8,"conf_358",500,131,313.6833367151,4,5
"27183",5,8,"conf_358",1500,131,19.4271476168,4,5
"27184",5,8,"conf_358",2500,131,8.0508200817,4,5
"27185",5,8,"conf_358",5000,131,4.4448516677,4,5
"27186",5,8,"conf_358",7500,131,2.1344571931,4,5
"27187",5,8,"conf_358",250,132,222.5614550361,4,5
"27188",5,8,"conf_358",500,132,222.5614550361,4,5
"27189",5,8,"conf_358",1500,132,3.8461995617,4,5
"27190",5,8,"conf_358",2500,132,2.3311805277,4,5
"27191",5,8,"conf_358",5000,132,0.7851323027,4,5
"27192",5,8,"conf_358",7500,132,0.7851323027,4,5
"27193",5,8,"conf_358",250,133,1459.9785535163,4,5
"27194",5,8,"conf_358",500,133,703.8862906843,4,5
"27195",5,8,"conf_358",1500,133,28.6043909734,4,5
"27196",5,8,"conf_358",2500,133,9.6558061331,4,5
"27197",5,8,"conf_358",5000,133,1.9162894224,4,5
"27198",5,8,"conf_358",7500,133,1.2252368131,4,5
"27199",5,8,"conf_358",250,134,258.9399958063,4,5
"27200",5,8,"conf_358",500,134,258.9399958063,4,5
"27201",5,8,"conf_358",1500,134,52.021614677,4,5
"27202",5,8,"conf_358",2500,134,9.9757761634,4,5
"27203",5,8,"conf_358",5000,134,5.2392043424,4,5
"27204",5,8,"conf_358",7500,134,1.928133987,4,5
"27205",5,8,"conf_358",250,135,372.5087564387,4,5
"27206",5,8,"conf_358",500,135,372.5087564387,4,5
"27207",5,8,"conf_358",1500,135,68.8578283353,4,5
"27208",5,8,"conf_358",2500,135,14.6478431266,4,5
"27209",5,8,"conf_358",5000,135,5.1336672997,4,5
"27210",5,8,"conf_358",7500,135,1.7379688963,4,5
"27211",5,8,"conf_358",250,136,831.9674668233,4,5
"27212",5,8,"conf_358",500,136,294.8703239499,4,5
"27213",5,8,"conf_358",1500,136,42.4057815254,4,5
"27214",5,8,"conf_358",2500,136,18.1817749934,4,5
"27215",5,8,"conf_358",5000,136,5.1825144002,4,5
"27216",5,8,"conf_358",7500,136,0.9624955958,4,5
"27217",5,8,"conf_358",250,137,558.0978282433,4,5
"27218",5,8,"conf_358",500,137,291.0694712511,4,5
"27219",5,8,"conf_358",1500,137,17.5641257527,4,5
"27220",5,8,"conf_358",2500,137,4.7683833378,4,5
"27221",5,8,"conf_358",5000,137,3.5295330978,4,5
"27222",5,8,"conf_358",7500,137,1.2664094455,4,5
"27223",5,8,"conf_358",250,138,121.8239951973,4,5
"27224",5,8,"conf_358",500,138,102.5872469549,4,5
"27225",5,8,"conf_358",1500,138,57.5516345378,4,5
"27226",5,8,"conf_358",2500,138,8.3549700837,4,5
"27227",5,8,"conf_358",5000,138,5.2112722104,4,5
"27228",5,8,"conf_358",7500,138,1.572006968,4,5
"27229",5,8,"conf_358",250,139,423.0105080791,4,5
"27230",5,8,"conf_358",500,139,423.0105080791,4,5
"27231",5,8,"conf_358",1500,139,24.9199104085,4,5
"27232",5,8,"conf_358",2500,139,24.9199104085,4,5
"27233",5,8,"conf_358",5000,139,4.3432728328,4,5
"27234",5,8,"conf_358",7500,139,2.3073819785,4,5
"27235",5,8,"conf_358",250,140,659.0512164552,4,5
"27236",5,8,"conf_358",500,140,597.3187750856,4,5
"27237",5,8,"conf_358",1500,140,90.5402793041,4,5
"27238",5,8,"conf_358",2500,140,21.9636567855,4,5
"27239",5,8,"conf_358",5000,140,4.4221713567,4,5
"27240",5,8,"conf_358",7500,140,1.440396557,4,5
"27241",5,8,"conf_358",250,141,1144.7635787195,4,5
"27242",5,8,"conf_358",500,141,179.680456715,4,5
"27243",5,8,"conf_358",1500,141,55.6215247301,4,5
"27244",5,8,"conf_358",2500,141,21.4580039439,4,5
"27245",5,8,"conf_358",5000,141,1.768688063,4,5
"27246",5,8,"conf_358",7500,141,1.4083815846,4,5
"27247",5,8,"conf_358",250,142,1129.7578887871,4,5
"27248",5,8,"conf_358",500,142,229.6576087319,4,5
"27249",5,8,"conf_358",1500,142,16.3561686381,4,5
"27250",5,8,"conf_358",2500,142,7.2450695482,4,5
"27251",5,8,"conf_358",5000,142,3.7497775839,4,5
"27252",5,8,"conf_358",7500,142,1.7071880729,4,5
"27253",5,8,"conf_358",250,143,685.5890135104,4,5
"27254",5,8,"conf_358",500,143,222.1057770506,4,5
"27255",5,8,"conf_358",1500,143,42.0188395676,4,5
"27256",5,8,"conf_358",2500,143,14.0463821684,4,5
"27257",5,8,"conf_358",5000,143,1.6539179766,4,5
"27258",5,8,"conf_358",7500,143,0.4919268157,4,5
"27259",5,8,"conf_358",250,144,120.6286718664,4,5
"27260",5,8,"conf_358",500,144,120.6286718664,4,5
"27261",5,8,"conf_358",1500,144,49.329174769,4,5
"27262",5,8,"conf_358",2500,144,19.2287778871,4,5
"27263",5,8,"conf_358",5000,144,2.2586808798,4,5
"27264",5,8,"conf_358",7500,144,0.6793397772,4,5
"27265",5,8,"conf_358",250,145,632.6500432068,4,5
"27266",5,8,"conf_358",500,145,287.7714957235,4,5
"27267",5,8,"conf_358",1500,145,30.4696776067,4,5
"27268",5,8,"conf_358",2500,145,8.8204623619,4,5
"27269",5,8,"conf_358",5000,145,3.789505055,4,5
"27270",5,8,"conf_358",7500,145,1.9245457655,4,5
"27271",5,8,"conf_358",250,146,576.2051867348,4,5
"27272",5,8,"conf_358",500,146,117.01396876,4,5
"27273",5,8,"conf_358",1500,146,40.5684743491,4,5
"27274",5,8,"conf_358",2500,146,19.3852151783,4,5
"27275",5,8,"conf_358",5000,146,3.1760070343,4,5
"27276",5,8,"conf_358",7500,146,1.3059165796,4,5
"27277",5,8,"conf_358",250,147,653.9176136413,4,5
"27278",5,8,"conf_358",500,147,248.1400422352,4,5
"27279",5,8,"conf_358",1500,147,22.9721067458,4,5
"27280",5,8,"conf_358",2500,147,5.5664629999,4,5
"27281",5,8,"conf_358",5000,147,2.3154637727,4,5
"27282",5,8,"conf_358",7500,147,0.746508258,4,5
"27283",5,8,"conf_358",250,148,255.1468142101,4,5
"27284",5,8,"conf_358",500,148,255.1468142101,4,5
"27285",5,8,"conf_358",1500,148,57.8944323603,4,5
"27286",5,8,"conf_358",2500,148,10.6049392746,4,5
"27287",5,8,"conf_358",5000,148,2.7621061456,4,5
"27288",5,8,"conf_358",7500,148,1.5603967701,4,5
"27289",5,8,"conf_358",250,149,613.8193469831,4,5
"27290",5,8,"conf_358",500,149,226.9108292428,4,5
"27291",5,8,"conf_358",1500,149,37.6262958482,4,5
"27292",5,8,"conf_358",2500,149,7.3155286873,4,5
"27293",5,8,"conf_358",5000,149,2.4595888813,4,5
"27294",5,8,"conf_358",7500,149,1.7101979503,4,5
"27295",5,8,"conf_358",250,150,154.7656694593,4,5
"27296",5,8,"conf_358",500,150,41.6264242494,4,5
"27297",5,8,"conf_358",1500,150,19.0933034606,4,5
"27298",5,8,"conf_358",2500,150,13.2687366975,4,5
"27299",5,8,"conf_358",5000,150,2.2680098839,4,5
"27300",5,8,"conf_358",7500,150,1.4264411312,4,5
"27301",5,8,"conf_358",250,151,423.8423664831,1,5
"27302",5,8,"conf_358",500,151,181.4862076997,1,5
"27303",5,8,"conf_358",1500,151,99.7472681243,1,5
"27304",5,8,"conf_358",2500,151,7.719528073,1,5
"27305",5,8,"conf_358",5000,151,2.7449670698,1,5
"27306",5,8,"conf_358",7500,151,1.8264310793,1,5
"27307",5,8,"conf_358",250,152,582.4848110504,1,5
"27308",5,8,"conf_358",500,152,292.9749439055,1,5
"27309",5,8,"conf_358",1500,152,59.3798298603,1,5
"27310",5,8,"conf_358",2500,152,20.408386884,1,5
"27311",5,8,"conf_358",5000,152,3.3738357287,1,5
"27312",5,8,"conf_358",7500,152,2.0739888609,1,5
"27313",5,8,"conf_358",250,153,790.6247964096,1,5
"27314",5,8,"conf_358",500,153,396.1969609825,1,5
"27315",5,8,"conf_358",1500,153,86.1472273292,1,5
"27316",5,8,"conf_358",2500,153,6.7032992713,1,5
"27317",5,8,"conf_358",5000,153,2.5839481922,1,5
"27318",5,8,"conf_358",7500,153,1.4054732797,1,5
"27319",5,8,"conf_358",250,154,765.6794343989,1,5
"27320",5,8,"conf_358",500,154,497.3297348982,1,5
"27321",5,8,"conf_358",1500,154,41.1816119827,1,5
"27322",5,8,"conf_358",2500,154,23.9621543612,1,5
"27323",5,8,"conf_358",5000,154,7.9875881121,1,5
"27324",5,8,"conf_358",7500,154,1.8002211079,1,5
"27325",5,8,"conf_358",250,155,1082.13421735,1,5
"27326",5,8,"conf_358",500,155,191.7860586202,1,5
"27327",5,8,"conf_358",1500,155,19.9049884313,1,5
"27328",5,8,"conf_358",2500,155,12.9935316406,1,5
"27329",5,8,"conf_358",5000,155,1.5121806619,1,5
"27330",5,8,"conf_358",7500,155,1.4444824767,1,5
"27331",5,8,"conf_358",250,156,483.6056823036,1,5
"27332",5,8,"conf_358",500,156,361.4454461569,1,5
"27333",5,8,"conf_358",1500,156,43.9019942909,1,5
"27334",5,8,"conf_358",2500,156,5.9159587323,1,5
"27335",5,8,"conf_358",5000,156,4.3729102617,1,5
"27336",5,8,"conf_358",7500,156,2.553200968,1,5
"27337",5,8,"conf_358",250,157,567.9987712401,1,5
"27338",5,8,"conf_358",500,157,305.473780571,1,5
"27339",5,8,"conf_358",1500,157,72.5663604543,1,5
"27340",5,8,"conf_358",2500,157,21.6343097833,1,5
"27341",5,8,"conf_358",5000,157,5.7880805083,1,5
"27342",5,8,"conf_358",7500,157,1.2415986763,1,5
"27343",5,8,"conf_358",250,158,522.9574877084,1,5
"27344",5,8,"conf_358",500,158,133.1405033222,1,5
"27345",5,8,"conf_358",1500,158,60.6946952796,1,5
"27346",5,8,"conf_358",2500,158,12.955277296,1,5
"27347",5,8,"conf_358",5000,158,5.1489897269,1,5
"27348",5,8,"conf_358",7500,158,1.2229292636,1,5
"27349",5,8,"conf_358",250,159,1106.9354128731,1,5
"27350",5,8,"conf_358",500,159,124.203888701,1,5
"27351",5,8,"conf_358",1500,159,42.4253420915,1,5
"27352",5,8,"conf_358",2500,159,15.4615438232,1,5
"27353",5,8,"conf_358",5000,159,1.3563787669,1,5
"27354",5,8,"conf_358",7500,159,0.8924435179,1,5
"27355",5,8,"conf_358",250,160,231.280968585,1,5
"27356",5,8,"conf_358",500,160,231.280968585,1,5
"27357",5,8,"conf_358",1500,160,49.6730417533,1,5
"27358",5,8,"conf_358",2500,160,18.2520335402,1,5
"27359",5,8,"conf_358",5000,160,1.1219469097,1,5
"27360",5,8,"conf_358",7500,160,0.7259911186,1,5
"27361",5,8,"conf_358",250,161,560.8644987081,1,5
"27362",5,8,"conf_358",500,161,116.6252241711,1,5
"27363",5,8,"conf_358",1500,161,22.0105359525,1,5
"27364",5,8,"conf_358",2500,161,8.5796335216,1,5
"27365",5,8,"conf_358",5000,161,1.8074865518,1,5
"27366",5,8,"conf_358",7500,161,0.9943218461,1,5
"27367",5,8,"conf_358",250,162,376.276208575,1,5
"27368",5,8,"conf_358",500,162,134.3112545197,1,5
"27369",5,8,"conf_358",1500,162,43.2310925703,1,5
"27370",5,8,"conf_358",2500,162,1.3083290917,1,5
"27371",5,8,"conf_358",5000,162,1.3083290917,1,5
"27372",5,8,"conf_358",7500,162,1.3083290917,1,5
"27373",5,8,"conf_358",250,163,145.7351509069,1,5
"27374",5,8,"conf_358",500,163,98.2774046215,1,5
"27375",5,8,"conf_358",1500,163,14.6219312122,1,5
"27376",5,8,"conf_358",2500,163,11.2118275809,1,5
"27377",5,8,"conf_358",5000,163,3.3571063392,1,5
"27378",5,8,"conf_358",7500,163,1.6865360243,1,5
"27379",5,8,"conf_358",250,164,706.8434151603,1,5
"27380",5,8,"conf_358",500,164,147.8484047065,1,5
"27381",5,8,"conf_358",1500,164,58.2318707935,1,5
"27382",5,8,"conf_358",2500,164,15.3222966047,1,5
"27383",5,8,"conf_358",5000,164,2.8059806688,1,5
"27384",5,8,"conf_358",7500,164,0.6730820067,1,5
"27385",5,8,"conf_358",250,165,647.246716345,1,5
"27386",5,8,"conf_358",500,165,460.8658811959,1,5
"27387",5,8,"conf_358",1500,165,53.1786317541,1,5
"27388",5,8,"conf_358",2500,165,13.0777158456,1,5
"27389",5,8,"conf_358",5000,165,5.3469490345,1,5
"27390",5,8,"conf_358",7500,165,1.3278812664,1,5
"27391",5,8,"conf_358",250,166,34.608580491,1,5
"27392",5,8,"conf_358",500,166,34.608580491,1,5
"27393",5,8,"conf_358",1500,166,27.384924722,1,5
"27394",5,8,"conf_358",2500,166,21.9759654431,1,5
"27395",5,8,"conf_358",5000,166,2.129956724,1,5
"27396",5,8,"conf_358",7500,166,0.2891647931,1,5
"27397",5,8,"conf_358",250,167,1476.9546412575,1,5
"27398",5,8,"conf_358",500,167,1027.8471242577,1,5
"27399",5,8,"conf_358",1500,167,43.6241231107,1,5
"27400",5,8,"conf_358",2500,167,14.1251102398,1,5
"27401",5,8,"conf_358",5000,167,3.8264027215,1,5
"27402",5,8,"conf_358",7500,167,2.0030247702,1,5
"27403",5,8,"conf_358",250,168,605.7916937485,1,5
"27404",5,8,"conf_358",500,168,252.72458542,1,5
"27405",5,8,"conf_358",1500,168,4.2522579146,1,5
"27406",5,8,"conf_358",2500,168,4.08679472,1,5
"27407",5,8,"conf_358",5000,168,1.1907255061,1,5
"27408",5,8,"conf_358",7500,168,1.017960343,1,5
"27409",5,8,"conf_358",250,169,258.4991386344,1,5
"27410",5,8,"conf_358",500,169,174.9366333243,1,5
"27411",5,8,"conf_358",1500,169,32.0777796458,1,5
"27412",5,8,"conf_358",2500,169,16.7452535297,1,5
"27413",5,8,"conf_358",5000,169,2.2006762375,1,5
"27414",5,8,"conf_358",7500,169,1.4023397366,1,5
"27415",5,8,"conf_358",250,170,624.3662885339,1,5
"27416",5,8,"conf_358",500,170,442.0382858137,1,5
"27417",5,8,"conf_358",1500,170,119.2655975563,1,5
"27418",5,8,"conf_358",2500,170,10.1502533209,1,5
"27419",5,8,"conf_358",5000,170,6.1071282764,1,5
"27420",5,8,"conf_358",7500,170,1.0261701708,1,5
"27421",5,8,"conf_358",250,171,106.5195328515,1,5
"27422",5,8,"conf_358",500,171,106.5195328515,1,5
"27423",5,8,"conf_358",1500,171,28.28366084,1,5
"27424",5,8,"conf_358",2500,171,15.8777086688,1,5
"27425",5,8,"conf_358",5000,171,2.7935704269,1,5
"27426",5,8,"conf_358",7500,171,1.0489568027,1,5
"27427",5,8,"conf_358",250,172,246.8457492594,1,5
"27428",5,8,"conf_358",500,172,99.5166930702,1,5
"27429",5,8,"conf_358",1500,172,47.7206717464,1,5
"27430",5,8,"conf_358",2500,172,18.4012513284,1,5
"27431",5,8,"conf_358",5000,172,3.9962434433,1,5
"27432",5,8,"conf_358",7500,172,1.9599568507,1,5
"27433",5,8,"conf_358",250,173,1107.1202320987,1,5
"27434",5,8,"conf_358",500,173,90.5921153792,1,5
"27435",5,8,"conf_358",1500,173,66.8633936298,1,5
"27436",5,8,"conf_358",2500,173,12.2774603158,1,5
"27437",5,8,"conf_358",5000,173,3.2895240961,1,5
"27438",5,8,"conf_358",7500,173,1.4858069477,1,5
"27439",5,8,"conf_358",250,174,785.849287524,1,5
"27440",5,8,"conf_358",500,174,377.0347675217,1,5
"27441",5,8,"conf_358",1500,174,121.6055749684,1,5
"27442",5,8,"conf_358",2500,174,26.0163968609,1,5
"27443",5,8,"conf_358",5000,174,4.5295490167,1,5
"27444",5,8,"conf_358",7500,174,1.6857222587,1,5
"27445",5,8,"conf_358",250,175,415.1671642157,1,5
"27446",5,8,"conf_358",500,175,277.3713297938,1,5
"27447",5,8,"conf_358",1500,175,37.4730046611,1,5
"27448",5,8,"conf_358",2500,175,7.0596375495,1,5
"27449",5,8,"conf_358",5000,175,1.9753279559,1,5
"27450",5,8,"conf_358",7500,175,1.6178182789,1,5
"27451",5,8,"conf_358",250,176,274.2759209886,1,5
"27452",5,8,"conf_358",500,176,274.2759209886,1,5
"27453",5,8,"conf_358",1500,176,17.5233125379,1,5
"27454",5,8,"conf_358",2500,176,10.8326242609,1,5
"27455",5,8,"conf_358",5000,176,3.654046063,1,5
"27456",5,8,"conf_358",7500,176,1.2502960746,1,5
"27457",5,8,"conf_358",250,177,1765.405637447,1,5
"27458",5,8,"conf_358",500,177,837.5714635981,1,5
"27459",5,8,"conf_358",1500,177,146.3523361001,1,5
"27460",5,8,"conf_358",2500,177,19.7998979732,1,5
"27461",5,8,"conf_358",5000,177,13.7763532229,1,5
"27462",5,8,"conf_358",7500,177,3.3880029586,1,5
"27463",5,8,"conf_358",250,178,183.210225523,1,5
"27464",5,8,"conf_358",500,178,132.8299091189,1,5
"27465",5,8,"conf_358",1500,178,8.3913404495,1,5
"27466",5,8,"conf_358",2500,178,8.3212666163,1,5
"27467",5,8,"conf_358",5000,178,2.3946567134,1,5
"27468",5,8,"conf_358",7500,178,0.9961833758,1,5
"27469",5,8,"conf_358",250,179,429.9853113575,1,5
"27470",5,8,"conf_358",500,179,110.5276532975,1,5
"27471",5,8,"conf_358",1500,179,48.1206562033,1,5
"27472",5,8,"conf_358",2500,179,11.4259580233,1,5
"27473",5,8,"conf_358",5000,179,4.2022114579,1,5
"27474",5,8,"conf_358",7500,179,1.4479879276,1,5
"27475",5,8,"conf_358",250,180,1053.5098854858,1,5
"27476",5,8,"conf_358",500,180,457.910071787,1,5
"27477",5,8,"conf_358",1500,180,25.7569949483,1,5
"27478",5,8,"conf_358",2500,180,4.9931039017,1,5
"27479",5,8,"conf_358",5000,180,2.5653142428,1,5
"27480",5,8,"conf_358",7500,180,0.9588675756,1,5
"27481",5,8,"conf_358",250,181,390.2079617538,1,5
"27482",5,8,"conf_358",500,181,72.377041194,1,5
"27483",5,8,"conf_358",1500,181,30.1751852293,1,5
"27484",5,8,"conf_358",2500,181,17.4838404676,1,5
"27485",5,8,"conf_358",5000,181,3.0785714868,1,5
"27486",5,8,"conf_358",7500,181,1.2356928914,1,5
"27487",5,8,"conf_358",250,182,1012.1577794088,1,5
"27488",5,8,"conf_358",500,182,477.8477304935,1,5
"27489",5,8,"conf_358",1500,182,146.8482472685,1,5
"27490",5,8,"conf_358",2500,182,26.7802312329,1,5
"27491",5,8,"conf_358",5000,182,3.0379488369,1,5
"27492",5,8,"conf_358",7500,182,1.9061150826,1,5
"27493",5,8,"conf_358",250,183,469.203963946,1,5
"27494",5,8,"conf_358",500,183,233.9952840058,1,5
"27495",5,8,"conf_358",1500,183,55.7682119529,1,5
"27496",5,8,"conf_358",2500,183,10.8721076973,1,5
"27497",5,8,"conf_358",5000,183,3.0023459607,1,5
"27498",5,8,"conf_358",7500,183,0.4795131526,1,5
"27499",5,8,"conf_358",250,184,331.1193575082,1,5
"27500",5,8,"conf_358",500,184,331.1193575082,1,5
"27501",5,8,"conf_358",1500,184,29.7644213029,1,5
"27502",5,8,"conf_358",2500,184,11.7011255383,1,5
"27503",5,8,"conf_358",5000,184,4.0438102854,1,5
"27504",5,8,"conf_358",7500,184,0.977302068,1,5
"27505",5,8,"conf_358",250,185,453.0262619777,1,5
"27506",5,8,"conf_358",500,185,311.7050031459,1,5
"27507",5,8,"conf_358",1500,185,49.4612117457,1,5
"27508",5,8,"conf_358",2500,185,14.3090222406,1,5
"27509",5,8,"conf_358",5000,185,4.9894092163,1,5
"27510",5,8,"conf_358",7500,185,2.9307890652,1,5
"27511",5,8,"conf_358",250,186,395.2333222746,1,5
"27512",5,8,"conf_358",500,186,395.2333222746,1,5
"27513",5,8,"conf_358",1500,186,46.6148107886,1,5
"27514",5,8,"conf_358",2500,186,15.4744948335,1,5
"27515",5,8,"conf_358",5000,186,5.7442733679,1,5
"27516",5,8,"conf_358",7500,186,0.7097768948,1,5
"27517",5,8,"conf_358",250,187,973.9139925904,1,5
"27518",5,8,"conf_358",500,187,272.9218315476,1,5
"27519",5,8,"conf_358",1500,187,34.2892221383,1,5
"27520",5,8,"conf_358",2500,187,18.7385965015,1,5
"27521",5,8,"conf_358",5000,187,9.8596418799,1,5
"27522",5,8,"conf_358",7500,187,1.6077988028,1,5
"27523",5,8,"conf_358",250,188,809.0651992053,1,5
"27524",5,8,"conf_358",500,188,675.5744452113,1,5
"27525",5,8,"conf_358",1500,188,48.5201181439,1,5
"27526",5,8,"conf_358",2500,188,23.8732910372,1,5
"27527",5,8,"conf_358",5000,188,3.8180433708,1,5
"27528",5,8,"conf_358",7500,188,0.8401653723,1,5
"27529",5,8,"conf_358",250,189,80.48011301,1,5
"27530",5,8,"conf_358",500,189,49.479836484,1,5
"27531",5,8,"conf_358",1500,189,27.5062452166,1,5
"27532",5,8,"conf_358",2500,189,10.0631494834,1,5
"27533",5,8,"conf_358",5000,189,4.6271351079,1,5
"27534",5,8,"conf_358",7500,189,2.0077686744,1,5
"27535",5,8,"conf_358",250,190,463.2657138277,1,5
"27536",5,8,"conf_358",500,190,463.2657138277,1,5
"27537",5,8,"conf_358",1500,190,24.9193293542,1,5
"27538",5,8,"conf_358",2500,190,16.2593246142,1,5
"27539",5,8,"conf_358",5000,190,2.4748079843,1,5
"27540",5,8,"conf_358",7500,190,1.0037742167,1,5
"27541",5,8,"conf_358",250,191,201.9476894146,1,5
"27542",5,8,"conf_358",500,191,201.9476894146,1,5
"27543",5,8,"conf_358",1500,191,56.5115318546,1,5
"27544",5,8,"conf_358",2500,191,9.295468043,1,5
"27545",5,8,"conf_358",5000,191,0.7724285086,1,5
"27546",5,8,"conf_358",7500,191,0.7724285086,1,5
"27547",5,8,"conf_358",250,192,700.7759576479,1,5
"27548",5,8,"conf_358",500,192,87.3645964956,1,5
"27549",5,8,"conf_358",1500,192,31.675381216,1,5
"27550",5,8,"conf_358",2500,192,13.070081307,1,5
"27551",5,8,"conf_358",5000,192,3.0245383063,1,5
"27552",5,8,"conf_358",7500,192,1.5231848725,1,5
"27553",5,8,"conf_358",250,193,514.3487520676,1,5
"27554",5,8,"conf_358",500,193,156.8805379421,1,5
"27555",5,8,"conf_358",1500,193,33.4894222364,1,5
"27556",5,8,"conf_358",2500,193,33.4894222364,1,5
"27557",5,8,"conf_358",5000,193,5.2268851851,1,5
"27558",5,8,"conf_358",7500,193,2.2465455377,1,5
"27559",5,8,"conf_358",250,194,696.3030808157,1,5
"27560",5,8,"conf_358",500,194,530.4214142696,1,5
"27561",5,8,"conf_358",1500,194,34.2262084219,1,5
"27562",5,8,"conf_358",2500,194,9.1188625354,1,5
"27563",5,8,"conf_358",5000,194,2.7116403213,1,5
"27564",5,8,"conf_358",7500,194,1.5081162477,1,5
"27565",5,8,"conf_358",250,195,236.0703882992,1,5
"27566",5,8,"conf_358",500,195,234.076137642,1,5
"27567",5,8,"conf_358",1500,195,49.7770523894,1,5
"27568",5,8,"conf_358",2500,195,22.5900207363,1,5
"27569",5,8,"conf_358",5000,195,4.2249585506,1,5
"27570",5,8,"conf_358",7500,195,1.3175003413,1,5
"27571",5,8,"conf_358",250,196,63.3762450456,1,5
"27572",5,8,"conf_358",500,196,63.3762450456,1,5
"27573",5,8,"conf_358",1500,196,15.0631699449,1,5
"27574",5,8,"conf_358",2500,196,9.5136726668,1,5
"27575",5,8,"conf_358",5000,196,2.3554840657,1,5
"27576",5,8,"conf_358",7500,196,0.5085653593,1,5
"27577",5,8,"conf_358",250,197,749.2582852379,1,5
"27578",5,8,"conf_358",500,197,418.5633531765,1,5
"27579",5,8,"conf_358",1500,197,37.1873288658,1,5
"27580",5,8,"conf_358",2500,197,19.6367903066,1,5
"27581",5,8,"conf_358",5000,197,1.1381310759,1,5
"27582",5,8,"conf_358",7500,197,0.8542377489,1,5
"27583",5,8,"conf_358",250,198,626.0996084176,1,5
"27584",5,8,"conf_358",500,198,169.3216468983,1,5
"27585",5,8,"conf_358",1500,198,52.2351247564,1,5
"27586",5,8,"conf_358",2500,198,18.2289382578,1,5
"27587",5,8,"conf_358",5000,198,1.9229281997,1,5
"27588",5,8,"conf_358",7500,198,0.7685040564,1,5
"27589",5,8,"conf_358",250,199,60.7357830252,1,5
"27590",5,8,"conf_358",500,199,60.7357830252,1,5
"27591",5,8,"conf_358",1500,199,57.436113234,1,5
"27592",5,8,"conf_358",2500,199,22.3047467015,1,5
"27593",5,8,"conf_358",5000,199,3.2235625385,1,5
"27594",5,8,"conf_358",7500,199,2.4177948165,1,5
"27595",5,8,"conf_358",250,200,752.4759244908,1,5
"27596",5,8,"conf_358",500,200,196.9403959876,1,5
"27597",5,8,"conf_358",1500,200,56.4610989722,1,5
"27598",5,8,"conf_358",2500,200,9.9722983942,1,5
"27599",5,8,"conf_358",5000,200,2.1159268385,1,5
"27600",5,8,"conf_358",7500,200,1.7349117498,1,5
"27601",5,9,"conf_358",250,1,197.8213522477,2,5
"27602",5,9,"conf_358",500,1,197.8213522477,2,5
"27603",5,9,"conf_358",1500,1,64.2024891967,2,5
"27604",5,9,"conf_358",2500,1,2.4877071635,2,5
"27605",5,9,"conf_358",5000,1,2.4877071635,2,5
"27606",5,9,"conf_358",7500,1,0.6121281246,2,5
"27607",5,9,"conf_358",250,2,802.7415027875,2,5
"27608",5,9,"conf_358",500,2,475.6750422544,2,5
"27609",5,9,"conf_358",1500,2,43.9096153623,2,5
"27610",5,9,"conf_358",2500,2,18.139857049,2,5
"27611",5,9,"conf_358",5000,2,4.2979368136,2,5
"27612",5,9,"conf_358",7500,2,1.3152848244,2,5
"27613",5,9,"conf_358",250,3,1337.2793420143,2,5
"27614",5,9,"conf_358",500,3,697.0121965662,2,5
"27615",5,9,"conf_358",1500,3,81.0177866491,2,5
"27616",5,9,"conf_358",2500,3,79.8488665289,2,5
"27617",5,9,"conf_358",5000,3,11.0321735208,2,5
"27618",5,9,"conf_358",7500,3,1.7098733167,2,5
"27619",5,9,"conf_358",250,4,757.9907935216,2,5
"27620",5,9,"conf_358",500,4,688.6289181426,2,5
"27621",5,9,"conf_358",1500,4,59.7088928218,2,5
"27622",5,9,"conf_358",2500,4,15.4948971994,2,5
"27623",5,9,"conf_358",5000,4,4.2255614284,2,5
"27624",5,9,"conf_358",7500,4,2.3404538254,2,5
"27625",5,9,"conf_358",250,5,226.3930820243,2,5
"27626",5,9,"conf_358",500,5,17.1948276858,2,5
"27627",5,9,"conf_358",1500,5,17.1948276858,2,5
"27628",5,9,"conf_358",2500,5,15.3420309516,2,5
"27629",5,9,"conf_358",5000,5,2.5924889768,2,5
"27630",5,9,"conf_358",7500,5,2.5924889768,2,5
"27631",5,9,"conf_358",250,6,1553.6183842071,2,5
"27632",5,9,"conf_358",500,6,262.0320053174,2,5
"27633",5,9,"conf_358",1500,6,59.1122943043,2,5
"27634",5,9,"conf_358",2500,6,13.6441726974,2,5
"27635",5,9,"conf_358",5000,6,3.1139124674,2,5
"27636",5,9,"conf_358",7500,6,1.2031971304,2,5
"27637",5,9,"conf_358",250,7,356.533143678,2,5
"27638",5,9,"conf_358",500,7,294.4262349148,2,5
"27639",5,9,"conf_358",1500,7,67.3235206722,2,5
"27640",5,9,"conf_358",2500,7,28.0380524064,2,5
"27641",5,9,"conf_358",5000,7,5.1673024256,2,5
"27642",5,9,"conf_358",7500,7,2.379284576,2,5
"27643",5,9,"conf_358",250,8,943.81466387,2,5
"27644",5,9,"conf_358",500,8,682.6576245027,2,5
"27645",5,9,"conf_358",1500,8,53.1099839409,2,5
"27646",5,9,"conf_358",2500,8,7.4122338204,2,5
"27647",5,9,"conf_358",5000,8,2.2445776031,2,5
"27648",5,9,"conf_358",7500,8,1.7050269208,2,5
"27649",5,9,"conf_358",250,9,890.1820067705,2,5
"27650",5,9,"conf_358",500,9,92.9908792147,2,5
"27651",5,9,"conf_358",1500,9,20.7335064107,2,5
"27652",5,9,"conf_358",2500,9,20.7335064107,2,5
"27653",5,9,"conf_358",5000,9,6.18003174,2,5
"27654",5,9,"conf_358",7500,9,2.5015700316,2,5
"27655",5,9,"conf_358",250,10,383.5682495806,2,5
"27656",5,9,"conf_358",500,10,49.5821869626,2,5
"27657",5,9,"conf_358",1500,10,22.3100554718,2,5
"27658",5,9,"conf_358",2500,10,7.3986792621,2,5
"27659",5,9,"conf_358",5000,10,3.0568500244,2,5
"27660",5,9,"conf_358",7500,10,0.9123286784,2,5
"27661",5,9,"conf_358",250,11,1302.9912873439,2,5
"27662",5,9,"conf_358",500,11,161.8481892084,2,5
"27663",5,9,"conf_358",1500,11,17.5106777514,2,5
"27664",5,9,"conf_358",2500,11,6.6198693121,2,5
"27665",5,9,"conf_358",5000,11,3.6720990966,2,5
"27666",5,9,"conf_358",7500,11,1.5268362134,2,5
"27667",5,9,"conf_358",250,12,87.8929753327,2,5
"27668",5,9,"conf_358",500,12,87.8929753327,2,5
"27669",5,9,"conf_358",1500,12,18.8797730548,2,5
"27670",5,9,"conf_358",2500,12,18.8797730548,2,5
"27671",5,9,"conf_358",5000,12,4.1798974194,2,5
"27672",5,9,"conf_358",7500,12,2.6089700314,2,5
"27673",5,9,"conf_358",250,13,509.0530183313,2,5
"27674",5,9,"conf_358",500,13,473.8680483191,2,5
"27675",5,9,"conf_358",1500,13,95.9580359405,2,5
"27676",5,9,"conf_358",2500,13,27.2158561005,2,5
"27677",5,9,"conf_358",5000,13,2.1810028073,2,5
"27678",5,9,"conf_358",7500,13,0.7637688522,2,5
"27679",5,9,"conf_358",250,14,365.3642428215,2,5
"27680",5,9,"conf_358",500,14,365.3642428215,2,5
"27681",5,9,"conf_358",1500,14,36.2352075167,2,5
"27682",5,9,"conf_358",2500,14,10.6095141099,2,5
"27683",5,9,"conf_358",5000,14,4.7928891784,2,5
"27684",5,9,"conf_358",7500,14,2.4210818101,2,5
"27685",5,9,"conf_358",250,15,875.985601881,2,5
"27686",5,9,"conf_358",500,15,368.6563293882,2,5
"27687",5,9,"conf_358",1500,15,34.865084129,2,5
"27688",5,9,"conf_358",2500,15,12.4501558973,2,5
"27689",5,9,"conf_358",5000,15,5.0962311266,2,5
"27690",5,9,"conf_358",7500,15,1.8356454101,2,5
"27691",5,9,"conf_358",250,16,1166.6610361564,2,5
"27692",5,9,"conf_358",500,16,164.8524025299,2,5
"27693",5,9,"conf_358",1500,16,28.3493132481,2,5
"27694",5,9,"conf_358",2500,16,10.3728030545,2,5
"27695",5,9,"conf_358",5000,16,3.3902167688,2,5
"27696",5,9,"conf_358",7500,16,1.1929485406,2,5
"27697",5,9,"conf_358",250,17,1183.1716942501,2,5
"27698",5,9,"conf_358",500,17,716.0264624411,2,5
"27699",5,9,"conf_358",1500,17,108.4260627696,2,5
"27700",5,9,"conf_358",2500,17,10.9302692618,2,5
"27701",5,9,"conf_358",5000,17,4.4958548881,2,5
"27702",5,9,"conf_358",7500,17,2.0355642313,2,5
"27703",5,9,"conf_358",250,18,178.9529750696,2,5
"27704",5,9,"conf_358",500,18,178.9529750696,2,5
"27705",5,9,"conf_358",1500,18,54.1160178446,2,5
"27706",5,9,"conf_358",2500,18,12.9193491417,2,5
"27707",5,9,"conf_358",5000,18,3.6162047263,2,5
"27708",5,9,"conf_358",7500,18,3.1093060817,2,5
"27709",5,9,"conf_358",250,19,737.21280722,2,5
"27710",5,9,"conf_358",500,19,737.21280722,2,5
"27711",5,9,"conf_358",1500,19,105.1377054631,2,5
"27712",5,9,"conf_358",2500,19,48.2176649804,2,5
"27713",5,9,"conf_358",5000,19,6.8846865587,2,5
"27714",5,9,"conf_358",7500,19,2.5321633454,2,5
"27715",5,9,"conf_358",250,20,1360.6319022003,2,5
"27716",5,9,"conf_358",500,20,723.3676398383,2,5
"27717",5,9,"conf_358",1500,20,52.6506023169,2,5
"27718",5,9,"conf_358",2500,20,14.4499309711,2,5
"27719",5,9,"conf_358",5000,20,4.3958091606,2,5
"27720",5,9,"conf_358",7500,20,2.5891581005,2,5
"27721",5,9,"conf_358",250,21,477.9665718974,2,5
"27722",5,9,"conf_358",500,21,169.0385477805,2,5
"27723",5,9,"conf_358",1500,21,54.9376666095,2,5
"27724",5,9,"conf_358",2500,21,9.9401632352,2,5
"27725",5,9,"conf_358",5000,21,4.4666747319,2,5
"27726",5,9,"conf_358",7500,21,2.0482105741,2,5
"27727",5,9,"conf_358",250,22,1108.1177341063,2,5
"27728",5,9,"conf_358",500,22,937.1319534786,2,5
"27729",5,9,"conf_358",1500,22,17.9453562445,2,5
"27730",5,9,"conf_358",2500,22,7.2568492984,2,5
"27731",5,9,"conf_358",5000,22,3.3839501613,2,5
"27732",5,9,"conf_358",7500,22,1.9817855326,2,5
"27733",5,9,"conf_358",250,23,472.3551360956,2,5
"27734",5,9,"conf_358",500,23,148.1185699911,2,5
"27735",5,9,"conf_358",1500,23,99.8441022654,2,5
"27736",5,9,"conf_358",2500,23,15.4599438662,2,5
"27737",5,9,"conf_358",5000,23,4.5080376562,2,5
"27738",5,9,"conf_358",7500,23,2.0841085743,2,5
"27739",5,9,"conf_358",250,24,317.4184005591,2,5
"27740",5,9,"conf_358",500,24,259.0690322126,2,5
"27741",5,9,"conf_358",1500,24,50.5168786462,2,5
"27742",5,9,"conf_358",2500,24,22.0743129437,2,5
"27743",5,9,"conf_358",5000,24,4.4314727026,2,5
"27744",5,9,"conf_358",7500,24,2.039798849,2,5
"27745",5,9,"conf_358",250,25,614.9819083501,2,5
"27746",5,9,"conf_358",500,25,614.9819083501,2,5
"27747",5,9,"conf_358",1500,25,17.8696920524,2,5
"27748",5,9,"conf_358",2500,25,15.7610627337,2,5
"27749",5,9,"conf_358",5000,25,3.6286577842,2,5
"27750",5,9,"conf_358",7500,25,1.413402129,2,5
"27751",5,9,"conf_358",250,26,265.5956004728,2,5
"27752",5,9,"conf_358",500,26,265.5956004728,2,5
"27753",5,9,"conf_358",1500,26,44.8584420362,2,5
"27754",5,9,"conf_358",2500,26,33.572603055,2,5
"27755",5,9,"conf_358",5000,26,4.8057499345,2,5
"27756",5,9,"conf_358",7500,26,2.3356423577,2,5
"27757",5,9,"conf_358",250,27,414.9249568973,2,5
"27758",5,9,"conf_358",500,27,207.3943460043,2,5
"27759",5,9,"conf_358",1500,27,42.0345644349,2,5
"27760",5,9,"conf_358",2500,27,13.3642231773,2,5
"27761",5,9,"conf_358",5000,27,3.7827064341,2,5
"27762",5,9,"conf_358",7500,27,0.5949926166,2,5
"27763",5,9,"conf_358",250,28,976.0162113446,2,5
"27764",5,9,"conf_358",500,28,303.4048741754,2,5
"27765",5,9,"conf_358",1500,28,11.3322154038,2,5
"27766",5,9,"conf_358",2500,28,11.3322154038,2,5
"27767",5,9,"conf_358",5000,28,5.490512009,2,5
"27768",5,9,"conf_358",7500,28,1.684641394,2,5
"27769",5,9,"conf_358",250,29,152.0097952364,2,5
"27770",5,9,"conf_358",500,29,152.0097952364,2,5
"27771",5,9,"conf_358",1500,29,66.9147833811,2,5
"27772",5,9,"conf_358",2500,29,10.3426838972,2,5
"27773",5,9,"conf_358",5000,29,4.1373422149,2,5
"27774",5,9,"conf_358",7500,29,2.3248314863,2,5
"27775",5,9,"conf_358",250,30,651.4249802551,2,5
"27776",5,9,"conf_358",500,30,223.0226631027,2,5
"27777",5,9,"conf_358",1500,30,42.1018457261,2,5
"27778",5,9,"conf_358",2500,30,11.7446746366,2,5
"27779",5,9,"conf_358",5000,30,4.4772069582,2,5
"27780",5,9,"conf_358",7500,30,1.4819633852,2,5
"27781",5,9,"conf_358",250,31,347.8391455554,2,5
"27782",5,9,"conf_358",500,31,282.9086843038,2,5
"27783",5,9,"conf_358",1500,31,98.0295196484,2,5
"27784",5,9,"conf_358",2500,31,12.4314179476,2,5
"27785",5,9,"conf_358",5000,31,3.7297534588,2,5
"27786",5,9,"conf_358",7500,31,1.3375347391,2,5
"27787",5,9,"conf_358",250,32,549.5869260178,2,5
"27788",5,9,"conf_358",500,32,99.986114809,2,5
"27789",5,9,"conf_358",1500,32,8.3951123317,2,5
"27790",5,9,"conf_358",2500,32,8.3951123317,2,5
"27791",5,9,"conf_358",5000,32,3.3014425238,2,5
"27792",5,9,"conf_358",7500,32,1.9458789874,2,5
"27793",5,9,"conf_358",250,33,534.5748067261,2,5
"27794",5,9,"conf_358",500,33,534.5748067261,2,5
"27795",5,9,"conf_358",1500,33,126.1098379295,2,5
"27796",5,9,"conf_358",2500,33,6.690671322,2,5
"27797",5,9,"conf_358",5000,33,6.4994510426,2,5
"27798",5,9,"conf_358",7500,33,1.2631252949,2,5
"27799",5,9,"conf_358",250,34,605.6604758553,2,5
"27800",5,9,"conf_358",500,34,239.9010565192,2,5
"27801",5,9,"conf_358",1500,34,40.9415985291,2,5
"27802",5,9,"conf_358",2500,34,8.7996931559,2,5
"27803",5,9,"conf_358",5000,34,5.4979345463,2,5
"27804",5,9,"conf_358",7500,34,2.3231468316,2,5
"27805",5,9,"conf_358",250,35,656.3701224067,2,5
"27806",5,9,"conf_358",500,35,524.6305056798,2,5
"27807",5,9,"conf_358",1500,35,44.8422938364,2,5
"27808",5,9,"conf_358",2500,35,14.9807063094,2,5
"27809",5,9,"conf_358",5000,35,3.4269126736,2,5
"27810",5,9,"conf_358",7500,35,0.8263914649,2,5
"27811",5,9,"conf_358",250,36,103.8862626311,2,5
"27812",5,9,"conf_358",500,36,103.8862626311,2,5
"27813",5,9,"conf_358",1500,36,23.2726934162,2,5
"27814",5,9,"conf_358",2500,36,11.0345992953,2,5
"27815",5,9,"conf_358",5000,36,4.3474108928,2,5
"27816",5,9,"conf_358",7500,36,2.6063860841,2,5
"27817",5,9,"conf_358",250,37,506.7945277879,2,5
"27818",5,9,"conf_358",500,37,364.6012902747,2,5
"27819",5,9,"conf_358",1500,37,31.0340584186,2,5
"27820",5,9,"conf_358",2500,37,23.9231447783,2,5
"27821",5,9,"conf_358",5000,37,5.2190066668,2,5
"27822",5,9,"conf_358",7500,37,1.6787280744,2,5
"27823",5,9,"conf_358",250,38,364.8959424459,2,5
"27824",5,9,"conf_358",500,38,166.5666578172,2,5
"27825",5,9,"conf_358",1500,38,85.8392881482,2,5
"27826",5,9,"conf_358",2500,38,21.0133767227,2,5
"27827",5,9,"conf_358",5000,38,6.9116235206,2,5
"27828",5,9,"conf_358",7500,38,1.657196305,2,5
"27829",5,9,"conf_358",250,39,212.8529310384,2,5
"27830",5,9,"conf_358",500,39,212.8529310384,2,5
"27831",5,9,"conf_358",1500,39,29.8758486111,2,5
"27832",5,9,"conf_358",2500,39,15.2335558969,2,5
"27833",5,9,"conf_358",5000,39,5.4253978436,2,5
"27834",5,9,"conf_358",7500,39,2.0598097637,2,5
"27835",5,9,"conf_358",250,40,137.7166528108,2,5
"27836",5,9,"conf_358",500,40,111.6916498397,2,5
"27837",5,9,"conf_358",1500,40,33.5406942924,2,5
"27838",5,9,"conf_358",2500,40,25.5991741135,2,5
"27839",5,9,"conf_358",5000,40,4.7588982896,2,5
"27840",5,9,"conf_358",7500,40,2.2510165677,2,5
"27841",5,9,"conf_358",250,41,521.2265781246,2,5
"27842",5,9,"conf_358",500,41,314.0475551527,2,5
"27843",5,9,"conf_358",1500,41,30.5826765759,2,5
"27844",5,9,"conf_358",2500,41,8.2375775306,2,5
"27845",5,9,"conf_358",5000,41,3.4428899635,2,5
"27846",5,9,"conf_358",7500,41,1.8093354716,2,5
"27847",5,9,"conf_358",250,42,141.5598095768,2,5
"27848",5,9,"conf_358",500,42,136.6721854758,2,5
"27849",5,9,"conf_358",1500,42,29.0538030202,2,5
"27850",5,9,"conf_358",2500,42,7.5063602343,2,5
"27851",5,9,"conf_358",5000,42,3.3903131257,2,5
"27852",5,9,"conf_358",7500,42,1.0628981006,2,5
"27853",5,9,"conf_358",250,43,247.0676290637,2,5
"27854",5,9,"conf_358",500,43,157.9807965541,2,5
"27855",5,9,"conf_358",1500,43,22.7043861953,2,5
"27856",5,9,"conf_358",2500,43,12.1016845091,2,5
"27857",5,9,"conf_358",5000,43,4.7772487964,2,5
"27858",5,9,"conf_358",7500,43,1.3689364365,2,5
"27859",5,9,"conf_358",250,44,215.4698342141,2,5
"27860",5,9,"conf_358",500,44,164.7940351151,2,5
"27861",5,9,"conf_358",1500,44,40.2593441685,2,5
"27862",5,9,"conf_358",2500,44,13.0483725231,2,5
"27863",5,9,"conf_358",5000,44,5.9381598508,2,5
"27864",5,9,"conf_358",7500,44,2.1120153973,2,5
"27865",5,9,"conf_358",250,45,994.9860415854,2,5
"27866",5,9,"conf_358",500,45,747.7353596504,2,5
"27867",5,9,"conf_358",1500,45,5.8171072393,2,5
"27868",5,9,"conf_358",2500,45,5.8171072393,2,5
"27869",5,9,"conf_358",5000,45,3.7988215459,2,5
"27870",5,9,"conf_358",7500,45,1.4164194739,2,5
"27871",5,9,"conf_358",250,46,122.5529580451,2,5
"27872",5,9,"conf_358",500,46,122.5529580451,2,5
"27873",5,9,"conf_358",1500,46,47.9627430204,2,5
"27874",5,9,"conf_358",2500,46,10.828484584,2,5
"27875",5,9,"conf_358",5000,46,3.0754801668,2,5
"27876",5,9,"conf_358",7500,46,0.927020515,2,5
"27877",5,9,"conf_358",250,47,166.3070886996,2,5
"27878",5,9,"conf_358",500,47,166.3070886996,2,5
"27879",5,9,"conf_358",1500,47,53.3378971217,2,5
"27880",5,9,"conf_358",2500,47,34.462286785,2,5
"27881",5,9,"conf_358",5000,47,5.8425076674,2,5
"27882",5,9,"conf_358",7500,47,3.6213611895,2,5
"27883",5,9,"conf_358",250,48,784.5742465287,2,5
"27884",5,9,"conf_358",500,48,531.1550837812,2,5
"27885",5,9,"conf_358",1500,48,59.8680234204,2,5
"27886",5,9,"conf_358",2500,48,40.8735051053,2,5
"27887",5,9,"conf_358",5000,48,4.5540748658,2,5
"27888",5,9,"conf_358",7500,48,1.5951279054,2,5
"27889",5,9,"conf_358",250,49,1111.1597847436,2,5
"27890",5,9,"conf_358",500,49,532.2439654877,2,5
"27891",5,9,"conf_358",1500,49,22.9082163038,2,5
"27892",5,9,"conf_358",2500,49,15.1388418598,2,5
"27893",5,9,"conf_358",5000,49,5.0766437703,2,5
"27894",5,9,"conf_358",7500,49,2.5690664532,2,5
"27895",5,9,"conf_358",250,50,388.1330829484,2,5
"27896",5,9,"conf_358",500,50,280.8439156495,2,5
"27897",5,9,"conf_358",1500,50,12.1696300856,2,5
"27898",5,9,"conf_358",2500,50,5.1510439151,2,5
"27899",5,9,"conf_358",5000,50,4.7092199209,2,5
"27900",5,9,"conf_358",7500,50,2.5947113402,2,5
"27901",5,9,"conf_358",250,51,386.7937242011,1,5
"27902",5,9,"conf_358",500,51,147.3448300595,1,5
"27903",5,9,"conf_358",1500,51,9.2367270956,1,5
"27904",5,9,"conf_358",2500,51,9.2367270956,1,5
"27905",5,9,"conf_358",5000,51,4.1371749515,1,5
"27906",5,9,"conf_358",7500,51,1.8827581371,1,5
"27907",5,9,"conf_358",250,52,323.57118184,1,5
"27908",5,9,"conf_358",500,52,323.57118184,1,5
"27909",5,9,"conf_358",1500,52,90.7522946061,1,5
"27910",5,9,"conf_358",2500,52,33.9600784234,1,5
"27911",5,9,"conf_358",5000,52,9.2209576383,1,5
"27912",5,9,"conf_358",7500,52,2.9020649273,1,5
"27913",5,9,"conf_358",250,53,680.1946413782,1,5
"27914",5,9,"conf_358",500,53,502.5412698898,1,5
"27915",5,9,"conf_358",1500,53,28.7925782989,1,5
"27916",5,9,"conf_358",2500,53,2.3608105873,1,5
"27917",5,9,"conf_358",5000,53,2.2900589642,1,5
"27918",5,9,"conf_358",7500,53,1.9529559657,1,5
"27919",5,9,"conf_358",250,54,247.5478635481,1,5
"27920",5,9,"conf_358",500,54,229.9586429958,1,5
"27921",5,9,"conf_358",1500,54,90.0208175051,1,5
"27922",5,9,"conf_358",2500,54,19.8196747083,1,5
"27923",5,9,"conf_358",5000,54,5.1974409591,1,5
"27924",5,9,"conf_358",7500,54,2.4079259944,1,5
"27925",5,9,"conf_358",250,55,313.8365086374,1,5
"27926",5,9,"conf_358",500,55,260.27137154,1,5
"27927",5,9,"conf_358",1500,55,71.3240259756,1,5
"27928",5,9,"conf_358",2500,55,37.4373276908,1,5
"27929",5,9,"conf_358",5000,55,6.5993259271,1,5
"27930",5,9,"conf_358",7500,55,2.5423252294,1,5
"27931",5,9,"conf_358",250,56,147.0416540702,1,5
"27932",5,9,"conf_358",500,56,147.0416540702,1,5
"27933",5,9,"conf_358",1500,56,65.2345922398,1,5
"27934",5,9,"conf_358",2500,56,7.123494216,1,5
"27935",5,9,"conf_358",5000,56,2.8665166736,1,5
"27936",5,9,"conf_358",7500,56,1.3494847019,1,5
"27937",5,9,"conf_358",250,57,688.3220594347,1,5
"27938",5,9,"conf_358",500,57,370.8585990029,1,5
"27939",5,9,"conf_358",1500,57,36.0726876077,1,5
"27940",5,9,"conf_358",2500,57,16.5605445596,1,5
"27941",5,9,"conf_358",5000,57,4.368869949,1,5
"27942",5,9,"conf_358",7500,57,1.9551194195,1,5
"27943",5,9,"conf_358",250,58,677.93880546,1,5
"27944",5,9,"conf_358",500,58,365.3191520646,1,5
"27945",5,9,"conf_358",1500,58,42.1958621819,1,5
"27946",5,9,"conf_358",2500,58,32.4062230273,1,5
"27947",5,9,"conf_358",5000,58,7.5004930193,1,5
"27948",5,9,"conf_358",7500,58,3.6742282255,1,5
"27949",5,9,"conf_358",250,59,234.0122366385,1,5
"27950",5,9,"conf_358",500,59,234.0122366385,1,5
"27951",5,9,"conf_358",1500,59,48.0443418271,1,5
"27952",5,9,"conf_358",2500,59,7.241485323,1,5
"27953",5,9,"conf_358",5000,59,1.3016049617,1,5
"27954",5,9,"conf_358",7500,59,1.2956818227,1,5
"27955",5,9,"conf_358",250,60,268.1963432269,1,5
"27956",5,9,"conf_358",500,60,268.1963432269,1,5
"27957",5,9,"conf_358",1500,60,56.0244953033,1,5
"27958",5,9,"conf_358",2500,60,8.4164996696,1,5
"27959",5,9,"conf_358",5000,60,5.0644716318,1,5
"27960",5,9,"conf_358",7500,60,4.7167001898,1,5
"27961",5,9,"conf_358",250,61,88.0564909044,1,5
"27962",5,9,"conf_358",500,61,88.0564909044,1,5
"27963",5,9,"conf_358",1500,61,28.5720252112,1,5
"27964",5,9,"conf_358",2500,61,22.4118482651,1,5
"27965",5,9,"conf_358",5000,61,3.0910079006,1,5
"27966",5,9,"conf_358",7500,61,1.670658311,1,5
"27967",5,9,"conf_358",250,62,897.7802254255,1,5
"27968",5,9,"conf_358",500,62,337.4255033168,1,5
"27969",5,9,"conf_358",1500,62,63.2599322407,1,5
"27970",5,9,"conf_358",2500,62,17.3499419939,1,5
"27971",5,9,"conf_358",5000,62,5.5795449726,1,5
"27972",5,9,"conf_358",7500,62,1.6844526404,1,5
"27973",5,9,"conf_358",250,63,967.7125725313,1,5
"27974",5,9,"conf_358",500,63,126.6947016004,1,5
"27975",5,9,"conf_358",1500,63,31.0808126509,1,5
"27976",5,9,"conf_358",2500,63,25.5700740638,1,5
"27977",5,9,"conf_358",5000,63,6.4673390011,1,5
"27978",5,9,"conf_358",7500,63,1.6416584447,1,5
"27979",5,9,"conf_358",250,64,357.0327099253,1,5
"27980",5,9,"conf_358",500,64,236.4502491612,1,5
"27981",5,9,"conf_358",1500,64,34.0279481539,1,5
"27982",5,9,"conf_358",2500,64,17.1651825139,1,5
"27983",5,9,"conf_358",5000,64,3.7265702542,1,5
"27984",5,9,"conf_358",7500,64,1.5470353911,1,5
"27985",5,9,"conf_358",250,65,907.6343758171,1,5
"27986",5,9,"conf_358",500,65,309.9522859197,1,5
"27987",5,9,"conf_358",1500,65,88.3887688522,1,5
"27988",5,9,"conf_358",2500,65,17.4912089064,1,5
"27989",5,9,"conf_358",5000,65,5.8662991896,1,5
"27990",5,9,"conf_358",7500,65,1.7702481504,1,5
"27991",5,9,"conf_358",250,66,333.2244346203,1,5
"27992",5,9,"conf_358",500,66,49.4657740399,1,5
"27993",5,9,"conf_358",1500,66,36.5255151162,1,5
"27994",5,9,"conf_358",2500,66,7.0807950008,1,5
"27995",5,9,"conf_358",5000,66,1.6122605398,1,5
"27996",5,9,"conf_358",7500,66,1.2380061928,1,5
"27997",5,9,"conf_358",250,67,907.8051462625,1,5
"27998",5,9,"conf_358",500,67,207.5819902152,1,5
"27999",5,9,"conf_358",1500,67,59.2907587841,1,5
"28000",5,9,"conf_358",2500,67,6.5566730796,1,5
"28001",5,9,"conf_358",5000,67,4.3206081097,1,5
"28002",5,9,"conf_358",7500,67,2.4872973454,1,5
"28003",5,9,"conf_358",250,68,1673.4536553484,1,5
"28004",5,9,"conf_358",500,68,346.4135469663,1,5
"28005",5,9,"conf_358",1500,68,74.6132867287,1,5
"28006",5,9,"conf_358",2500,68,6.7974286918,1,5
"28007",5,9,"conf_358",5000,68,2.3769851878,1,5
"28008",5,9,"conf_358",7500,68,1.4932625131,1,5
"28009",5,9,"conf_358",250,69,675.8766971992,1,5
"28010",5,9,"conf_358",500,69,210.2476542513,1,5
"28011",5,9,"conf_358",1500,69,88.242434085,1,5
"28012",5,9,"conf_358",2500,69,42.0491560072,1,5
"28013",5,9,"conf_358",5000,69,5.4397641349,1,5
"28014",5,9,"conf_358",7500,69,3.8098927853,1,5
"28015",5,9,"conf_358",250,70,325.0840266848,1,5
"28016",5,9,"conf_358",500,70,325.0840266848,1,5
"28017",5,9,"conf_358",1500,70,41.1111379327,1,5
"28018",5,9,"conf_358",2500,70,18.6401646023,1,5
"28019",5,9,"conf_358",5000,70,3.7633392579,1,5
"28020",5,9,"conf_358",7500,70,1.6361609946,1,5
"28021",5,9,"conf_358",250,71,246.8132998885,1,5
"28022",5,9,"conf_358",500,71,119.4962952247,1,5
"28023",5,9,"conf_358",1500,71,37.8513471459,1,5
"28024",5,9,"conf_358",2500,71,17.0244606507,1,5
"28025",5,9,"conf_358",5000,71,1.7883265051,1,5
"28026",5,9,"conf_358",7500,71,0.6598328374,1,5
"28027",5,9,"conf_358",250,72,176.7403976066,1,5
"28028",5,9,"conf_358",500,72,176.7403976066,1,5
"28029",5,9,"conf_358",1500,72,15.282061224,1,5
"28030",5,9,"conf_358",2500,72,15.1698766804,1,5
"28031",5,9,"conf_358",5000,72,4.2309750654,1,5
"28032",5,9,"conf_358",7500,72,1.4703479555,1,5
"28033",5,9,"conf_358",250,73,277.8588461416,1,5
"28034",5,9,"conf_358",500,73,277.8588461416,1,5
"28035",5,9,"conf_358",1500,73,108.1036431659,1,5
"28036",5,9,"conf_358",2500,73,39.6141530939,1,5
"28037",5,9,"conf_358",5000,73,8.1039508685,1,5
"28038",5,9,"conf_358",7500,73,5.8731060777,1,5
"28039",5,9,"conf_358",250,74,1000.1290335977,1,5
"28040",5,9,"conf_358",500,74,253.4078040263,1,5
"28041",5,9,"conf_358",1500,74,70.9224177075,1,5
"28042",5,9,"conf_358",2500,74,9.2250371947,1,5
"28043",5,9,"conf_358",5000,74,4.5019443571,1,5
"28044",5,9,"conf_358",7500,74,1.6821210472,1,5
"28045",5,9,"conf_358",250,75,126.4574589843,1,5
"28046",5,9,"conf_358",500,75,126.4574589843,1,5
"28047",5,9,"conf_358",1500,75,65.6697836681,1,5
"28048",5,9,"conf_358",2500,75,19.0235667929,1,5
"28049",5,9,"conf_358",5000,75,5.9380206202,1,5
"28050",5,9,"conf_358",7500,75,2.9259326453,1,5
"28051",5,9,"conf_358",250,76,685.8349169898,1,5
"28052",5,9,"conf_358",500,76,79.4163720277,1,5
"28053",5,9,"conf_358",1500,76,79.4163720277,1,5
"28054",5,9,"conf_358",2500,76,31.4351700877,1,5
"28055",5,9,"conf_358",5000,76,5.9316203897,1,5
"28056",5,9,"conf_358",7500,76,4.7086889327,1,5
"28057",5,9,"conf_358",250,77,666.3148128375,1,5
"28058",5,9,"conf_358",500,77,471.5008799357,1,5
"28059",5,9,"conf_358",1500,77,19.2410737695,1,5
"28060",5,9,"conf_358",2500,77,7.5667199412,1,5
"28061",5,9,"conf_358",5000,77,5.5726693837,1,5
"28062",5,9,"conf_358",7500,77,1.1675051362,1,5
"28063",5,9,"conf_358",250,78,362.49595183,1,5
"28064",5,9,"conf_358",500,78,362.49595183,1,5
"28065",5,9,"conf_358",1500,78,124.7137369288,1,5
"28066",5,9,"conf_358",2500,78,13.613107174,1,5
"28067",5,9,"conf_358",5000,78,6.9855845965,1,5
"28068",5,9,"conf_358",7500,78,3.6167264211,1,5
"28069",5,9,"conf_358",250,79,398.6569747885,1,5
"28070",5,9,"conf_358",500,79,54.9504744031,1,5
"28071",5,9,"conf_358",1500,79,32.4469374345,1,5
"28072",5,9,"conf_358",2500,79,7.3325551553,1,5
"28073",5,9,"conf_358",5000,79,1.7745673048,1,5
"28074",5,9,"conf_358",7500,79,1.394331275,1,5
"28075",5,9,"conf_358",250,80,320.789999739,1,5
"28076",5,9,"conf_358",500,80,277.2111377606,1,5
"28077",5,9,"conf_358",1500,80,43.6236401494,1,5
"28078",5,9,"conf_358",2500,80,16.5933990837,1,5
"28079",5,9,"conf_358",5000,80,3.5360301653,1,5
"28080",5,9,"conf_358",7500,80,0.9862576195,1,5
"28081",5,9,"conf_358",250,81,222.772935672,1,5
"28082",5,9,"conf_358",500,81,222.772935672,1,5
"28083",5,9,"conf_358",1500,81,11.3380121088,1,5
"28084",5,9,"conf_358",2500,81,11.1493165891,1,5
"28085",5,9,"conf_358",5000,81,2.9323207277,1,5
"28086",5,9,"conf_358",7500,81,1.4304541889,1,5
"28087",5,9,"conf_358",250,82,350.207634446,1,5
"28088",5,9,"conf_358",500,82,350.207634446,1,5
"28089",5,9,"conf_358",1500,82,135.2090647632,1,5
"28090",5,9,"conf_358",2500,82,67.1808834847,1,5
"28091",5,9,"conf_358",5000,82,5.0894776473,1,5
"28092",5,9,"conf_358",7500,82,2.5083545478,1,5
"28093",5,9,"conf_358",250,83,1113.0964229548,1,5
"28094",5,9,"conf_358",500,83,66.0041798579,1,5
"28095",5,9,"conf_358",1500,83,62.1199389342,1,5
"28096",5,9,"conf_358",2500,83,7.5314455092,1,5
"28097",5,9,"conf_358",5000,83,5.3104755669,1,5
"28098",5,9,"conf_358",7500,83,2.1645761183,1,5
"28099",5,9,"conf_358",250,84,350.9836219261,1,5
"28100",5,9,"conf_358",500,84,49.2445362023,1,5
"28101",5,9,"conf_358",1500,84,49.2445362023,1,5
"28102",5,9,"conf_358",2500,84,21.8884913031,1,5
"28103",5,9,"conf_358",5000,84,3.684157502,1,5
"28104",5,9,"conf_358",7500,84,3.3416137549,1,5
"28105",5,9,"conf_358",250,85,932.698921486,1,5
"28106",5,9,"conf_358",500,85,172.4311135596,1,5
"28107",5,9,"conf_358",1500,85,65.1930984749,1,5
"28108",5,9,"conf_358",2500,85,12.1011282571,1,5
"28109",5,9,"conf_358",5000,85,7.2783753059,1,5
"28110",5,9,"conf_358",7500,85,2.4744377973,1,5
"28111",5,9,"conf_358",250,86,569.6796825838,1,5
"28112",5,9,"conf_358",500,86,28.7596564675,1,5
"28113",5,9,"conf_358",1500,86,28.7596564675,1,5
"28114",5,9,"conf_358",2500,86,11.4511560684,1,5
"28115",5,9,"conf_358",5000,86,6.5193151172,1,5
"28116",5,9,"conf_358",7500,86,2.4610828149,1,5
"28117",5,9,"conf_358",250,87,623.4940288801,1,5
"28118",5,9,"conf_358",500,87,324.4368576367,1,5
"28119",5,9,"conf_358",1500,87,40.1491584385,1,5
"28120",5,9,"conf_358",2500,87,14.4933440836,1,5
"28121",5,9,"conf_358",5000,87,5.6010018217,1,5
"28122",5,9,"conf_358",7500,87,2.630063806,1,5
"28123",5,9,"conf_358",250,88,274.2951381143,1,5
"28124",5,9,"conf_358",500,88,261.3805463681,1,5
"28125",5,9,"conf_358",1500,88,18.6214541051,1,5
"28126",5,9,"conf_358",2500,88,17.5859272864,1,5
"28127",5,9,"conf_358",5000,88,10.1841631416,1,5
"28128",5,9,"conf_358",7500,88,4.119697753,1,5
"28129",5,9,"conf_358",250,89,230.1789650904,1,5
"28130",5,9,"conf_358",500,89,230.1789650904,1,5
"28131",5,9,"conf_358",1500,89,72.9147588192,1,5
"28132",5,9,"conf_358",2500,89,15.9312472366,1,5
"28133",5,9,"conf_358",5000,89,5.0436398939,1,5
"28134",5,9,"conf_358",7500,89,1.5528786029,1,5
"28135",5,9,"conf_358",250,90,306.9981087262,1,5
"28136",5,9,"conf_358",500,90,100.3796001931,1,5
"28137",5,9,"conf_358",1500,90,73.9534653227,1,5
"28138",5,9,"conf_358",2500,90,45.7475155339,1,5
"28139",5,9,"conf_358",5000,90,6.1644032261,1,5
"28140",5,9,"conf_358",7500,90,5.3912056511,1,5
"28141",5,9,"conf_358",250,91,478.4317387963,1,5
"28142",5,9,"conf_358",500,91,287.7350836188,1,5
"28143",5,9,"conf_358",1500,91,103.6229749726,1,5
"28144",5,9,"conf_358",2500,91,18.1123159829,1,5
"28145",5,9,"conf_358",5000,91,6.4493371471,1,5
"28146",5,9,"conf_358",7500,91,3.1071916142,1,5
"28147",5,9,"conf_358",250,92,818.7565682494,1,5
"28148",5,9,"conf_358",500,92,223.4591664978,1,5
"28149",5,9,"conf_358",1500,92,83.6808008638,1,5
"28150",5,9,"conf_358",2500,92,14.2089679879,1,5
"28151",5,9,"conf_358",5000,92,5.4156323155,1,5
"28152",5,9,"conf_358",7500,92,2.0710291903,1,5
"28153",5,9,"conf_358",250,93,746.3469478208,1,5
"28154",5,9,"conf_358",500,93,539.1774572519,1,5
"28155",5,9,"conf_358",1500,93,31.8323943933,1,5
"28156",5,9,"conf_358",2500,93,9.5048316563,1,5
"28157",5,9,"conf_358",5000,93,5.8508752384,1,5
"28158",5,9,"conf_358",7500,93,3.4844579993,1,5
"28159",5,9,"conf_358",250,94,773.0265100427,1,5
"28160",5,9,"conf_358",500,94,105.8417831661,1,5
"28161",5,9,"conf_358",1500,94,28.6864622784,1,5
"28162",5,9,"conf_358",2500,94,10.5598744932,1,5
"28163",5,9,"conf_358",5000,94,3.8738564185,1,5
"28164",5,9,"conf_358",7500,94,1.9029468131,1,5
"28165",5,9,"conf_358",250,95,606.2731305939,1,5
"28166",5,9,"conf_358",500,95,35.7687766097,1,5
"28167",5,9,"conf_358",1500,95,30.6387956804,1,5
"28168",5,9,"conf_358",2500,95,8.7738524052,1,5
"28169",5,9,"conf_358",5000,95,4.4479683557,1,5
"28170",5,9,"conf_358",7500,95,0.8311621986,1,5
"28171",5,9,"conf_358",250,96,398.6796887304,1,5
"28172",5,9,"conf_358",500,96,333.7035455883,1,5
"28173",5,9,"conf_358",1500,96,56.0632833216,1,5
"28174",5,9,"conf_358",2500,96,6.1253942531,1,5
"28175",5,9,"conf_358",5000,96,2.1958662579,1,5
"28176",5,9,"conf_358",7500,96,1.7999027511,1,5
"28177",5,9,"conf_358",250,97,313.6373375082,1,5
"28178",5,9,"conf_358",500,97,257.7874565861,1,5
"28179",5,9,"conf_358",1500,97,36.9639144799,1,5
"28180",5,9,"conf_358",2500,97,32.4225723028,1,5
"28181",5,9,"conf_358",5000,97,7.5417070309,1,5
"28182",5,9,"conf_358",7500,97,5.8222976919,1,5
"28183",5,9,"conf_358",250,98,182.4631801315,1,5
"28184",5,9,"conf_358",500,98,168.6959586,1,5
"28185",5,9,"conf_358",1500,98,79.9932056434,1,5
"28186",5,9,"conf_358",2500,98,37.9107998335,1,5
"28187",5,9,"conf_358",5000,98,5.4058145076,1,5
"28188",5,9,"conf_358",7500,98,5.1163072832,1,5
"28189",5,9,"conf_358",250,99,1053.2734938845,1,5
"28190",5,9,"conf_358",500,99,299.343131378,1,5
"28191",5,9,"conf_358",1500,99,70.1411336005,1,5
"28192",5,9,"conf_358",2500,99,8.2443876548,1,5
"28193",5,9,"conf_358",5000,99,5.855280893,1,5
"28194",5,9,"conf_358",7500,99,2.823593745,1,5
"28195",5,9,"conf_358",250,100,375.253923893,1,5
"28196",5,9,"conf_358",500,100,241.1666254051,1,5
"28197",5,9,"conf_358",1500,100,37.0068925406,1,5
"28198",5,9,"conf_358",2500,100,16.2647190893,1,5
"28199",5,9,"conf_358",5000,100,3.8992500329,1,5
"28200",5,9,"conf_358",7500,100,1.1886228785,1,5
"28201",5,9,"conf_358",250,101,481.7764991632,3,5
"28202",5,9,"conf_358",500,101,85.3291209451,3,5
"28203",5,9,"conf_358",1500,101,45.1468160999,3,5
"28204",5,9,"conf_358",2500,101,10.0312334275,3,5
"28205",5,9,"conf_358",5000,101,4.2138681026,3,5
"28206",5,9,"conf_358",7500,101,1.4407023975,3,5
"28207",5,9,"conf_358",250,102,2285.4684764817,3,5
"28208",5,9,"conf_358",500,102,1452.9690764288,3,5
"28209",5,9,"conf_358",1500,102,40.903582185,3,5
"28210",5,9,"conf_358",2500,102,40.903582185,3,5
"28211",5,9,"conf_358",5000,102,26.9020327757,3,5
"28212",5,9,"conf_358",7500,102,9.9479985628,3,5
"28213",5,9,"conf_358",250,103,230.8782427072,3,5
"28214",5,9,"conf_358",500,103,230.8782427072,3,5
"28215",5,9,"conf_358",1500,103,70.6572944452,3,5
"28216",5,9,"conf_358",2500,103,32.1630468549,3,5
"28217",5,9,"conf_358",5000,103,4.6545581635,3,5
"28218",5,9,"conf_358",7500,103,2.6016067497,3,5
"28219",5,9,"conf_358",250,104,541.8042680495,3,5
"28220",5,9,"conf_358",500,104,219.0719420904,3,5
"28221",5,9,"conf_358",1500,104,58.0372117669,3,5
"28222",5,9,"conf_358",2500,104,17.5548776413,3,5
"28223",5,9,"conf_358",5000,104,6.1474812907,3,5
"28224",5,9,"conf_358",7500,104,2.338563393,3,5
"28225",5,9,"conf_358",250,105,800.3208873682,3,5
"28226",5,9,"conf_358",500,105,289.3556461144,3,5
"28227",5,9,"conf_358",1500,105,31.9421847334,3,5
"28228",5,9,"conf_358",2500,105,18.2950120037,3,5
"28229",5,9,"conf_358",5000,105,3.8230348133,3,5
"28230",5,9,"conf_358",7500,105,3.629780595,3,5
"28231",5,9,"conf_358",250,106,929.6258604732,3,5
"28232",5,9,"conf_358",500,106,85.1455592729,3,5
"28233",5,9,"conf_358",1500,106,85.1455592729,3,5
"28234",5,9,"conf_358",2500,106,17.7016494842,3,5
"28235",5,9,"conf_358",5000,106,4.2155611897,3,5
"28236",5,9,"conf_358",7500,106,0.5716030017,3,5
"28237",5,9,"conf_358",250,107,230.4423858051,3,5
"28238",5,9,"conf_358",500,107,230.4423858051,3,5
"28239",5,9,"conf_358",1500,107,92.5350524931,3,5
"28240",5,9,"conf_358",2500,107,21.5198073312,3,5
"28241",5,9,"conf_358",5000,107,2.5430385199,3,5
"28242",5,9,"conf_358",7500,107,1.8989451546,3,5
"28243",5,9,"conf_358",250,108,2053.4505151307,3,5
"28244",5,9,"conf_358",500,108,680.4560673049,3,5
"28245",5,9,"conf_358",1500,108,113.6672951076,3,5
"28246",5,9,"conf_358",2500,108,40.6474782914,3,5
"28247",5,9,"conf_358",5000,108,3.7886315487,3,5
"28248",5,9,"conf_358",7500,108,2.5469859229,3,5
"28249",5,9,"conf_358",250,109,334.8810318326,3,5
"28250",5,9,"conf_358",500,109,255.2272678083,3,5
"28251",5,9,"conf_358",1500,109,27.4075548341,3,5
"28252",5,9,"conf_358",2500,109,19.7994503137,3,5
"28253",5,9,"conf_358",5000,109,5.0945679926,3,5
"28254",5,9,"conf_358",7500,109,1.3169851477,3,5
"28255",5,9,"conf_358",250,110,347.5399428236,3,5
"28256",5,9,"conf_358",500,110,146.2649581069,3,5
"28257",5,9,"conf_358",1500,110,104.0295214781,3,5
"28258",5,9,"conf_358",2500,110,36.5325259885,3,5
"28259",5,9,"conf_358",5000,110,9.0587261195,3,5
"28260",5,9,"conf_358",7500,110,3.387401357,3,5
"28261",5,9,"conf_358",250,111,728.0436030438,3,5
"28262",5,9,"conf_358",500,111,464.370009054,3,5
"28263",5,9,"conf_358",1500,111,47.7750227193,3,5
"28264",5,9,"conf_358",2500,111,9.0551509018,3,5
"28265",5,9,"conf_358",5000,111,4.8876925934,3,5
"28266",5,9,"conf_358",7500,111,2.7680772198,3,5
"28267",5,9,"conf_358",250,112,431.299757027,3,5
"28268",5,9,"conf_358",500,112,414.5906552417,3,5
"28269",5,9,"conf_358",1500,112,116.5879708119,3,5
"28270",5,9,"conf_358",2500,112,15.7022945995,3,5
"28271",5,9,"conf_358",5000,112,5.429735692,3,5
"28272",5,9,"conf_358",7500,112,1.8911517248,3,5
"28273",5,9,"conf_358",250,113,332.9505044231,3,5
"28274",5,9,"conf_358",500,113,187.8431978461,3,5
"28275",5,9,"conf_358",1500,113,29.0176202416,3,5
"28276",5,9,"conf_358",2500,113,25.3576079145,3,5
"28277",5,9,"conf_358",5000,113,6.3712309743,3,5
"28278",5,9,"conf_358",7500,113,2.9470896293,3,5
"28279",5,9,"conf_358",250,114,68.5146319541,3,5
"28280",5,9,"conf_358",500,114,68.5146319541,3,5
"28281",5,9,"conf_358",1500,114,31.7674091411,3,5
"28282",5,9,"conf_358",2500,114,14.9404085749,3,5
"28283",5,9,"conf_358",5000,114,3.5496871013,3,5
"28284",5,9,"conf_358",7500,114,2.1717202772,3,5
"28285",5,9,"conf_358",250,115,194.4882420831,3,5
"28286",5,9,"conf_358",500,115,194.4882420831,3,5
"28287",5,9,"conf_358",1500,115,84.1912702331,3,5
"28288",5,9,"conf_358",2500,115,16.8527446066,3,5
"28289",5,9,"conf_358",5000,115,4.3463492049,3,5
"28290",5,9,"conf_358",7500,115,0.8813633466,3,5
"28291",5,9,"conf_358",250,116,778.1604021835,3,5
"28292",5,9,"conf_358",500,116,661.6820928415,3,5
"28293",5,9,"conf_358",1500,116,71.2503916892,3,5
"28294",5,9,"conf_358",2500,116,29.2830736504,3,5
"28295",5,9,"conf_358",5000,116,4.6323425248,3,5
"28296",5,9,"conf_358",7500,116,4.3945827207,3,5
"28297",5,9,"conf_358",250,117,318.0681708539,3,5
"28298",5,9,"conf_358",500,117,318.0681708539,3,5
"28299",5,9,"conf_358",1500,117,318.0681708539,3,5
"28300",5,9,"conf_358",2500,117,44.3522589459,3,5
"28301",5,9,"conf_358",5000,117,31.2587513127,3,5
"28302",5,9,"conf_358",7500,117,7.6470233793,3,5
"28303",5,9,"conf_358",250,118,2316.7045021671,3,5
"28304",5,9,"conf_358",500,118,166.9565298165,3,5
"28305",5,9,"conf_358",1500,118,52.2861760322,3,5
"28306",5,9,"conf_358",2500,118,13.4194751507,3,5
"28307",5,9,"conf_358",5000,118,3.8215532415,3,5
"28308",5,9,"conf_358",7500,118,0.9312826699,3,5
"28309",5,9,"conf_358",250,119,391.8817563709,3,5
"28310",5,9,"conf_358",500,119,391.8817563709,3,5
"28311",5,9,"conf_358",1500,119,85.9559902279,3,5
"28312",5,9,"conf_358",2500,119,13.7359003701,3,5
"28313",5,9,"conf_358",5000,119,5.2675764702,3,5
"28314",5,9,"conf_358",7500,119,1.0885279072,3,5
"28315",5,9,"conf_358",250,120,212.1783183188,3,5
"28316",5,9,"conf_358",500,120,55.3348534977,3,5
"28317",5,9,"conf_358",1500,120,46.5821295006,3,5
"28318",5,9,"conf_358",2500,120,44.9154903337,3,5
"28319",5,9,"conf_358",5000,120,5.0532976605,3,5
"28320",5,9,"conf_358",7500,120,1.941377835,3,5
"28321",5,9,"conf_358",250,121,1502.2569403573,3,5
"28322",5,9,"conf_358",500,121,430.0567630242,3,5
"28323",5,9,"conf_358",1500,121,21.387768798,3,5
"28324",5,9,"conf_358",2500,121,9.4125323408,3,5
"28325",5,9,"conf_358",5000,121,3.1854961843,3,5
"28326",5,9,"conf_358",7500,121,1.5002885416,3,5
"28327",5,9,"conf_358",250,122,129.78393629,3,5
"28328",5,9,"conf_358",500,122,129.78393629,3,5
"28329",5,9,"conf_358",1500,122,48.7656429236,3,5
"28330",5,9,"conf_358",2500,122,36.4743248348,3,5
"28331",5,9,"conf_358",5000,122,6.7123655506,3,5
"28332",5,9,"conf_358",7500,122,1.6034639726,3,5
"28333",5,9,"conf_358",250,123,778.5217533079,3,5
"28334",5,9,"conf_358",500,123,223.0838996534,3,5
"28335",5,9,"conf_358",1500,123,22.1957875138,3,5
"28336",5,9,"conf_358",2500,123,19.2720817393,3,5
"28337",5,9,"conf_358",5000,123,1.8767839507,3,5
"28338",5,9,"conf_358",7500,123,1.4094457184,3,5
"28339",5,9,"conf_358",250,124,986.4132881086,3,5
"28340",5,9,"conf_358",500,124,96.4393349984,3,5
"28341",5,9,"conf_358",1500,124,27.7118673454,3,5
"28342",5,9,"conf_358",2500,124,13.2666917153,3,5
"28343",5,9,"conf_358",5000,124,2.2711781004,3,5
"28344",5,9,"conf_358",7500,124,1.9303739551,3,5
"28345",5,9,"conf_358",250,125,737.1524576995,3,5
"28346",5,9,"conf_358",500,125,638.9912326068,3,5
"28347",5,9,"conf_358",1500,125,64.5604954864,3,5
"28348",5,9,"conf_358",2500,125,28.4785590063,3,5
"28349",5,9,"conf_358",5000,125,4.540668208,3,5
"28350",5,9,"conf_358",7500,125,3.2007253991,3,5
"28351",5,9,"conf_358",250,126,609.9201946497,3,5
"28352",5,9,"conf_358",500,126,333.5724372272,3,5
"28353",5,9,"conf_358",1500,126,29.842358324,3,5
"28354",5,9,"conf_358",2500,126,17.3871605765,3,5
"28355",5,9,"conf_358",5000,126,4.3056498035,3,5
"28356",5,9,"conf_358",7500,126,2.3768021379,3,5
"28357",5,9,"conf_358",250,127,1860.5193724347,3,5
"28358",5,9,"conf_358",500,127,987.3208041479,3,5
"28359",5,9,"conf_358",1500,127,44.6029255415,3,5
"28360",5,9,"conf_358",2500,127,37.9087281568,3,5
"28361",5,9,"conf_358",5000,127,5.6819318971,3,5
"28362",5,9,"conf_358",7500,127,2.2996469512,3,5
"28363",5,9,"conf_358",250,128,490.7020856583,3,5
"28364",5,9,"conf_358",500,128,264.2885801672,3,5
"28365",5,9,"conf_358",1500,128,7.256856533,3,5
"28366",5,9,"conf_358",2500,128,5.0118308945,3,5
"28367",5,9,"conf_358",5000,128,3.5960019748,3,5
"28368",5,9,"conf_358",7500,128,2.0991368379,3,5
"28369",5,9,"conf_358",250,129,404.3836250402,3,5
"28370",5,9,"conf_358",500,129,263.6136161076,3,5
"28371",5,9,"conf_358",1500,129,30.1638191261,3,5
"28372",5,9,"conf_358",2500,129,30.1638191261,3,5
"28373",5,9,"conf_358",5000,129,5.660742689,3,5
"28374",5,9,"conf_358",7500,129,3.3733871252,3,5
"28375",5,9,"conf_358",250,130,504.0684187808,3,5
"28376",5,9,"conf_358",500,130,401.607454926,3,5
"28377",5,9,"conf_358",1500,130,49.1565328409,3,5
"28378",5,9,"conf_358",2500,130,11.1704416576,3,5
"28379",5,9,"conf_358",5000,130,3.3445619927,3,5
"28380",5,9,"conf_358",7500,130,2.2552603194,3,5
"28381",5,9,"conf_358",250,131,1531.6574197057,3,5
"28382",5,9,"conf_358",500,131,791.1924207957,3,5
"28383",5,9,"conf_358",1500,131,135.9463415611,3,5
"28384",5,9,"conf_358",2500,131,24.1469733429,3,5
"28385",5,9,"conf_358",5000,131,5.0492264211,3,5
"28386",5,9,"conf_358",7500,131,2.4649007409,3,5
"28387",5,9,"conf_358",250,132,626.8437556472,3,5
"28388",5,9,"conf_358",500,132,626.8437556472,3,5
"28389",5,9,"conf_358",1500,132,16.679189458,3,5
"28390",5,9,"conf_358",2500,132,16.5974233356,3,5
"28391",5,9,"conf_358",5000,132,6.7353710914,3,5
"28392",5,9,"conf_358",7500,132,2.5114779922,3,5
"28393",5,9,"conf_358",250,133,1484.0673229343,3,5
"28394",5,9,"conf_358",500,133,967.4440842476,3,5
"28395",5,9,"conf_358",1500,133,74.8025278763,3,5
"28396",5,9,"conf_358",2500,133,33.0804139762,3,5
"28397",5,9,"conf_358",5000,133,7.6365860544,3,5
"28398",5,9,"conf_358",7500,133,2.0786375596,3,5
"28399",5,9,"conf_358",250,134,801.4641213607,3,5
"28400",5,9,"conf_358",500,134,289.1923638861,3,5
"28401",5,9,"conf_358",1500,134,60.6297596114,3,5
"28402",5,9,"conf_358",2500,134,23.0766143326,3,5
"28403",5,9,"conf_358",5000,134,2.5725525264,3,5
"28404",5,9,"conf_358",7500,134,2.261497098,3,5
"28405",5,9,"conf_358",250,135,1011.7815814339,3,5
"28406",5,9,"conf_358",500,135,1011.7815814339,3,5
"28407",5,9,"conf_358",1500,135,62.9867918059,3,5
"28408",5,9,"conf_358",2500,135,23.3661159507,3,5
"28409",5,9,"conf_358",5000,135,5.3930696707,3,5
"28410",5,9,"conf_358",7500,135,4.001236094,3,5
"28411",5,9,"conf_358",250,136,679.0034094349,3,5
"28412",5,9,"conf_358",500,136,679.0034094349,3,5
"28413",5,9,"conf_358",1500,136,138.2445560908,3,5
"28414",5,9,"conf_358",2500,136,50.9334918285,3,5
"28415",5,9,"conf_358",5000,136,3.7932285422,3,5
"28416",5,9,"conf_358",7500,136,2.8146819217,3,5
"28417",5,9,"conf_358",250,137,110.9215631385,3,5
"28418",5,9,"conf_358",500,137,110.9215631385,3,5
"28419",5,9,"conf_358",1500,137,80.1022592676,3,5
"28420",5,9,"conf_358",2500,137,30.2397405919,3,5
"28421",5,9,"conf_358",5000,137,11.3006770877,3,5
"28422",5,9,"conf_358",7500,137,2.3831321946,3,5
"28423",5,9,"conf_358",250,138,654.5611355298,3,5
"28424",5,9,"conf_358",500,138,652.8328381489,3,5
"28425",5,9,"conf_358",1500,138,99.9575520374,3,5
"28426",5,9,"conf_358",2500,138,46.0229585795,3,5
"28427",5,9,"conf_358",5000,138,6.6896385895,3,5
"28428",5,9,"conf_358",7500,138,3.9410346409,3,5
"28429",5,9,"conf_358",250,139,1007.0368358884,3,5
"28430",5,9,"conf_358",500,139,719.3624901301,3,5
"28431",5,9,"conf_358",1500,139,47.660496038,3,5
"28432",5,9,"conf_358",2500,139,10.6783314536,3,5
"28433",5,9,"conf_358",5000,139,3.9387784927,3,5
"28434",5,9,"conf_358",7500,139,2.8037980536,3,5
"28435",5,9,"conf_358",250,140,596.9064234633,3,5
"28436",5,9,"conf_358",500,140,532.6867182093,3,5
"28437",5,9,"conf_358",1500,140,35.8050596276,3,5
"28438",5,9,"conf_358",2500,140,9.6704145548,3,5
"28439",5,9,"conf_358",5000,140,3.5539657763,3,5
"28440",5,9,"conf_358",7500,140,2.2385167678,3,5
"28441",5,9,"conf_358",250,141,75.7606184059,3,5
"28442",5,9,"conf_358",500,141,75.7606184059,3,5
"28443",5,9,"conf_358",1500,141,33.067187341,3,5
"28444",5,9,"conf_358",2500,141,15.1665878044,3,5
"28445",5,9,"conf_358",5000,141,0.6201222885,3,5
"28446",5,9,"conf_358",7500,141,0.2030493403,3,5
"28447",5,9,"conf_358",250,142,1400.8561849226,3,5
"28448",5,9,"conf_358",500,142,842.5699711673,3,5
"28449",5,9,"conf_358",1500,142,87.1670811436,3,5
"28450",5,9,"conf_358",2500,142,11.9688249045,3,5
"28451",5,9,"conf_358",5000,142,4.12974718,3,5
"28452",5,9,"conf_358",7500,142,0.6535334461,3,5
"28453",5,9,"conf_358",250,143,462.8695213984,3,5
"28454",5,9,"conf_358",500,143,282.7754822168,3,5
"28455",5,9,"conf_358",1500,143,10.285749264,3,5
"28456",5,9,"conf_358",2500,143,9.1442466779,3,5
"28457",5,9,"conf_358",5000,143,5.9742556526,3,5
"28458",5,9,"conf_358",7500,143,3.335031217,3,5
"28459",5,9,"conf_358",250,144,765.059858709,3,5
"28460",5,9,"conf_358",500,144,308.7464916474,3,5
"28461",5,9,"conf_358",1500,144,210.8472116387,3,5
"28462",5,9,"conf_358",2500,144,58.9082348774,3,5
"28463",5,9,"conf_358",5000,144,4.2396751674,3,5
"28464",5,9,"conf_358",7500,144,3.6280611407,3,5
"28465",5,9,"conf_358",250,145,549.7157533225,3,5
"28466",5,9,"conf_358",500,145,367.7908205982,3,5
"28467",5,9,"conf_358",1500,145,79.0348695408,3,5
"28468",5,9,"conf_358",2500,145,56.3329660768,3,5
"28469",5,9,"conf_358",5000,145,13.6067683322,3,5
"28470",5,9,"conf_358",7500,145,6.7637360108,3,5
"28471",5,9,"conf_358",250,146,411.3900019598,3,5
"28472",5,9,"conf_358",500,146,396.8522186263,3,5
"28473",5,9,"conf_358",1500,146,17.8140022479,3,5
"28474",5,9,"conf_358",2500,146,3.7140478368,3,5
"28475",5,9,"conf_358",5000,146,2.8055692474,3,5
"28476",5,9,"conf_358",7500,146,2.1182453546,3,5
"28477",5,9,"conf_358",250,147,216.0128409146,3,5
"28478",5,9,"conf_358",500,147,176.8535604687,3,5
"28479",5,9,"conf_358",1500,147,20.7508748363,3,5
"28480",5,9,"conf_358",2500,147,14.8275254558,3,5
"28481",5,9,"conf_358",5000,147,3.6389302984,3,5
"28482",5,9,"conf_358",7500,147,1.832057199,3,5
"28483",5,9,"conf_358",250,148,546.819699352,3,5
"28484",5,9,"conf_358",500,148,527.6131953922,3,5
"28485",5,9,"conf_358",1500,148,57.5654085557,3,5
"28486",5,9,"conf_358",2500,148,20.7117838006,3,5
"28487",5,9,"conf_358",5000,148,3.7164028289,3,5
"28488",5,9,"conf_358",7500,148,1.6251466086,3,5
"28489",5,9,"conf_358",250,149,370.1616597005,3,5
"28490",5,9,"conf_358",500,149,370.1616597005,3,5
"28491",5,9,"conf_358",1500,149,21.2790046226,3,5
"28492",5,9,"conf_358",2500,149,20.8517307878,3,5
"28493",5,9,"conf_358",5000,149,8.2916359942,3,5
"28494",5,9,"conf_358",7500,149,2.271203882,3,5
"28495",5,9,"conf_358",250,150,1158.1133360269,3,5
"28496",5,9,"conf_358",500,150,320.2306703988,3,5
"28497",5,9,"conf_358",1500,150,41.8348683651,3,5
"28498",5,9,"conf_358",2500,150,14.401650969,3,5
"28499",5,9,"conf_358",5000,150,4.5059515047,3,5
"28500",5,9,"conf_358",7500,150,2.6721281553,3,5
"28501",5,9,"conf_358",250,151,224.2476908263,4,5
"28502",5,9,"conf_358",500,151,221.8759345613,4,5
"28503",5,9,"conf_358",1500,151,86.5021245268,4,5
"28504",5,9,"conf_358",2500,151,16.0298763347,4,5
"28505",5,9,"conf_358",5000,151,5.6789901949,4,5
"28506",5,9,"conf_358",7500,151,3.1539801254,4,5
"28507",5,9,"conf_358",250,152,138.6032577081,4,5
"28508",5,9,"conf_358",500,152,138.6032577081,4,5
"28509",5,9,"conf_358",1500,152,14.3973563282,4,5
"28510",5,9,"conf_358",2500,152,8.0128714952,4,5
"28511",5,9,"conf_358",5000,152,3.5373770927,4,5
"28512",5,9,"conf_358",7500,152,1.8613649665,4,5
"28513",5,9,"conf_358",250,153,566.0474106302,4,5
"28514",5,9,"conf_358",500,153,210.8007048084,4,5
"28515",5,9,"conf_358",1500,153,79.2815223981,4,5
"28516",5,9,"conf_358",2500,153,8.4216892307,4,5
"28517",5,9,"conf_358",5000,153,4.1097167028,4,5
"28518",5,9,"conf_358",7500,153,1.9662590198,4,5
"28519",5,9,"conf_358",250,154,383.7245690655,4,5
"28520",5,9,"conf_358",500,154,383.7245690655,4,5
"28521",5,9,"conf_358",1500,154,43.6522788197,4,5
"28522",5,9,"conf_358",2500,154,27.0035894408,4,5
"28523",5,9,"conf_358",5000,154,5.0556003948,4,5
"28524",5,9,"conf_358",7500,154,0.8724087152,4,5
"28525",5,9,"conf_358",250,155,414.6293165713,4,5
"28526",5,9,"conf_358",500,155,254.6723129678,4,5
"28527",5,9,"conf_358",1500,155,39.1816318287,4,5
"28528",5,9,"conf_358",2500,155,22.6396505625,4,5
"28529",5,9,"conf_358",5000,155,6.1304501006,4,5
"28530",5,9,"conf_358",7500,155,2.8749530273,4,5
"28531",5,9,"conf_358",250,156,236.3220357643,4,5
"28532",5,9,"conf_358",500,156,236.3220357643,4,5
"28533",5,9,"conf_358",1500,156,77.0405153096,4,5
"28534",5,9,"conf_358",2500,156,50.1527790014,4,5
"28535",5,9,"conf_358",5000,156,4.9891191464,4,5
"28536",5,9,"conf_358",7500,156,2.6548514341,4,5
"28537",5,9,"conf_358",250,157,539.7322053662,4,5
"28538",5,9,"conf_358",500,157,452.5719629444,4,5
"28539",5,9,"conf_358",1500,157,93.8599224888,4,5
"28540",5,9,"conf_358",2500,157,37.1537658421,4,5
"28541",5,9,"conf_358",5000,157,6.4052711329,4,5
"28542",5,9,"conf_358",7500,157,3.1228637187,4,5
"28543",5,9,"conf_358",250,158,670.2336122601,4,5
"28544",5,9,"conf_358",500,158,108.9340887105,4,5
"28545",5,9,"conf_358",1500,158,58.1311895191,4,5
"28546",5,9,"conf_358",2500,158,42.5594303431,4,5
"28547",5,9,"conf_358",5000,158,4.49417587,4,5
"28548",5,9,"conf_358",7500,158,2.2701478068,4,5
"28549",5,9,"conf_358",250,159,983.6622509717,4,5
"28550",5,9,"conf_358",500,159,411.6871212882,4,5
"28551",5,9,"conf_358",1500,159,37.4321372455,4,5
"28552",5,9,"conf_358",2500,159,8.995348609,4,5
"28553",5,9,"conf_358",5000,159,5.2902541765,4,5
"28554",5,9,"conf_358",7500,159,1.9795524674,4,5
"28555",5,9,"conf_358",250,160,1116.0576074866,4,5
"28556",5,9,"conf_358",500,160,1042.9340531484,4,5
"28557",5,9,"conf_358",1500,160,50.9485481094,4,5
"28558",5,9,"conf_358",2500,160,15.4951559796,4,5
"28559",5,9,"conf_358",5000,160,4.8278263099,4,5
"28560",5,9,"conf_358",7500,160,4.6551665738,4,5
"28561",5,9,"conf_358",250,161,1236.7117632165,4,5
"28562",5,9,"conf_358",500,161,443.2173500607,4,5
"28563",5,9,"conf_358",1500,161,53.1312250881,4,5
"28564",5,9,"conf_358",2500,161,34.6118463977,4,5
"28565",5,9,"conf_358",5000,161,3.6400269368,4,5
"28566",5,9,"conf_358",7500,161,1.5149508019,4,5
"28567",5,9,"conf_358",250,162,265.5228178919,4,5
"28568",5,9,"conf_358",500,162,77.0980113102,4,5
"28569",5,9,"conf_358",1500,162,55.9485450139,4,5
"28570",5,9,"conf_358",2500,162,5.2165211484,4,5
"28571",5,9,"conf_358",5000,162,2.9076846151,4,5
"28572",5,9,"conf_358",7500,162,0.9917559161,4,5
"28573",5,9,"conf_358",250,163,93.4940447026,4,5
"28574",5,9,"conf_358",500,163,93.4940447026,4,5
"28575",5,9,"conf_358",1500,163,33.0131307067,4,5
"28576",5,9,"conf_358",2500,163,15.5416142788,4,5
"28577",5,9,"conf_358",5000,163,4.0763544891,4,5
"28578",5,9,"conf_358",7500,163,1.545677398,4,5
"28579",5,9,"conf_358",250,164,432.5154666018,4,5
"28580",5,9,"conf_358",500,164,412.1807796454,4,5
"28581",5,9,"conf_358",1500,164,79.7946364442,4,5
"28582",5,9,"conf_358",2500,164,12.9366765853,4,5
"28583",5,9,"conf_358",5000,164,4.3612270193,4,5
"28584",5,9,"conf_358",7500,164,1.2318234786,4,5
"28585",5,9,"conf_358",250,165,412.8057177097,4,5
"28586",5,9,"conf_358",500,165,412.8057177097,4,5
"28587",5,9,"conf_358",1500,165,100.3937206013,4,5
"28588",5,9,"conf_358",2500,165,49.0323174255,4,5
"28589",5,9,"conf_358",5000,165,5.1800005527,4,5
"28590",5,9,"conf_358",7500,165,3.1985379187,4,5
"28591",5,9,"conf_358",250,166,411.6484790729,4,5
"28592",5,9,"conf_358",500,166,411.6484790729,4,5
"28593",5,9,"conf_358",1500,166,28.4094772153,4,5
"28594",5,9,"conf_358",2500,166,17.866278517,4,5
"28595",5,9,"conf_358",5000,166,5.7793925371,4,5
"28596",5,9,"conf_358",7500,166,4.5382018557,4,5
"28597",5,9,"conf_358",250,167,416.2332542107,4,5
"28598",5,9,"conf_358",500,167,409.330865407,4,5
"28599",5,9,"conf_358",1500,167,41.9435972533,4,5
"28600",5,9,"conf_358",2500,167,6.6829691031,4,5
"28601",5,9,"conf_358",5000,167,4.4507299649,4,5
"28602",5,9,"conf_358",7500,167,1.1728405007,4,5
"28603",5,9,"conf_358",250,168,2339.0453027899,4,5
"28604",5,9,"conf_358",500,168,213.9853709951,4,5
"28605",5,9,"conf_358",1500,168,13.4982686205,4,5
"28606",5,9,"conf_358",2500,168,8.6783308946,4,5
"28607",5,9,"conf_358",5000,168,3.7136031375,4,5
"28608",5,9,"conf_358",7500,168,2.5069415333,4,5
"28609",5,9,"conf_358",250,169,58.8337347395,4,5
"28610",5,9,"conf_358",500,169,58.8337347395,4,5
"28611",5,9,"conf_358",1500,169,37.6684556853,4,5
"28612",5,9,"conf_358",2500,169,31.0587109795,4,5
"28613",5,9,"conf_358",5000,169,4.7709644685,4,5
"28614",5,9,"conf_358",7500,169,3.0398481474,4,5
"28615",5,9,"conf_358",250,170,146.8761859408,4,5
"28616",5,9,"conf_358",500,170,146.8761859408,4,5
"28617",5,9,"conf_358",1500,170,122.2940470833,4,5
"28618",5,9,"conf_358",2500,170,5.2622899325,4,5
"28619",5,9,"conf_358",5000,170,5.2149486164,4,5
"28620",5,9,"conf_358",7500,170,2.5799309998,4,5
"28621",5,9,"conf_358",250,171,495.7389832831,4,5
"28622",5,9,"conf_358",500,171,495.7389832831,4,5
"28623",5,9,"conf_358",1500,171,40.6514642959,4,5
"28624",5,9,"conf_358",2500,171,40.6514642959,4,5
"28625",5,9,"conf_358",5000,171,3.5124089916,4,5
"28626",5,9,"conf_358",7500,171,1.2751188755,4,5
"28627",5,9,"conf_358",250,172,636.6215732472,4,5
"28628",5,9,"conf_358",500,172,387.414720713,4,5
"28629",5,9,"conf_358",1500,172,136.8663609639,4,5
"28630",5,9,"conf_358",2500,172,9.4400946382,4,5
"28631",5,9,"conf_358",5000,172,4.8502694154,4,5
"28632",5,9,"conf_358",7500,172,2.7995682172,4,5
"28633",5,9,"conf_358",250,173,1287.8959319832,4,5
"28634",5,9,"conf_358",500,173,473.0173012046,4,5
"28635",5,9,"conf_358",1500,173,73.935510069,4,5
"28636",5,9,"conf_358",2500,173,23.0461188131,4,5
"28637",5,9,"conf_358",5000,173,5.319105054,4,5
"28638",5,9,"conf_358",7500,173,2.7165704924,4,5
"28639",5,9,"conf_358",250,174,182.2887889783,4,5
"28640",5,9,"conf_358",500,174,134.8013752506,4,5
"28641",5,9,"conf_358",1500,174,54.0897591427,4,5
"28642",5,9,"conf_358",2500,174,9.6409284244,4,5
"28643",5,9,"conf_358",5000,174,4.0720616313,4,5
"28644",5,9,"conf_358",7500,174,1.517112859,4,5
"28645",5,9,"conf_358",250,175,1088.2622638482,4,5
"28646",5,9,"conf_358",500,175,264.5888358393,4,5
"28647",5,9,"conf_358",1500,175,43.7690292367,4,5
"28648",5,9,"conf_358",2500,175,13.1958098522,4,5
"28649",5,9,"conf_358",5000,175,3.6207193421,4,5
"28650",5,9,"conf_358",7500,175,2.3042306842,4,5
"28651",5,9,"conf_358",250,176,867.6482275592,4,5
"28652",5,9,"conf_358",500,176,719.0627662593,4,5
"28653",5,9,"conf_358",1500,176,77.8534517724,4,5
"28654",5,9,"conf_358",2500,176,11.9867864767,4,5
"28655",5,9,"conf_358",5000,176,5.2484539072,4,5
"28656",5,9,"conf_358",7500,176,2.4184514166,4,5
"28657",5,9,"conf_358",250,177,357.2242646143,4,5
"28658",5,9,"conf_358",500,177,357.2242646143,4,5
"28659",5,9,"conf_358",1500,177,17.9091258619,4,5
"28660",5,9,"conf_358",2500,177,7.1309556702,4,5
"28661",5,9,"conf_358",5000,177,4.024980789,4,5
"28662",5,9,"conf_358",7500,177,0.5870819749,4,5
"28663",5,9,"conf_358",250,178,176.5944911832,4,5
"28664",5,9,"conf_358",500,178,176.5944911832,4,5
"28665",5,9,"conf_358",1500,178,40.8968197985,4,5
"28666",5,9,"conf_358",2500,178,19.2098600014,4,5
"28667",5,9,"conf_358",5000,178,1.6320384211,4,5
"28668",5,9,"conf_358",7500,178,1.3656143293,4,5
"28669",5,9,"conf_358",250,179,996.8891558118,4,5
"28670",5,9,"conf_358",500,179,996.8891558118,4,5
"28671",5,9,"conf_358",1500,179,101.9849966177,4,5
"28672",5,9,"conf_358",2500,179,19.5182438812,4,5
"28673",5,9,"conf_358",5000,179,3.1216565224,4,5
"28674",5,9,"conf_358",7500,179,1.8559053334,4,5
"28675",5,9,"conf_358",250,180,634.1728396173,4,5
"28676",5,9,"conf_358",500,180,634.1728396173,4,5
"28677",5,9,"conf_358",1500,180,68.4682923893,4,5
"28678",5,9,"conf_358",2500,180,61.9904400628,4,5
"28679",5,9,"conf_358",5000,180,24.7847358267,4,5
"28680",5,9,"conf_358",7500,180,17.7099344971,4,5
"28681",5,9,"conf_358",250,181,238.969757313,4,5
"28682",5,9,"conf_358",500,181,238.969757313,4,5
"28683",5,9,"conf_358",1500,181,35.4924060365,4,5
"28684",5,9,"conf_358",2500,181,20.3232515207,4,5
"28685",5,9,"conf_358",5000,181,5.0140414939,4,5
"28686",5,9,"conf_358",7500,181,2.5291373681,4,5
"28687",5,9,"conf_358",250,182,762.7066078072,4,5
"28688",5,9,"conf_358",500,182,368.7787280199,4,5
"28689",5,9,"conf_358",1500,182,76.6596534497,4,5
"28690",5,9,"conf_358",2500,182,25.8979326413,4,5
"28691",5,9,"conf_358",5000,182,8.5767125192,4,5
"28692",5,9,"conf_358",7500,182,8.5767125192,4,5
"28693",5,9,"conf_358",250,183,389.4610263803,4,5
"28694",5,9,"conf_358",500,183,344.1494003648,4,5
"28695",5,9,"conf_358",1500,183,63.0220373283,4,5
"28696",5,9,"conf_358",2500,183,37.2059380173,4,5
"28697",5,9,"conf_358",5000,183,7.9062587903,4,5
"28698",5,9,"conf_358",7500,183,1.8663075483,4,5
"28699",5,9,"conf_358",250,184,504.2946142066,4,5
"28700",5,9,"conf_358",500,184,339.9222578368,4,5
"28701",5,9,"conf_358",1500,184,18.0873350478,4,5
"28702",5,9,"conf_358",2500,184,18.0873350478,4,5
"28703",5,9,"conf_358",5000,184,6.4511856651,4,5
"28704",5,9,"conf_358",7500,184,3.7818135072,4,5
"28705",5,9,"conf_358",250,185,399.649598761,4,5
"28706",5,9,"conf_358",500,185,325.4600550315,4,5
"28707",5,9,"conf_358",1500,185,62.647531491,4,5
"28708",5,9,"conf_358",2500,185,29.2576336175,4,5
"28709",5,9,"conf_358",5000,185,6.5285810527,4,5
"28710",5,9,"conf_358",7500,185,3.8445307677,4,5
"28711",5,9,"conf_358",250,186,473.4758075964,4,5
"28712",5,9,"conf_358",500,186,164.025974775,4,5
"28713",5,9,"conf_358",1500,186,127.426599962,4,5
"28714",5,9,"conf_358",2500,186,11.956976622,4,5
"28715",5,9,"conf_358",5000,186,4.1802244051,4,5
"28716",5,9,"conf_358",7500,186,2.8633687175,4,5
"28717",5,9,"conf_358",250,187,155.7280034098,4,5
"28718",5,9,"conf_358",500,187,140.2202889383,4,5
"28719",5,9,"conf_358",1500,187,12.7435702988,4,5
"28720",5,9,"conf_358",2500,187,12.7435702988,4,5
"28721",5,9,"conf_358",5000,187,3.6016502085,4,5
"28722",5,9,"conf_358",7500,187,2.1203285381,4,5
"28723",5,9,"conf_358",250,188,743.1342456189,4,5
"28724",5,9,"conf_358",500,188,743.1342456189,4,5
"28725",5,9,"conf_358",1500,188,42.7386329663,4,5
"28726",5,9,"conf_358",2500,188,11.7649424581,4,5
"28727",5,9,"conf_358",5000,188,3.8654501296,4,5
"28728",5,9,"conf_358",7500,188,1.6534390823,4,5
"28729",5,9,"conf_358",250,189,152.2844956736,4,5
"28730",5,9,"conf_358",500,189,152.2844956736,4,5
"28731",5,9,"conf_358",1500,189,47.7599906597,4,5
"28732",5,9,"conf_358",2500,189,32.579708078,4,5
"28733",5,9,"conf_358",5000,189,8.9790035102,4,5
"28734",5,9,"conf_358",7500,189,2.0315506316,4,5
"28735",5,9,"conf_358",250,190,647.4234430921,4,5
"28736",5,9,"conf_358",500,190,418.0155624604,4,5
"28737",5,9,"conf_358",1500,190,34.5820641116,4,5
"28738",5,9,"conf_358",2500,190,8.6479576565,4,5
"28739",5,9,"conf_358",5000,190,3.9032830486,4,5
"28740",5,9,"conf_358",7500,190,0.8073901065,4,5
"28741",5,9,"conf_358",250,191,935.6754694431,4,5
"28742",5,9,"conf_358",500,191,326.2721904675,4,5
"28743",5,9,"conf_358",1500,191,118.8216948772,4,5
"28744",5,9,"conf_358",2500,191,22.5622079798,4,5
"28745",5,9,"conf_358",5000,191,7.0189228664,4,5
"28746",5,9,"conf_358",7500,191,2.8524400017,4,5
"28747",5,9,"conf_358",250,192,141.4135986834,4,5
"28748",5,9,"conf_358",500,192,141.4135986834,4,5
"28749",5,9,"conf_358",1500,192,72.3257543916,4,5
"28750",5,9,"conf_358",2500,192,8.5074375979,4,5
"28751",5,9,"conf_358",5000,192,4.474231854,4,5
"28752",5,9,"conf_358",7500,192,2.5004360557,4,5
"28753",5,9,"conf_358",250,193,771.8884602635,4,5
"28754",5,9,"conf_358",500,193,247.3033283299,4,5
"28755",5,9,"conf_358",1500,193,57.6153423075,4,5
"28756",5,9,"conf_358",2500,193,26.7938132858,4,5
"28757",5,9,"conf_358",5000,193,3.8826634439,4,5
"28758",5,9,"conf_358",7500,193,1.7072062306,4,5
"28759",5,9,"conf_358",250,194,104.257753347,4,5
"28760",5,9,"conf_358",500,194,104.257753347,4,5
"28761",5,9,"conf_358",1500,194,44.8105915065,4,5
"28762",5,9,"conf_358",2500,194,22.1457764855,4,5
"28763",5,9,"conf_358",5000,194,4.585543832,4,5
"28764",5,9,"conf_358",7500,194,1.8069761692,4,5
"28765",5,9,"conf_358",250,195,925.2756881862,4,5
"28766",5,9,"conf_358",500,195,737.4959716994,4,5
"28767",5,9,"conf_358",1500,195,188.722842484,4,5
"28768",5,9,"conf_358",2500,195,11.0390995843,4,5
"28769",5,9,"conf_358",5000,195,8.2570871077,4,5
"28770",5,9,"conf_358",7500,195,3.3717322119,4,5
"28771",5,9,"conf_358",250,196,112.8505997737,4,5
"28772",5,9,"conf_358",500,196,112.8505997737,4,5
"28773",5,9,"conf_358",1500,196,40.2543473917,4,5
"28774",5,9,"conf_358",2500,196,23.9755173077,4,5
"28775",5,9,"conf_358",5000,196,3.8776743528,4,5
"28776",5,9,"conf_358",7500,196,2.5144649579,4,5
"28777",5,9,"conf_358",250,197,443.2051943044,4,5
"28778",5,9,"conf_358",500,197,443.2051943044,4,5
"28779",5,9,"conf_358",1500,197,106.1314017199,4,5
"28780",5,9,"conf_358",2500,197,46.0908480201,4,5
"28781",5,9,"conf_358",5000,197,16.6062735489,4,5
"28782",5,9,"conf_358",7500,197,13.8362376996,4,5
"28783",5,9,"conf_358",250,198,525.4183916856,4,5
"28784",5,9,"conf_358",500,198,336.4101035784,4,5
"28785",5,9,"conf_358",1500,198,143.124227593,4,5
"28786",5,9,"conf_358",2500,198,25.2675426737,4,5
"28787",5,9,"conf_358",5000,198,8.857343658,4,5
"28788",5,9,"conf_358",7500,198,5.1859508124,4,5
"28789",5,9,"conf_358",250,199,782.6309062287,4,5
"28790",5,9,"conf_358",500,199,218.074653954,4,5
"28791",5,9,"conf_358",1500,199,92.7279376589,4,5
"28792",5,9,"conf_358",2500,199,39.6400809325,4,5
"28793",5,9,"conf_358",5000,199,12.2489108113,4,5
"28794",5,9,"conf_358",7500,199,4.6970605381,4,5
"28795",5,9,"conf_358",250,200,173.3351136039,4,5
"28796",5,9,"conf_358",500,200,173.3351136039,4,5
"28797",5,9,"conf_358",1500,200,95.4164487999,4,5
"28798",5,9,"conf_358",2500,200,16.5396713923,4,5
"28799",5,9,"conf_358",5000,200,3.4461054323,4,5
"28800",5,9,"conf_358",7500,200,2.2067012028,4,5
